 -1.0000000e+000  1.0000000e+000
 -1.0000000e+000  1.0000000e+000
 -1.0000000e+000  1.0000000e+000
 -1.0000000e+000  1.0000000e+000
 -1.0000000e+000  1.0000000e+000
 -1.0000000e+000  1.0000000e+000
 -1.0000000e+000  1.0000000e+000
 -1.0000000e+000  1.0000000e+000
 -1.0000000e+000  1.0000000e+000
 -1.0000000e+000  1.0000000e+000
 -1.0000000e+000  1.0000000e+000
 -1.0000000e+000  1.0000000e+000
 -1.0000000e+000  1.0000000e+000
 -1.0000000e+000  1.0000000e+000
 -1.0000000e+000  1.0000000e+000
 -1.0000000e+000  1.0000000e+000
 -1.0000000e+000  1.0000000e+000
 -1.0000000e+000  1.0000000e+000
 -1.0000000e+000  1.0000000e+000
 -1.0000000e+000  1.0000000e+000
 -1.0000000e+000  1.0000000e+000
 -1.0000000e+000  1.0000000e+000
 -1.0000000e+000  1.0000000e+000
 -1.0000000e+000  1.0000000e+000
 -1.0000000e+000  1.0000000e+000
 -1.0000000e+000  1.0000000e+000
 -1.0000000e+000  1.0000000e+000
 -1.0000000e+000  1.0000000e+000
 -1.0000000e+000  1.0000000e+000
 -1.0000000e+000  1.0000000e+000
 -1.0000000e+000  1.0000000e+000
 -1.0000000e+000  1.0000000e+000
 -1.0000000e+000  1.0000000e+000
 -1.0000000e+000  1.0000000e+000
 -1.0000000e+000  1.0000000e+000
 -1.0000000e+000  1.0000000e+000
 -1.0000000e+000  1.0000000e+000
 -1.0000000e+000  1.0000000e+000
 -1.0000000e+000  1.0000000e+000
 -1.0000000e+000  1.0000000e+000
 -1.0000000e+000  1.0000000e+000
 -1.0000000e+000  1.0000000e+000
 -1.0000000e+000  1.0000000e+000
 -1.0000000e+000  1.0000000e+000
 -1.0000000e+000  1.0000000e+000
 -1.0000000e+000  1.0000000e+000
 -1.0000000e+000  1.0000000e+000
 -1.0000000e+000  1.0000000e+000
 -1.0000000e+000  1.0000000e+000
 -1.0000000e+000  1.0000000e+000
 -1.0000000e+000  1.0000000e+000
 -1.0000000e+000  1.0000000e+000
 -1.0000000e+000  1.0000000e+000
 -1.0000000e+000  1.0000000e+000
 -1.0000000e+000  1.0000000e+000
 -1.0000000e+000  1.0000000e+000
 -1.0000000e+000  1.0000000e+000
 -1.0000000e+000  1.0000000e+000
 -1.0000000e+000  1.0000000e+000
 -1.0000000e+000  1.0000000e+000
 -1.0000000e+000  1.0000000e+000
 -1.0000000e+000  1.0000000e+000
 -1.0000000e+000  1.0000000e+000
 -1.0000000e+000  1.0000000e+000
 -1.0000000e+000  1.0000000e+000
 -1.0000000e+000  1.0000000e+000
 -1.0000000e+000  1.0000000e+000
 -1.0000000e+000  1.0000000e+000
 -1.0000000e+000  1.0000000e+000
 -1.0000000e+000  1.0000000e+000
 -1.0000000e+000  1.0000000e+000
 -1.0000000e+000  1.0000000e+000
 -1.0000000e+000  1.0000000e+000
 -1.0000000e+000  1.0000000e+000
 -1.0000000e+000  1.0000000e+000
 -1.0000000e+000  1.0000000e+000
 -1.0000000e+000  1.0000000e+000
 -1.0000000e+000  1.0000000e+000
 -1.0000000e+000  1.0000000e+000
 -1.0000000e+000  1.0000000e+000
 -1.0000000e+000  1.0000000e+000
 -1.0000000e+000  1.0000000e+000
 -1.0000000e+000  1.0000000e+000
 -1.0000000e+000  1.0000000e+000
 -1.0000000e+000  1.0000000e+000
 -1.0000000e+000  1.0000000e+000
 -1.0000000e+000  1.0000000e+000
 -1.0000000e+000  1.0000000e+000
 -1.0000000e+000  1.0000000e+000
 -1.0000000e+000  1.0000000e+000
 -1.0000000e+000  1.0000000e+000
 -1.0000000e+000  1.0000000e+000
 -1.0000000e+000  1.0000000e+000
 -1.0000000e+000  1.0000000e+000
 -1.0000000e+000  1.0000000e+000
 -1.0000000e+000  1.0000000e+000
 -1.0000000e+000  1.0000000e+000
 -1.0000000e+000  1.0000000e+000
 -1.0000000e+000  1.0000000e+000
 -1.0000000e+000  1.0000000e+000
 -1.0000000e+000  1.0000000e+000
 -1.0000000e+000  1.0000000e+000
 -1.0000000e+000  1.0000000e+000
 -1.0000000e+000  1.0000000e+000
 -1.0000000e+000  1.0000000e+000
 -1.0000000e+000  1.0000000e+000
 -1.0000000e+000  1.0000000e+000
 -1.0000000e+000  1.0000000e+000
 -1.0000000e+000  1.0000000e+000
 -1.0000000e+000  1.0000000e+000
 -1.0000000e+000  1.0000000e+000
 -1.0000000e+000  1.0000000e+000
 -1.0000000e+000  1.0000000e+000
 -1.0000000e+000  1.0000000e+000
 -1.0000000e+000  1.0000000e+000
 -1.0000000e+000  1.0000000e+000
 -1.0000000e+000  1.0000000e+000
 -1.0000000e+000  1.0000000e+000
 -1.0000000e+000  1.0000000e+000
 -1.0000000e+000  1.0000000e+000
 -1.0000000e+000  1.0000000e+000
 -1.0000000e+000  1.0000000e+000
 -1.0000000e+000  1.0000000e+000
 -1.0000000e+000  1.0000000e+000
 -1.0000000e+000  1.0000000e+000
 -1.0000000e+000  1.0000000e+000
 -1.0000000e+000  1.0000000e+000
 -1.0000000e+000  1.0000000e+000
 -1.0000000e+000  1.0000000e+000
 -1.0000000e+000  1.0000000e+000
 -1.0000000e+000  1.0000000e+000
 -1.0000000e+000  1.0000000e+000
 -1.0000000e+000  1.0000000e+000
 -1.0000000e+000  1.0000000e+000
 -1.0000000e+000  1.0000000e+000
 -1.0000000e+000  1.0000000e+000
 -1.0000000e+000  1.0000000e+000
 -1.0000000e+000  1.0000000e+000
 -1.0000000e+000  1.0000000e+000
 -1.0000000e+000  1.0000000e+000
 -1.0000000e+000  1.0000000e+000
 -1.0000000e+000  1.0000000e+000
 -1.0004191e+000  1.0004191e+000
 -1.0027265e+000  1.0027265e+000
 -1.0044168e+000  1.0044168e+000
 -1.0043866e+000  1.0043866e+000
 -1.0043566e+000  1.0043566e+000
 -1.0043271e+000  1.0043271e+000
 -1.0042980e+000  1.0042980e+000
 -1.0042693e+000  1.0042693e+000
 -1.0042409e+000  1.0042409e+000
 -1.0042129e+000  1.0042129e+000
 -1.0041854e+000  1.0041854e+000
 -1.0041581e+000  1.0041581e+000
 -1.0041312e+000  1.0041312e+000
 -1.0041046e+000  1.0041046e+000
 -1.0040785e+000  1.0040785e+000
 -1.0040525e+000  1.0040525e+000
 -1.0040271e+000  1.0040271e+000
 -1.0040017e+000  1.0040017e+000
 -1.0039769e+000  1.0039769e+000
 -1.0039522e+000  1.0039522e+000
 -1.0039280e+000  1.0039280e+000
 -1.0039039e+000  1.0039039e+000
 -1.0038803e+000  1.0038803e+000
 -1.0042247e+000  1.0042247e+000
 -1.0061998e+000  1.0061998e+000
 -1.0076361e+000  1.0076361e+000
 -1.0075908e+000  1.0075908e+000
 -1.0075459e+000  1.0075459e+000
 -1.0075017e+000  1.0075017e+000
 -1.0082912e+000  1.0082912e+000
 -1.0101663e+000  1.0101663e+000
 -1.0110376e+000  1.0110376e+000
 -1.0109744e+000  1.0109744e+000
 -1.0109119e+000  1.0109119e+000
 -1.0108501e+000  1.0108501e+000
 -1.0120790e+000  1.0120790e+000
 -1.0139028e+000  1.0139028e+000
 -1.0142632e+000  1.0142632e+000
 -1.0141837e+000  1.0141837e+000
 -1.0141057e+000  1.0141057e+000
 -1.0140279e+000  1.0140279e+000
 -1.0139517e+000  1.0139517e+000
 -1.0138756e+000  1.0138756e+000
 -1.0138010e+000  1.0138010e+000
 -1.0137265e+000  1.0137265e+000
 -1.0136535e+000  1.0136535e+000
 -1.0139084e+000  1.0139084e+000
 -1.0155930e+000  1.0155930e+000
 -1.0168001e+000  1.0168001e+000
 -1.0167124e+000  1.0167124e+000
 -1.0160150e+000  1.0160150e+000
 -1.0142065e+000  1.0142065e+000
 -1.0139062e+000  1.0139062e+000
 -1.0155439e+000  1.0155439e+000
 -1.0162863e+000  1.0162863e+000
 -1.0162036e+000  1.0162036e+000
 -1.0161219e+000  1.0161219e+000
 -1.0160408e+000  1.0160408e+000
 -1.0159608e+000  1.0159608e+000
 -1.0158812e+000  1.0158812e+000
 -1.0170601e+000  1.0170601e+000
 -1.0186136e+000  1.0186136e+000
 -1.0173648e+000  1.0173648e+000
 -1.0156437e+000  1.0156437e+000
 -1.0169831e+000  1.0169831e+000
 -1.0184885e+000  1.0184885e+000
 -1.0184001e+000  1.0184001e+000
 -1.0184799e+000  1.0184799e+000
 -1.0199830e+000  1.0199830e+000
 -1.0211843e+000  1.0211843e+000
 -1.0210847e+000  1.0210847e+000
 -1.0209855e+000  1.0209855e+000
 -1.0208877e+000  1.0208877e+000
 -1.0207904e+000  1.0207904e+000
 -1.0206943e+000  1.0206943e+000
 -1.0212694e+000  1.0212694e+000
 -1.0227007e+000  1.0227007e+000
 -1.0233279e+000  1.0233279e+000
 -1.0232219e+000  1.0232219e+000
 -1.0231169e+000  1.0231169e+000
 -1.0230127e+000  1.0230127e+000
 -1.0229097e+000  1.0229097e+000
 -1.0228072e+000  1.0228072e+000
 -1.0227061e+000  1.0227061e+000
 -1.0226054e+000  1.0226054e+000
 -1.0237520e+000  1.0237520e+000
 -1.0251073e+000  1.0251073e+000
 -1.0250841e+000  1.0250841e+000
 -1.0250104e+000  1.0250104e+000
 -1.0263472e+000  1.0263472e+000
 -1.0275281e+000  1.0275281e+000
 -1.0274103e+000  1.0274103e+000
 -1.0272929e+000  1.0272929e+000
 -1.0271771e+000  1.0271771e+000
 -1.0274475e+000  1.0274475e+000
 -1.0287359e+000  1.0287359e+000
 -1.0295186e+000  1.0295186e+000
 -1.0293952e+000  1.0293952e+000
 -1.0298844e+000  1.0298844e+000
 -1.0311469e+000  1.0311469e+000
 -1.0316774e+000  1.0316774e+000
 -1.0315470e+000  1.0315470e+000
 -1.0314178e+000  1.0314178e+000
 -1.0312894e+000  1.0312894e+000
 -1.0311624e+000  1.0311624e+000
 -1.0310360e+000  1.0310360e+000
 -1.0319468e+000  1.0319468e+000
 -1.0331575e+000  1.0331575e+000
 -1.0332128e+000  1.0332128e+000
 -1.0330801e+000  1.0330801e+000
 -1.0341920e+000  1.0341920e+000
 -1.0353436e+000  1.0353436e+000
 -1.0352049e+000  1.0352049e+000
 -1.0350665e+000  1.0350665e+000
 -1.0349299e+000  1.0349299e+000
 -1.0347937e+000  1.0347937e+000
 -1.0346592e+000  1.0346592e+000
 -1.0345252e+000  1.0345252e+000
 -1.0343926e+000  1.0343926e+000
 -1.0342607e+000  1.0342607e+000
 -1.0341301e+000  1.0341301e+000
 -1.0340002e+000  1.0340002e+000
 -1.0338715e+000  1.0338715e+000
 -1.0337437e+000  1.0337437e+000
 -1.0336168e+000  1.0336168e+000
 -1.0350093e+000  1.0350093e+000
 -1.0373698e+000  1.0373698e+000
 -1.0379918e+000  1.0379918e+000
 -1.0378508e+000  1.0378508e+000
 -1.0377114e+000  1.0377114e+000
 -1.0375725e+000  1.0375725e+000
 -1.0374352e+000  1.0374352e+000
 -1.0372982e+000  1.0372982e+000
 -1.0383052e+000  1.0383052e+000
 -1.0393425e+000  1.0393425e+000
 -1.0392009e+000  1.0392009e+000
 -1.0391937e+000  1.0391937e+000
 -1.0402398e+000  1.0402398e+000
 -1.0410522e+000  1.0410522e+000
 -1.0409064e+000  1.0409064e+000
 -1.0410917e+000  1.0410917e+000
 -1.0421280e+000  1.0421280e+000
 -1.0427334e+000  1.0427334e+000
 -1.0425836e+000  1.0425836e+000
 -1.0429497e+000  1.0429497e+000
 -1.0439541e+000  1.0439541e+000
 -1.0443441e+000  1.0443441e+000
 -1.0441907e+000  1.0441907e+000
 -1.0440384e+000  1.0440384e+000
 -1.0438870e+000  1.0438870e+000
 -1.0437370e+000  1.0437370e+000
 -1.0435875e+000  1.0435875e+000
 -1.0434396e+000  1.0434396e+000
 -1.0432920e+000  1.0432920e+000
 -1.0431462e+000  1.0431462e+000
 -1.0430006e+000  1.0430006e+000
 -1.0428567e+000  1.0428567e+000
 -1.0427486e+000  1.0427486e+000
 -1.0437164e+000  1.0437164e+000
 -1.0445560e+000  1.0445560e+000
 -1.0444089e+000  1.0444089e+000
 -1.0442621e+000  1.0442621e+000
 -1.0441168e+000  1.0441168e+000
 -1.0439720e+000  1.0439720e+000
 -1.0438285e+000  1.0438285e+000
 -1.0436856e+000  1.0436856e+000
 -1.0435439e+000  1.0435439e+000
 -1.0443666e+000  1.0443666e+000
 -1.0463718e+000  1.0463718e+000
 -1.0466620e+000  1.0466620e+000
 -1.0454498e+000  1.0454498e+000
 -1.0462019e+000  1.0462019e+000
 -1.0481764e+000  1.0481764e+000
 -1.0486607e+000  1.0486607e+000
 -1.0485065e+000  1.0485065e+000
 -1.0483537e+000  1.0483537e+000
 -1.0482014e+000  1.0482014e+000
 -1.0471500e+000  1.0471500e+000
 -1.0459625e+000  1.0459625e+000
 -1.0457688e+000  1.0457688e+000
 -1.0456617e+000  1.0456617e+000
 -1.0465458e+000  1.0465458e+000
 -1.0473097e+000  1.0473097e+000
 -1.0471702e+000  1.0471702e+000
 -1.0472344e+000  1.0472344e+000
 -1.0481059e+000  1.0481059e+000
 -1.0486872e+000  1.0486872e+000
 -1.0485393e+000  1.0485393e+000
 -1.0480218e+000  1.0480218e+000
 -1.0468720e+000  1.0468720e+000
 -1.0466311e+000  1.0466311e+000
 -1.0474902e+000  1.0474902e+000
 -1.0483450e+000  1.0483450e+000
 -1.0491961e+000  1.0491961e+000
 -1.0494294e+000  1.0494294e+000
 -1.0492826e+000  1.0492826e+000
 -1.0491370e+000  1.0491370e+000
 -1.0489918e+000  1.0489918e+000
 -1.0496175e+000  1.0496175e+000
 -1.0504531e+000  1.0504531e+000
 -1.0504336e+000  1.0504336e+000
 -1.0502862e+000  1.0502862e+000
 -1.0501403e+000  1.0501403e+000
 -1.0499590e+000  1.0499590e+000
 -1.0488517e+000  1.0488517e+000
 -1.0479771e+000  1.0479771e+000
 -1.0487919e+000  1.0487919e+000
 -1.0496067e+000  1.0496067e+000
 -1.0504194e+000  1.0504194e+000
 -1.0509571e+000  1.0509571e+000
 -1.0508124e+000  1.0508124e+000
 -1.0510172e+000  1.0510172e+000
 -1.0518143e+000  1.0518143e+000
 -1.0521825e+000  1.0521825e+000
 -1.0520359e+000  1.0520359e+000
 -1.0518902e+000  1.0518902e+000
 -1.0517452e+000  1.0517452e+000
 -1.0516012e+000  1.0516012e+000
 -1.0514577e+000  1.0514577e+000
 -1.0513153e+000  1.0513153e+000
 -1.0511734e+000  1.0511734e+000
 -1.0510326e+000  1.0510326e+000
 -1.0508922e+000  1.0508922e+000
 -1.0523407e+000  1.0523407e+000
 -1.0540241e+000  1.0540241e+000
 -1.0539525e+000  1.0539525e+000
 -1.0538464e+000  1.0538464e+000
 -1.0546019e+000  1.0546019e+000
 -1.0552466e+000  1.0552466e+000
 -1.0550980e+000  1.0550980e+000
 -1.0549496e+000  1.0549496e+000
 -1.0548025e+000  1.0548025e+000
 -1.0546569e+000  1.0546569e+000
 -1.0545148e+000  1.0545148e+000
 -1.0546938e+000  1.0546938e+000
 -1.0554297e+000  1.0554297e+000
 -1.0557622e+000  1.0557622e+000
 -1.0556151e+000  1.0556151e+000
 -1.0554687e+000  1.0554687e+000
 -1.0553231e+000  1.0553231e+000
 -1.0557225e+000  1.0557225e+000
 -1.0564503e+000  1.0564503e+000
 -1.0565600e+000  1.0565600e+000
 -1.0564128e+000  1.0564128e+000
 -1.0569480e+000  1.0569480e+000
 -1.0576636e+000  1.0576636e+000
 -1.0576234e+000  1.0576234e+000
 -1.0574749e+000  1.0574749e+000
 -1.0573278e+000  1.0573278e+000
 -1.0572158e+000  1.0572158e+000
 -1.0579163e+000  1.0579163e+000
 -1.0585105e+000  1.0585105e+000
 -1.0583622e+000  1.0583622e+000
 -1.0583904e+000  1.0583904e+000
 -1.0590863e+000  1.0590863e+000
 -1.0595351e+000  1.0595351e+000
 -1.0593857e+000  1.0593857e+000
 -1.0595536e+000  1.0595536e+000
 -1.0602352e+000  1.0602352e+000
 -1.0605344e+000  1.0605344e+000
 -1.0603839e+000  1.0603839e+000
 -1.0602340e+000  1.0602340e+000
 -1.0600849e+000  1.0600849e+000
 -1.0599366e+000  1.0599366e+000
 -1.0597889e+000  1.0597889e+000
 -1.0596312e+000  1.0596312e+000
 -1.0594939e+000  1.0594939e+000
 -1.0593505e+000  1.0593505e+000
 -1.0592055e+000  1.0592055e+000
 -1.0597723e+000  1.0597723e+000
 -1.0604390e+000  1.0604390e+000
 -1.0595496e+000  1.0595496e+000
 -1.0587042e+000  1.0587042e+000
 -1.0601569e+000  1.0601569e+000
 -1.0615249e+000  1.0615249e+000
 -1.0621756e+000  1.0621756e+000
 -1.0626573e+000  1.0626573e+000
 -1.0625080e+000  1.0625080e+000
 -1.0623590e+000  1.0623590e+000
 -1.0622110e+000  1.0622110e+000
 -1.0620607e+000  1.0620607e+000
 -1.0619066e+000  1.0619066e+000
 -1.0621317e+000  1.0621317e+000
 -1.0627677e+000  1.0627677e+000
 -1.0634028e+000  1.0634028e+000
 -1.0640375e+000  1.0640375e+000
 -1.0641787e+000  1.0641787e+000
 -1.0640290e+000  1.0640290e+000
 -1.0638814e+000  1.0638814e+000
 -1.0637347e+000  1.0637347e+000
 -1.0635845e+000  1.0635845e+000
 -1.0634375e+000  1.0634375e+000
 -1.0639655e+000  1.0639655e+000
 -1.0645861e+000  1.0645861e+000
 -1.0651991e+000  1.0651991e+000
 -1.0657764e+000  1.0657764e+000
 -1.0656265e+000  1.0656265e+000
 -1.0655700e+000  1.0655700e+000
 -1.0661828e+000  1.0661828e+000
 -1.0666325e+000  1.0666325e+000
 -1.0664819e+000  1.0664819e+000
 -1.0663317e+000  1.0663317e+000
 -1.0661824e+000  1.0661824e+000
 -1.0660336e+000  1.0660336e+000
 -1.0658856e+000  1.0658856e+000
 -1.0660816e+000  1.0660816e+000
 -1.0666755e+000  1.0666755e+000
 -1.0672686e+000  1.0672686e+000
 -1.0678611e+000  1.0678611e+000
 -1.0684511e+000  1.0684511e+000
 -1.0690395e+000  1.0690395e+000
 -1.0690982e+000  1.0690982e+000
 -1.0689458e+000  1.0689458e+000
 -1.0687769e+000  1.0687769e+000
 -1.0686416e+000  1.0686416e+000
 -1.0684934e+000  1.0684934e+000
 -1.0683436e+000  1.0683436e+000
 -1.0681950e+000  1.0681950e+000
 -1.0681175e+000  1.0681175e+000
 -1.0694112e+000  1.0694112e+000
 -1.0705125e+000  1.0705125e+000
 -1.0703505e+000  1.0703505e+000
 -1.0702100e+000  1.0702100e+000
 -1.0700592e+000  1.0700592e+000
 -1.0699087e+000  1.0699087e+000
 -1.0697591e+000  1.0697591e+000
 -1.0698829e+000  1.0698829e+000
 -1.0704463e+000  1.0704463e+000
 -1.0706760e+000  1.0706760e+000
 -1.0705249e+000  1.0705249e+000
 -1.0703771e+000  1.0703771e+000
 -1.0702282e+000  1.0702282e+000
 -1.0709679e+000  1.0709679e+000
 -1.0722214e+000  1.0722214e+000
 -1.0729689e+000  1.0729689e+000
 -1.0735172e+000  1.0735172e+000
 -1.0735018e+000  1.0735018e+000
 -1.0733466e+000  1.0733466e+000
 -1.0731968e+000  1.0731968e+000
 -1.0730444e+000  1.0730444e+000
 -1.0728930e+000  1.0728930e+000
 -1.0727775e+000  1.0727775e+000
 -1.0733149e+000  1.0733149e+000
 -1.0738519e+000  1.0738519e+000
 -1.0743859e+000  1.0743859e+000
 -1.0747645e+000  1.0747645e+000
 -1.0746144e+000  1.0746144e+000
 -1.0744639e+000  1.0744639e+000
 -1.0743120e+000  1.0743120e+000
 -1.0744214e+000  1.0744214e+000
 -1.0749467e+000  1.0749467e+000
 -1.0751540e+000  1.0751540e+000
 -1.0750019e+000  1.0750019e+000
 -1.0752182e+000  1.0752182e+000
 -1.0757413e+000  1.0757413e+000
 -1.0758346e+000  1.0758346e+000
 -1.0756821e+000  1.0756821e+000
 -1.0760110e+000  1.0760110e+000
 -1.0765270e+000  1.0765270e+000
 -1.0765058e+000  1.0765058e+000
 -1.0763531e+000  1.0763531e+000
 -1.0761963e+000  1.0761963e+000
 -1.0760499e+000  1.0760499e+000
 -1.0771775e+000  1.0771775e+000
 -1.0782730e+000  1.0782730e+000
 -1.0781188e+000  1.0781188e+000
 -1.0779649e+000  1.0779649e+000
 -1.0778120e+000  1.0778120e+000
 -1.0777999e+000  1.0777999e+000
 -1.0782842e+000  1.0782842e+000
 -1.0790002e+000  1.0790002e+000
 -1.0801442e+000  1.0801442e+000
 -1.0807834e+000  1.0807834e+000
 -1.0806266e+000  1.0806266e+000
 -1.0804704e+000  1.0804704e+000
 -1.0803147e+000  1.0803147e+000
 -1.0801597e+000  1.0801597e+000
 -1.0800052e+000  1.0800052e+000
 -1.0798514e+000  1.0798514e+000
 -1.0796980e+000  1.0796980e+000
 -1.0804658e+000  1.0804658e+000
 -1.0815880e+000  1.0815880e+000
 -1.0821917e+000  1.0821917e+000
 -1.0826708e+000  1.0826708e+000
 -1.0825838e+000  1.0825838e+000
 -1.0824265e+000  1.0824265e+000
 -1.0822713e+000  1.0822713e+000
 -1.0821155e+000  1.0821155e+000
 -1.0819608e+000  1.0819608e+000
 -1.0818063e+000  1.0818063e+000
 -1.0816527e+000  1.0816527e+000
 -1.0816390e+000  1.0816390e+000
 -1.0821106e+000  1.0821106e+000
 -1.0825779e+000  1.0825779e+000
 -1.0830465e+000  1.0830465e+000
 -1.0835135e+000  1.0835135e+000
 -1.0839777e+000  1.0839777e+000
 -1.0841478e+000  1.0841478e+000
 -1.0839920e+000  1.0839920e+000
 -1.0841800e+000  1.0841800e+000
 -1.0846405e+000  1.0846405e+000
 -1.0846916e+000  1.0846916e+000
 -1.0845469e+000  1.0845469e+000
 -1.0848368e+000  1.0848368e+000
 -1.0852918e+000  1.0852918e+000
 -1.0852530e+000  1.0852530e+000
 -1.0850971e+000  1.0850971e+000
 -1.0854829e+000  1.0854829e+000
 -1.0859344e+000  1.0859344e+000
 -1.0857882e+000  1.0857882e+000
 -1.0856378e+000  1.0856378e+000
 -1.0854832e+000  1.0854832e+000
 -1.0854144e+000  1.0854144e+000
 -1.0858612e+000  1.0858612e+000
 -1.0863070e+000  1.0863070e+000
 -1.0867495e+000  1.0867495e+000
 -1.0870057e+000  1.0870057e+000
 -1.0868466e+000  1.0868466e+000
 -1.0866961e+000  1.0866961e+000
 -1.0865415e+000  1.0865415e+000
 -1.0863876e+000  1.0863876e+000
 -1.0862341e+000  1.0862341e+000
 -1.0867410e+000  1.0867410e+000
 -1.0877667e+000  1.0877667e+000
 -1.0880271e+000  1.0880271e+000
 -1.0878638e+000  1.0878638e+000
 -1.0881491e+000  1.0881491e+000
 -1.0885815e+000  1.0885815e+000
 -1.0890093e+000  1.0890093e+000
 -1.0894359e+000  1.0894359e+000
 -1.0893413e+000  1.0893413e+000
 -1.0891850e+000  1.0891850e+000
 -1.0895942e+000  1.0895942e+000
 -1.0900536e+000  1.0900536e+000
 -1.0910549e+000  1.0910549e+000
 -1.0918883e+000  1.0918883e+000
 -1.0917295e+000  1.0917295e+000
 -1.0917016e+000  1.0917016e+000
 -1.0921150e+000  1.0921150e+000
 -1.0923498e+000  1.0923498e+000
 -1.0921912e+000  1.0921912e+000
 -1.0924627e+000  1.0924627e+000
 -1.0934570e+000  1.0934570e+000
 -1.0938982e+000  1.0938982e+000
 -1.0937379e+000  1.0937379e+000
 -1.0935783e+000  1.0935783e+000
 -1.0934191e+000  1.0934191e+000
 -1.0936227e+000  1.0936227e+000
 -1.0940249e+000  1.0940249e+000
 -1.0948471e+000  1.0948471e+000
 -1.0958144e+000  1.0958144e+000
 -1.0958635e+000  1.0958635e+000
 -1.0957019e+000  1.0957019e+000
 -1.0960391e+000  1.0960391e+000
 -1.0964334e+000  1.0964334e+000
 -1.0968306e+000  1.0968306e+000
 -1.0971905e+000  1.0971905e+000
 -1.0970042e+000  1.0970042e+000
 -1.0970316e+000  1.0970316e+000
 -1.0979772e+000  1.0979772e+000
 -1.0986669e+000  1.0986669e+000
 -1.0985035e+000  1.0985035e+000
 -1.0985138e+000  1.0985138e+000
 -1.0989029e+000  1.0989029e+000
 -1.0992886e+000  1.0992886e+000
 -1.0996694e+000  1.0996694e+000
 -1.1000532e+000  1.1000532e+000
 -1.1004400e+000  1.1004400e+000
 -1.1008238e+000  1.1008238e+000
 -1.1012056e+000  1.1012056e+000
 -1.1015872e+000  1.1015872e+000
 -1.1019685e+000  1.1019685e+000
 -1.1019484e+000  1.1019484e+000
 -1.1017814e+000  1.1017814e+000
 -1.1029396e+000  1.1029396e+000
 -1.1043959e+000  1.1043959e+000
 -1.1043905e+000  1.1043905e+000
 -1.1042215e+000  1.1042215e+000
 -1.1040538e+000  1.1040538e+000
 -1.1039571e+000  1.1039571e+000
 -1.1048590e+000  1.1048590e+000
 -1.1056763e+000  1.1056763e+000
 -1.1060449e+000  1.1060449e+000
 -1.1062876e+000  1.1062876e+000
 -1.1061180e+000  1.1061180e+000
 -1.1061175e+000  1.1061175e+000
 -1.1064811e+000  1.1064811e+000
 -1.1070539e+000  1.1070539e+000
 -1.1079402e+000  1.1079402e+000
 -1.1082986e+000  1.1082986e+000
 -1.1081382e+000  1.1081382e+000
 -1.1082717e+000  1.1082717e+000
 -1.1086287e+000  1.1086287e+000
 -1.1089810e+000  1.1089810e+000
 -1.1093306e+000  1.1093306e+000
 -1.1096822e+000  1.1096822e+000
 -1.1100345e+000  1.1100345e+000
 -1.1103906e+000  1.1103906e+000
 -1.1107365e+000  1.1107365e+000
 -1.1110803e+000  1.1110803e+000
 -1.1114236e+000  1.1114236e+000
 -1.1117697e+000  1.1117697e+000
 -1.1121155e+000  1.1121155e+000
 -1.1124600e+000  1.1124600e+000
 -1.1128013e+000  1.1128013e+000
 -1.1131258e+000  1.1131258e+000
 -1.1134786e+000  1.1134786e+000
 -1.1138185e+000  1.1138185e+000
 -1.1143204e+000  1.1143204e+000
 -1.1151671e+000  1.1151671e+000
 -1.1156012e+000  1.1156012e+000
 -1.1154243e+000  1.1154243e+000
 -1.1154913e+000  1.1154913e+000
 -1.1158155e+000  1.1158155e+000
 -1.1161601e+000  1.1161601e+000
 -1.1164872e+000  1.1164872e+000
 -1.1168169e+000  1.1168169e+000
 -1.1171478e+000  1.1171478e+000
 -1.1174729e+000  1.1174729e+000
 -1.1177958e+000  1.1177958e+000
 -1.1185353e+000  1.1185353e+000
 -1.1193658e+000  1.1193658e+000
 -1.1192850e+000  1.1192850e+000
 -1.1191052e+000  1.1191052e+000
 -1.1194168e+000  1.1194168e+000
 -1.1197702e+000  1.1197702e+000
 -1.1205917e+000  1.1205917e+000
 -1.1212580e+000  1.1212580e+000
 -1.1210773e+000  1.1210773e+000
 -1.1211258e+000  1.1211258e+000
 -1.1219390e+000  1.1219390e+000
 -1.1225918e+000  1.1225918e+000
 -1.1229064e+000  1.1229064e+000
 -1.1232180e+000  1.1232180e+000
 -1.1235251e+000  1.1235251e+000
 -1.1240752e+000  1.1240752e+000
 -1.1248793e+000  1.1248793e+000
 -1.1253918e+000  1.1253918e+000
 -1.1256972e+000  1.1256972e+000
 -1.1260029e+000  1.1260029e+000
 -1.1263087e+000  1.1263087e+000
 -1.1266136e+000  1.1266136e+000
 -1.1269181e+000  1.1269181e+000
 -1.1272167e+000  1.1272167e+000
 -1.1275137e+000  1.1275137e+000
 -1.1282348e+000  1.1282348e+000
 -1.1290423e+000  1.1290423e+000
 -1.1293400e+000  1.1293400e+000
 -1.1296684e+000  1.1296684e+000
 -1.1304482e+000  1.1304482e+000
 -1.1311507e+000  1.1311507e+000
 -1.1314389e+000  1.1314389e+000
 -1.1317266e+000  1.1317266e+000
 -1.1320144e+000  1.1320144e+000
 -1.1324640e+000  1.1324640e+000
 -1.1332287e+000  1.1332287e+000
 -1.1339913e+000  1.1339913e+000
 -1.1347509e+000  1.1347509e+000
 -1.1352773e+000  1.1352773e+000
 -1.1355622e+000  1.1355622e+000
 -1.1358392e+000  1.1358392e+000
 -1.1361103e+000  1.1361103e+000
 -1.1367191e+000  1.1367191e+000
 -1.1374698e+000  1.1374698e+000
 -1.1382169e+000  1.1382169e+000
 -1.1389627e+000  1.1389627e+000
 -1.1397047e+000  1.1397047e+000
 -1.1404457e+000  1.1404457e+000
 -1.1407625e+000  1.1407625e+000
 -1.1410364e+000  1.1410364e+000
 -1.1413021e+000  1.1413021e+000
 -1.1416034e+000  1.1416034e+000
 -1.1423425e+000  1.1423425e+000
 -1.1429314e+000  1.1429314e+000
 -1.1427321e+000  1.1427321e+000
 -1.1426447e+000  1.1426447e+000
 -1.1429060e+000  1.1429060e+000
 -1.1434501e+000  1.1434501e+000
 -1.1446520e+000  1.1446520e+000
 -1.1454657e+000  1.1454657e+000
 -1.1457210e+000  1.1457210e+000
 -1.1462077e+000  1.1462077e+000
 -1.1469316e+000  1.1469316e+000
 -1.1476487e+000  1.1476487e+000
 -1.1483607e+000  1.1483607e+000
 -1.1490758e+000  1.1490758e+000
 -1.1497819e+000  1.1497819e+000
 -1.1498094e+000  1.1498094e+000
 -1.1496038e+000  1.1496038e+000
 -1.1505306e+000  1.1505306e+000
 -1.1516925e+000  1.1516925e+000
 -1.1520233e+000  1.1520233e+000
 -1.1522731e+000  1.1522731e+000
 -1.1529270e+000  1.1529270e+000
 -1.1536282e+000  1.1536282e+000
 -1.1538749e+000  1.1538749e+000
 -1.1542653e+000  1.1542653e+000
 -1.1554007e+000  1.1554007e+000
 -1.1563168e+000  1.1563168e+000
 -1.1565587e+000  1.1565587e+000
 -1.1569425e+000  1.1569425e+000
 -1.1576157e+000  1.1576157e+000
 -1.1583102e+000  1.1583102e+000
 -1.1589899e+000  1.1589899e+000
 -1.1592264e+000  1.1592264e+000
 -1.1590133e+000  1.1590133e+000
 -1.1595747e+000  1.1595747e+000
 -1.1606973e+000  1.1606973e+000
 -1.1615178e+000  1.1615178e+000
 -1.1621848e+000  1.1621848e+000
 -1.1628571e+000  1.1628571e+000
 -1.1635238e+000  1.1635238e+000
 -1.1641953e+000  1.1641953e+000
 -1.1648675e+000  1.1648675e+000
 -1.1655285e+000  1.1655285e+000
 -1.1661880e+000  1.1661880e+000
 -1.1668450e+000  1.1668450e+000
 -1.1674971e+000  1.1674971e+000
 -1.1681524e+000  1.1681524e+000
 -1.1687354e+000  1.1687354e+000
 -1.1689551e+000  1.1689551e+000
 -1.1692805e+000  1.1692805e+000
 -1.1699281e+000  1.1699281e+000
 -1.1705707e+000  1.1705707e+000
 -1.1712042e+000  1.1712042e+000
 -1.1720052e+000  1.1720052e+000
 -1.1730947e+000  1.1730947e+000
 -1.1739583e+000  1.1739583e+000
 -1.1745948e+000  1.1745948e+000
 -1.1749824e+000  1.1749824e+000
 -1.1751912e+000  1.1751912e+000
 -1.1756887e+000  1.1756887e+000
 -1.1763306e+000  1.1763306e+000
 -1.1766092e+000  1.1766092e+000
 -1.1768284e+000  1.1768284e+000
 -1.1777467e+000  1.1777467e+000
 -1.1788047e+000  1.1788047e+000
 -1.1785000e+000  1.1785000e+000
 -1.1796667e+000  1.1796667e+000
 -1.1808333e+000  1.1808333e+000
 -1.1820000e+000  1.1820000e+000
 -1.1831667e+000  1.1831667e+000
 -1.1843958e+000  1.1843958e+000
 -1.1856250e+000  1.1856250e+000
 -1.1868542e+000  1.1868542e+000
 -1.1880833e+000  1.1880833e+000
 -1.1893125e+000  1.1893125e+000
 -1.1905417e+000  1.1905417e+000
 -1.1917708e+000  1.1917708e+000
 -1.1930000e+000  1.1930000e+000
 -1.1942708e+000  1.1942708e+000
 -1.1955417e+000  1.1955417e+000
 -1.1968125e+000  1.1968125e+000
 -1.1980833e+000  1.1980833e+000
 -1.1993542e+000  1.1993542e+000
 -1.2006250e+000  1.2006250e+000
 -1.2018958e+000  1.2018958e+000
 -1.2031667e+000  1.2031667e+000
 -1.2045000e+000  1.2045000e+000
 -1.2058333e+000  1.2058333e+000
 -1.2071667e+000  1.2071667e+000
 -1.2085000e+000  1.2085000e+000
 -1.2098333e+000  1.2098333e+000
 -1.2111667e+000  1.2111667e+000
 -1.2125000e+000  1.2125000e+000
 -1.2138333e+000  1.2138333e+000
 -1.2152500e+000  1.2152500e+000
 -1.2166667e+000  1.2166667e+000
 -1.2180833e+000  1.2180833e+000
 -1.2195000e+000  1.2195000e+000
 -1.2209167e+000  1.2209167e+000
 -1.2223333e+000  1.2223333e+000
 -1.2237500e+000  1.2237500e+000
 -1.2251667e+000  1.2251667e+000
 -1.2266979e+000  1.2266979e+000
 -1.2282292e+000  1.2282292e+000
 -1.2297604e+000  1.2297604e+000
 -1.2312917e+000  1.2312917e+000
 -1.2328229e+000  1.2328229e+000
 -1.2343542e+000  1.2343542e+000
 -1.2358854e+000  1.2358854e+000
 -1.2374167e+000  1.2374167e+000
 -1.2389583e+000  1.2389583e+000
 -1.2405000e+000  1.2405000e+000
 -1.2420417e+000  1.2420417e+000
 -1.2435833e+000  1.2435833e+000
 -1.2451250e+000  1.2451250e+000
 -1.2466667e+000  1.2466667e+000
 -1.2482083e+000  1.2482083e+000
 -1.2497500e+000  1.2497500e+000
 -1.2514271e+000  1.2514271e+000
 -1.2531042e+000  1.2531042e+000
 -1.2547812e+000  1.2547812e+000
 -1.2564583e+000  1.2564583e+000
 -1.2581354e+000  1.2581354e+000
 -1.2598125e+000  1.2598125e+000
 -1.2614896e+000  1.2614896e+000
 -1.2631667e+000  1.2631667e+000
 -1.2649479e+000  1.2649479e+000
 -1.2667292e+000  1.2667292e+000
 -1.2685104e+000  1.2685104e+000
 -1.2702917e+000  1.2702917e+000
 -1.2720729e+000  1.2720729e+000
 -1.2738542e+000  1.2738542e+000
 -1.2756354e+000  1.2756354e+000
 -1.2774167e+000  1.2774167e+000
 -1.2792812e+000  1.2792812e+000
 -1.2811458e+000  1.2811458e+000
 -1.2830104e+000  1.2830104e+000
 -1.2848750e+000  1.2848750e+000
 -1.2867396e+000  1.2867396e+000
 -1.2886042e+000  1.2886042e+000
 -1.2904688e+000  1.2904688e+000
 -1.2923333e+000  1.2923333e+000
 -1.2943542e+000  1.2943542e+000
 -1.2963750e+000  1.2963750e+000
 -1.2983958e+000  1.2983958e+000
 -1.3004167e+000  1.3004167e+000
 -1.3024375e+000  1.3024375e+000
 -1.3044583e+000  1.3044583e+000
 -1.3064792e+000  1.3064792e+000
 -1.3085000e+000  1.3085000e+000
 -1.3106354e+000  1.3106354e+000
 -1.3127708e+000  1.3127708e+000
 -1.3149063e+000  1.3149063e+000
 -1.3170417e+000  1.3170417e+000
 -1.3191771e+000  1.3191771e+000
 -1.3213125e+000  1.3213125e+000
 -1.3234479e+000  1.3234479e+000
 -1.3255833e+000  1.3255833e+000
 -1.3278854e+000  1.3278854e+000
 -1.3301875e+000  1.3301875e+000
 -1.3324896e+000  1.3324896e+000
 -1.3347917e+000  1.3347917e+000
 -1.3370938e+000  1.3370938e+000
 -1.3393958e+000  1.3393958e+000
 -1.3416979e+000  1.3416979e+000
 -1.3440000e+000  1.3440000e+000
 -1.3464688e+000  1.3464688e+000
 -1.3489375e+000  1.3489375e+000
 -1.3514063e+000  1.3514063e+000
 -1.3538750e+000  1.3538750e+000
 -1.3563438e+000  1.3563438e+000
 -1.3588125e+000  1.3588125e+000
 -1.3612813e+000  1.3612813e+000
 -1.3637500e+000  1.3637500e+000
 -1.3663958e+000  1.3663958e+000
 -1.3690417e+000  1.3690417e+000
 -1.3716875e+000  1.3716875e+000
 -1.3743333e+000  1.3743333e+000
 -1.3769792e+000  1.3769792e+000
 -1.3796250e+000  1.3796250e+000
 -1.3822708e+000  1.3822708e+000
 -1.3849167e+000  1.3849167e+000
 -1.3877917e+000  1.3877917e+000
 -1.3906667e+000  1.3906667e+000
 -1.3935417e+000  1.3935417e+000
 -1.3964167e+000  1.3964167e+000
 -1.3992917e+000  1.3992917e+000
 -1.4021667e+000  1.4021667e+000
 -1.4050417e+000  1.4050417e+000
 -1.4079167e+000  1.4079167e+000
 -1.4110417e+000  1.4110417e+000
 -1.4141667e+000  1.4141667e+000
 -1.4172917e+000  1.4172917e+000
 -1.4204167e+000  1.4204167e+000
 -1.4235417e+000  1.4235417e+000
 -1.4266667e+000  1.4266667e+000
 -1.4297917e+000  1.4297917e+000
 -1.4329167e+000  1.4329167e+000
 -1.4363021e+000  1.4363021e+000
 -1.4396875e+000  1.4396875e+000
 -1.4430729e+000  1.4430729e+000
 -1.4464583e+000  1.4464583e+000
 -1.4498437e+000  1.4498437e+000
 -1.4532292e+000  1.4532292e+000
 -1.4566146e+000  1.4566146e+000
 -1.4600000e+000  1.4600000e+000
 -1.4637083e+000  1.4637083e+000
 -1.4674167e+000  1.4674167e+000
 -1.4711250e+000  1.4711250e+000
 -1.4748333e+000  1.4748333e+000
 -1.4785417e+000  1.4785417e+000
 -1.4822500e+000  1.4822500e+000
 -1.4859583e+000  1.4859583e+000
 -1.4896667e+000  1.4896667e+000
 -1.4937396e+000  1.4937396e+000
 -1.4978125e+000  1.4978125e+000
 -1.5018854e+000  1.5018854e+000
 -1.5059583e+000  1.5059583e+000
 -1.5100312e+000  1.5100312e+000
 -1.5141042e+000  1.5141042e+000
 -1.5181771e+000  1.5181771e+000
 -1.5222500e+000  1.5222500e+000
 -1.5266875e+000  1.5266875e+000
 -1.5311250e+000  1.5311250e+000
 -1.5355625e+000  1.5355625e+000
 -1.5400000e+000  1.5400000e+000
 -1.5444375e+000  1.5444375e+000
 -1.5488750e+000  1.5488750e+000
 -1.5533125e+000  1.5533125e+000
 -1.5577500e+000  1.5577500e+000
 -1.5626771e+000  1.5626771e+000
 -1.5676042e+000  1.5676042e+000
 -1.5725312e+000  1.5725312e+000
 -1.5774583e+000  1.5774583e+000
 -1.5823854e+000  1.5823854e+000
 -1.5873125e+000  1.5873125e+000
 -1.5922396e+000  1.5922396e+000
 -1.5971667e+000  1.5971667e+000
 -1.6025313e+000  1.6025313e+000
 -1.6078958e+000  1.6078958e+000
 -1.6132604e+000  1.6132604e+000
 -1.6186250e+000  1.6186250e+000
 -1.6239896e+000  1.6239896e+000
 -1.6293542e+000  1.6293542e+000
 -1.6347187e+000  1.6347187e+000
 -1.6400833e+000  1.6400833e+000
 -1.6458646e+000  1.6458646e+000
 -1.6516458e+000  1.6516458e+000
 -1.6574271e+000  1.6574271e+000
 -1.6632083e+000  1.6632083e+000
 -1.6689896e+000  1.6689896e+000
 -1.6747708e+000  1.6747708e+000
 -1.6805521e+000  1.6805521e+000
 -1.6863333e+000  1.6863333e+000
 -1.6925521e+000  1.6925521e+000
 -1.6987708e+000  1.6987708e+000
 -1.7049896e+000  1.7049896e+000
 -1.7112083e+000  1.7112083e+000
 -1.7174271e+000  1.7174271e+000
 -1.7236458e+000  1.7236458e+000
 -1.7298646e+000  1.7298646e+000
 -1.7360833e+000  1.7360833e+000
 -1.7424896e+000  1.7424896e+000
 -1.7488958e+000  1.7488958e+000
 -1.7553021e+000  1.7553021e+000
 -1.7617083e+000  1.7617083e+000
 -1.7681146e+000  1.7681146e+000
 -1.7745208e+000  1.7745208e+000
 -1.7809271e+000  1.7809271e+000
 -1.7873333e+000  1.7873333e+000
 -1.7937292e+000  1.7937292e+000
 -1.8001250e+000  1.8001250e+000
 -1.8065208e+000  1.8065208e+000
 -1.8129167e+000  1.8129167e+000
 -1.8193125e+000  1.8193125e+000
 -1.8257083e+000  1.8257083e+000
 -1.8321042e+000  1.8321042e+000
 -1.8385000e+000  1.8385000e+000
 -1.8435000e+000  1.8435000e+000
 -1.8485000e+000  1.8485000e+000
 -1.8535000e+000  1.8535000e+000
 -1.8585000e+000  1.8585000e+000
 -1.8635000e+000  1.8635000e+000
 -1.8685000e+000  1.8685000e+000
 -1.8735000e+000  1.8735000e+000
 -1.8785000e+000  1.8785000e+000
 -1.8849687e+000  1.8849687e+000
 -1.8914375e+000  1.8914375e+000
 -1.8979062e+000  1.8979062e+000
 -1.9043750e+000  1.9043750e+000
 -1.9108438e+000  1.9108438e+000
 -1.9173125e+000  1.9173125e+000
 -1.9237813e+000  1.9237813e+000
 -1.9302500e+000  1.9302500e+000
 -1.9361250e+000  1.9361250e+000
 -1.9420000e+000  1.9420000e+000
 -1.9478750e+000  1.9478750e+000
 -1.9537500e+000  1.9537500e+000
 -1.9596250e+000  1.9596250e+000
 -1.9655000e+000  1.9655000e+000
 -1.9713750e+000  1.9713750e+000
 -1.9772500e+000  1.9772500e+000
 -1.9883854e+000  1.9883854e+000
 -1.9995208e+000  1.9995208e+000
 -2.0000000e+000  2.0000000e+000
 -2.0000000e+000  2.0000000e+000
 -2.0000000e+000  2.0000000e+000
 -2.0000000e+000  2.0000000e+000
 -2.0000000e+000  2.0000000e+000
 -2.0000000e+000  2.0000000e+000
