 -1.0000000e+000  1.0000000e+000
 -1.0000000e+000  1.0000000e+000
 -1.0000000e+000  1.0000000e+000
 -1.0000000e+000  1.0000000e+000
 -1.0000000e+000  1.0000000e+000
 -1.0000000e+000  1.0000000e+000
 -1.0000000e+000  1.0000000e+000
 -1.0000000e+000  1.0000000e+000
 -1.0000000e+000  1.0000000e+000
 -1.0000000e+000  1.0000000e+000
 -1.0000000e+000  1.0000000e+000
 -1.0000000e+000  1.0000000e+000
 -1.0000000e+000  1.0000000e+000
 -1.0000000e+000  1.0000000e+000
 -1.0000000e+000  1.0000000e+000
 -1.0000000e+000  1.0000000e+000
 -1.0000000e+000  1.0000000e+000
 -1.0000000e+000  1.0000000e+000
 -1.0000000e+000  1.0000000e+000
 -1.0000000e+000  1.0000000e+000
 -1.0000000e+000  1.0000000e+000
 -1.0000000e+000  1.0000000e+000
 -1.0000000e+000  1.0000000e+000
 -1.0000000e+000  1.0000000e+000
 -1.0000000e+000  1.0000000e+000
 -1.0000000e+000  1.0000000e+000
 -1.0000000e+000  1.0000000e+000
 -1.0000000e+000  1.0000000e+000
 -1.0000000e+000  1.0000000e+000
 -1.0000000e+000  1.0000000e+000
 -1.0000000e+000  1.0000000e+000
 -1.0000000e+000  1.0000000e+000
 -1.0000000e+000  1.0000000e+000
 -1.0000000e+000  1.0000000e+000
 -1.0000000e+000  1.0000000e+000
 -1.0000000e+000  1.0000000e+000
 -1.0000000e+000  1.0000000e+000
 -1.0000000e+000  1.0000000e+000
 -1.0000000e+000  1.0000000e+000
 -1.0000000e+000  1.0000000e+000
 -1.0000000e+000  1.0000000e+000
 -1.0000000e+000  1.0000000e+000
 -1.0000000e+000  1.0000000e+000
 -1.0000000e+000  1.0000000e+000
 -1.0000000e+000  1.0000000e+000
 -1.0000000e+000  1.0000000e+000
 -1.0000000e+000  1.0000000e+000
 -1.0000000e+000  1.0000000e+000
 -1.0000000e+000  1.0000000e+000
 -1.0000000e+000  1.0000000e+000
 -1.0000000e+000  1.0000000e+000
 -1.0000000e+000  1.0000000e+000
 -1.0000000e+000  1.0000000e+000
 -1.0000000e+000  1.0000000e+000
 -1.0000000e+000  1.0000000e+000
 -1.0000000e+000  1.0000000e+000
 -1.0000000e+000  1.0000000e+000
 -1.0000000e+000  1.0000000e+000
 -1.0000000e+000  1.0000000e+000
 -1.0000000e+000  1.0000000e+000
 -1.0000000e+000  1.0000000e+000
 -1.0000000e+000  1.0000000e+000
 -1.0000000e+000  1.0000000e+000
 -1.0000000e+000  1.0000000e+000
 -1.0000000e+000  1.0000000e+000
 -1.0000000e+000  1.0000000e+000
 -1.0000000e+000  1.0000000e+000
 -1.0000000e+000  1.0000000e+000
 -1.0000000e+000  1.0000000e+000
 -1.0000000e+000  1.0000000e+000
 -1.0000000e+000  1.0000000e+000
 -1.0000000e+000  1.0000000e+000
 -1.0000000e+000  1.0000000e+000
 -1.0000000e+000  1.0000000e+000
 -1.0000000e+000  1.0000000e+000
 -1.0000000e+000  1.0000000e+000
 -1.0000000e+000  1.0000000e+000
 -1.0000000e+000  1.0000000e+000
 -1.0000000e+000  1.0000000e+000
 -1.0000000e+000  1.0000000e+000
 -1.0000000e+000  1.0000000e+000
 -1.0000000e+000  1.0000000e+000
 -1.0000000e+000  1.0000000e+000
 -1.0000000e+000  1.0000000e+000
 -1.0000000e+000  1.0000000e+000
 -1.0000000e+000  1.0000000e+000
 -1.0000000e+000  1.0000000e+000
 -1.0000000e+000  1.0000000e+000
 -1.0000000e+000  1.0000000e+000
 -1.0000000e+000  1.0000000e+000
 -1.0000000e+000  1.0000000e+000
 -1.0000000e+000  1.0000000e+000
 -1.0000000e+000  1.0000000e+000
 -1.0000000e+000  1.0000000e+000
 -1.0000000e+000  1.0000000e+000
 -1.0000000e+000  1.0000000e+000
 -1.0000000e+000  1.0000000e+000
 -1.0000000e+000  1.0000000e+000
 -1.0000000e+000  1.0000000e+000
 -1.0000000e+000  1.0000000e+000
 -1.0000000e+000  1.0000000e+000
 -1.0000000e+000  1.0000000e+000
 -1.0000000e+000  1.0000000e+000
 -1.0000000e+000  1.0000000e+000
 -1.0000000e+000  1.0000000e+000
 -1.0000000e+000  1.0000000e+000
 -1.0000000e+000  1.0000000e+000
 -1.0000000e+000  1.0000000e+000
 -1.0000000e+000  1.0000000e+000
 -1.0000000e+000  1.0000000e+000
 -1.0000000e+000  1.0000000e+000
 -1.0000000e+000  1.0000000e+000
 -1.0000000e+000  1.0000000e+000
 -1.0000000e+000  1.0000000e+000
 -1.0000000e+000  1.0000000e+000
 -1.0000000e+000  1.0000000e+000
 -1.0000000e+000  1.0000000e+000
 -1.0000000e+000  1.0000000e+000
 -1.0000000e+000  1.0000000e+000
 -1.0000000e+000  1.0000000e+000
 -1.0000000e+000  1.0000000e+000
 -1.0000000e+000  1.0000000e+000
 -1.0000000e+000  1.0000000e+000
 -1.0000000e+000  1.0000000e+000
 -1.0000000e+000  1.0000000e+000
 -1.0000000e+000  1.0000000e+000
 -1.0000000e+000  1.0000000e+000
 -1.0000000e+000  1.0000000e+000
 -1.0000000e+000  1.0000000e+000
 -1.0000000e+000  1.0000000e+000
 -1.0000000e+000  1.0000000e+000
 -1.0000000e+000  1.0000000e+000
 -1.0000000e+000  1.0000000e+000
 -1.0000000e+000  1.0000000e+000
 -1.0000000e+000  1.0000000e+000
 -1.0000000e+000  1.0000000e+000
 -1.0000000e+000  1.0000000e+000
 -1.0000000e+000  1.0000000e+000
 -1.0000000e+000  1.0000000e+000
 -1.0000000e+000  1.0000000e+000
 -1.0000000e+000  1.0000000e+000
 -1.0000000e+000  1.0000000e+000
 -1.0000000e+000  1.0000000e+000
 -1.0000000e+000  1.0000000e+000
 -1.0000000e+000  1.0000000e+000
 -1.0000000e+000  1.0000000e+000
 -1.0000000e+000  1.0000000e+000
 -1.0000000e+000  1.0000000e+000
 -1.0000000e+000  1.0000000e+000
 -1.0000000e+000  1.0000000e+000
 -1.0000000e+000  1.0000000e+000
 -1.0000000e+000  1.0000000e+000
 -1.0000000e+000  1.0000000e+000
 -1.0000000e+000  1.0000000e+000
 -1.0000000e+000  1.0000000e+000
 -1.0000000e+000  1.0000000e+000
 -1.0016176e+000  1.0016176e+000
 -1.0037316e+000  1.0037316e+000
 -1.0040271e+000  1.0040271e+000
 -1.0040017e+000  1.0040017e+000
 -1.0039769e+000  1.0039769e+000
 -1.0039522e+000  1.0039522e+000
 -1.0039280e+000  1.0039280e+000
 -1.0039039e+000  1.0039039e+000
 -1.0038803e+000  1.0038803e+000
 -1.0038568e+000  1.0038568e+000
 -1.0038337e+000  1.0038337e+000
 -1.0038108e+000  1.0038108e+000
 -1.0037882e+000  1.0037882e+000
 -1.0037659e+000  1.0037659e+000
 -1.0037438e+000  1.0037438e+000
 -1.0045614e+000  1.0045614e+000
 -1.0064724e+000  1.0064724e+000
 -1.0083652e+000  1.0083652e+000
 -1.0102414e+000  1.0102414e+000
 -1.0109515e+000  1.0109515e+000
 -1.0108892e+000  1.0108892e+000
 -1.0121041e+000  1.0121041e+000
 -1.0139075e+000  1.0139075e+000
 -1.0128434e+000  1.0128434e+000
 -1.0109212e+000  1.0109212e+000
 -1.0105885e+000  1.0105885e+000
 -1.0105300e+000  1.0105300e+000
 -1.0104728e+000  1.0104728e+000
 -1.0104156e+000  1.0104156e+000
 -1.0103595e+000  1.0103595e+000
 -1.0106685e+000  1.0106685e+000
 -1.0141530e+000  1.0141530e+000
 -1.0169787e+000  1.0169787e+000
 -1.0168892e+000  1.0168892e+000
 -1.0168001e+000  1.0168001e+000
 -1.0167124e+000  1.0167124e+000
 -1.0172360e+000  1.0172360e+000
 -1.0188774e+000  1.0188774e+000
 -1.0190083e+000  1.0190083e+000
 -1.0171962e+000  1.0171962e+000
 -1.0162863e+000  1.0162863e+000
 -1.0162036e+000  1.0162036e+000
 -1.0161219e+000  1.0161219e+000
 -1.0160408e+000  1.0160408e+000
 -1.0159608e+000  1.0159608e+000
 -1.0158812e+000  1.0158812e+000
 -1.0158029e+000  1.0158029e+000
 -1.0157248e+000  1.0157248e+000
 -1.0156480e+000  1.0156480e+000
 -1.0155714e+000  1.0155714e+000
 -1.0154962e+000  1.0154962e+000
 -1.0154211e+000  1.0154211e+000
 -1.0153473e+000  1.0153473e+000
 -1.0154411e+000  1.0154411e+000
 -1.0169538e+000  1.0169538e+000
 -1.0181656e+000  1.0181656e+000
 -1.0180802e+000  1.0180802e+000
 -1.0179951e+000  1.0179951e+000
 -1.0179112e+000  1.0179112e+000
 -1.0178278e+000  1.0178278e+000
 -1.0177453e+000  1.0177453e+000
 -1.0176635e+000  1.0176635e+000
 -1.0175825e+000  1.0175825e+000
 -1.0182909e+000  1.0182909e+000
 -1.0197196e+000  1.0197196e+000
 -1.0202263e+000  1.0202263e+000
 -1.0201351e+000  1.0201351e+000
 -1.0200450e+000  1.0200450e+000
 -1.0199553e+000  1.0199553e+000
 -1.0198669e+000  1.0198669e+000
 -1.0197787e+000  1.0197787e+000
 -1.0209445e+000  1.0209445e+000
 -1.0223202e+000  1.0223202e+000
 -1.0223096e+000  1.0223096e+000
 -1.0222123e+000  1.0222123e+000
 -1.0221165e+000  1.0221165e+000
 -1.0221742e+000  1.0221742e+000
 -1.0234975e+000  1.0234975e+000
 -1.0245483e+000  1.0245483e+000
 -1.0244442e+000  1.0244442e+000
 -1.0247253e+000  1.0247253e+000
 -1.0260215e+000  1.0260215e+000
 -1.0268133e+000  1.0268133e+000
 -1.0267013e+000  1.0267013e+000
 -1.0272050e+000  1.0272050e+000
 -1.0284859e+000  1.0284859e+000
 -1.0290309e+000  1.0290309e+000
 -1.0289114e+000  1.0289114e+000
 -1.0287930e+000  1.0287930e+000
 -1.0286753e+000  1.0286753e+000
 -1.0285590e+000  1.0285590e+000
 -1.0284431e+000  1.0284431e+000
 -1.0283287e+000  1.0283287e+000
 -1.0282147e+000  1.0282147e+000
 -1.0292378e+000  1.0292378e+000
 -1.0304472e+000  1.0304472e+000
 -1.0316506e+000  1.0316506e+000
 -1.0328186e+000  1.0328186e+000
 -1.0326899e+000  1.0326899e+000
 -1.0325613e+000  1.0325613e+000
 -1.0324345e+000  1.0324345e+000
 -1.0323081e+000  1.0323081e+000
 -1.0321831e+000  1.0321831e+000
 -1.0324111e+000  1.0324111e+000
 -1.0335576e+000  1.0335576e+000
 -1.0351624e+000  1.0351624e+000
 -1.0375795e+000  1.0375795e+000
 -1.0388583e+000  1.0388583e+000
 -1.0387111e+000  1.0387111e+000
 -1.0385651e+000  1.0385651e+000
 -1.0384201e+000  1.0384201e+000
 -1.0382763e+000  1.0382763e+000
 -1.0381333e+000  1.0381333e+000
 -1.0379918e+000  1.0379918e+000
 -1.0378508e+000  1.0378508e+000
 -1.0377114e+000  1.0377114e+000
 -1.0375725e+000  1.0375725e+000
 -1.0384838e+000  1.0384838e+000
 -1.0395635e+000  1.0395635e+000
 -1.0417692e+000  1.0417692e+000
 -1.0439717e+000  1.0439717e+000
 -1.0438134e+000  1.0438134e+000
 -1.0436554e+000  1.0436554e+000
 -1.0434994e+000  1.0434994e+000
 -1.0433437e+000  1.0433437e+000
 -1.0431898e+000  1.0431898e+000
 -1.0433655e+000  1.0433655e+000
 -1.0443887e+000  1.0443887e+000
 -1.0449828e+000  1.0449828e+000
 -1.0448251e+000  1.0448251e+000
 -1.0446683e+000  1.0446683e+000
 -1.0445127e+000  1.0445127e+000
 -1.0443582e+000  1.0443582e+000
 -1.0442046e+000  1.0442046e+000
 -1.0440523e+000  1.0440523e+000
 -1.0439008e+000  1.0439008e+000
 -1.0445404e+000  1.0445404e+000
 -1.0455231e+000  1.0455231e+000
 -1.0456169e+000  1.0456169e+000
 -1.0454620e+000  1.0454620e+000
 -1.0453088e+000  1.0453088e+000
 -1.0451559e+000  1.0451559e+000
 -1.0460663e+000  1.0460663e+000
 -1.0469992e+000  1.0469992e+000
 -1.0468430e+000  1.0468430e+000
 -1.0466870e+000  1.0466870e+000
 -1.0465328e+000  1.0465328e+000
 -1.0465966e+000  1.0465966e+000
 -1.0475380e+000  1.0475380e+000
 -1.0481694e+000  1.0481694e+000
 -1.0480122e+000  1.0480122e+000
 -1.0478556e+000  1.0478556e+000
 -1.0477004e+000  1.0477004e+000
 -1.0475460e+000  1.0475460e+000
 -1.0473926e+000  1.0473926e+000
 -1.0472403e+000  1.0472403e+000
 -1.0470888e+000  1.0470888e+000
 -1.0475898e+000  1.0475898e+000
 -1.0484968e+000  1.0484968e+000
 -1.0479246e+000  1.0479246e+000
 -1.0467207e+000  1.0467207e+000
 -1.0463463e+000  1.0463463e+000
 -1.0462002e+000  1.0462002e+000
 -1.0469554e+000  1.0469554e+000
 -1.0478490e+000  1.0478490e+000
 -1.0477513e+000  1.0477513e+000
 -1.0476027e+000  1.0476027e+000
 -1.0474557e+000  1.0474557e+000
 -1.0475507e+000  1.0475507e+000
 -1.0494544e+000  1.0494544e+000
 -1.0509454e+000  1.0509454e+000
 -1.0507898e+000  1.0507898e+000
 -1.0506348e+000  1.0506348e+000
 -1.0504811e+000  1.0504811e+000
 -1.0503280e+000  1.0503280e+000
 -1.0501760e+000  1.0501760e+000
 -1.0500249e+000  1.0500249e+000
 -1.0498747e+000  1.0498747e+000
 -1.0502557e+000  1.0502557e+000
 -1.0510976e+000  1.0510976e+000
 -1.0513238e+000  1.0513238e+000
 -1.0511714e+000  1.0511714e+000
 -1.0510202e+000  1.0510202e+000
 -1.0508695e+000  1.0508695e+000
 -1.0507202e+000  1.0507202e+000
 -1.0505712e+000  1.0505712e+000
 -1.0504236e+000  1.0504236e+000
 -1.0502763e+000  1.0502763e+000
 -1.0510548e+000  1.0510548e+000
 -1.0518431e+000  1.0518431e+000
 -1.0516936e+000  1.0516936e+000
 -1.0515443e+000  1.0515443e+000
 -1.0513965e+000  1.0513965e+000
 -1.0514419e+000  1.0514419e+000
 -1.0522411e+000  1.0522411e+000
 -1.0527677e+000  1.0527677e+000
 -1.0526179e+000  1.0526179e+000
 -1.0524688e+000  1.0524688e+000
 -1.0523207e+000  1.0523207e+000
 -1.0530249e+000  1.0530249e+000
 -1.0547534e+000  1.0547534e+000
 -1.0554691e+000  1.0554691e+000
 -1.0553141e+000  1.0553141e+000
 -1.0551601e+000  1.0551601e+000
 -1.0550067e+000  1.0550067e+000
 -1.0548545e+000  1.0548545e+000
 -1.0547028e+000  1.0547028e+000
 -1.0552742e+000  1.0552742e+000
 -1.0560397e+000  1.0560397e+000
 -1.0560036e+000  1.0560036e+000
 -1.0558503e+000  1.0558503e+000
 -1.0574279e+000  1.0574279e+000
 -1.0590186e+000  1.0590186e+000
 -1.0588591e+000  1.0588591e+000
 -1.0586997e+000  1.0586997e+000
 -1.0585418e+000  1.0585418e+000
 -1.0585683e+000  1.0585683e+000
 -1.0593039e+000  1.0593039e+000
 -1.0597798e+000  1.0597798e+000
 -1.0596196e+000  1.0596196e+000
 -1.0594622e+000  1.0594622e+000
 -1.0593045e+000  1.0593045e+000
 -1.0595497e+000  1.0595497e+000
 -1.0602735e+000  1.0602735e+000
 -1.0605202e+000  1.0605202e+000
 -1.0603612e+000  1.0603612e+000
 -1.0602026e+000  1.0602026e+000
 -1.0600442e+000  1.0600442e+000
 -1.0605011e+000  1.0605011e+000
 -1.0612094e+000  1.0612094e+000
 -1.0612318e+000  1.0612318e+000
 -1.0610734e+000  1.0610734e+000
 -1.0616656e+000  1.0616656e+000
 -1.0623657e+000  1.0623657e+000
 -1.0622419e+000  1.0622419e+000
 -1.0620818e+000  1.0620818e+000
 -1.0619241e+000  1.0619241e+000
 -1.0619781e+000  1.0619781e+000
 -1.0635096e+000  1.0635096e+000
 -1.0648639e+000  1.0648639e+000
 -1.0655410e+000  1.0655410e+000
 -1.0659717e+000  1.0659717e+000
 -1.0658060e+000  1.0658060e+000
 -1.0656295e+000  1.0656295e+000
 -1.0654730e+000  1.0654730e+000
 -1.0656931e+000  1.0656931e+000
 -1.0663565e+000  1.0663565e+000
 -1.0665700e+000  1.0665700e+000
 -1.0664052e+000  1.0664052e+000
 -1.0662414e+000  1.0662414e+000
 -1.0660781e+000  1.0660781e+000
 -1.0658970e+000  1.0658970e+000
 -1.0657509e+000  1.0657509e+000
 -1.0668821e+000  1.0668821e+000
 -1.0683469e+000  1.0683469e+000
 -1.0690915e+000  1.0690915e+000
 -1.0697355e+000  1.0697355e+000
 -1.0695988e+000  1.0695988e+000
 -1.0694299e+000  1.0694299e+000
 -1.0692523e+000  1.0692523e+000
 -1.0690966e+000  1.0690966e+000
 -1.0689313e+000  1.0689313e+000
 -1.0687661e+000  1.0687661e+000
 -1.0686022e+000  1.0686022e+000
 -1.0689054e+000  1.0689054e+000
 -1.0703262e+000  1.0703262e+000
 -1.0711433e+000  1.0711433e+000
 -1.0709674e+000  1.0709674e+000
 -1.0711717e+000  1.0711717e+000
 -1.0717864e+000  1.0717864e+000
 -1.0719737e+000  1.0719737e+000
 -1.0718052e+000  1.0718052e+000
 -1.0716374e+000  1.0716374e+000
 -1.0714704e+000  1.0714704e+000
 -1.0724043e+000  1.0724043e+000
 -1.0737836e+000  1.0737836e+000
 -1.0739359e+000  1.0739359e+000
 -1.0737648e+000  1.0737648e+000
 -1.0742672e+000  1.0742672e+000
 -1.0748620e+000  1.0748620e+000
 -1.0747188e+000  1.0747188e+000
 -1.0745832e+000  1.0745832e+000
 -1.0751748e+000  1.0751748e+000
 -1.0757628e+000  1.0757628e+000
 -1.0763488e+000  1.0763488e+000
 -1.0767725e+000  1.0767725e+000
 -1.0765990e+000  1.0765990e+000
 -1.0766492e+000  1.0766492e+000
 -1.0772279e+000  1.0772279e+000
 -1.0778040e+000  1.0778040e+000
 -1.0783757e+000  1.0783757e+000
 -1.0789368e+000  1.0789368e+000
 -1.0795108e+000  1.0795108e+000
 -1.0800792e+000  1.0800792e+000
 -1.0806433e+000  1.0806433e+000
 -1.0807381e+000  1.0807381e+000
 -1.0805594e+000  1.0805594e+000
 -1.0803817e+000  1.0803817e+000
 -1.0802044e+000  1.0802044e+000
 -1.0805989e+000  1.0805989e+000
 -1.0811641e+000  1.0811641e+000
 -1.0823585e+000  1.0823585e+000
 -1.0836382e+000  1.0836382e+000
 -1.0835063e+000  1.0835063e+000
 -1.0833600e+000  1.0833600e+000
 -1.0839002e+000  1.0839002e+000
 -1.0843433e+000  1.0843433e+000
 -1.0841506e+000  1.0841506e+000
 -1.0844453e+000  1.0844453e+000
 -1.0864114e+000  1.0864114e+000
 -1.0877335e+000  1.0877335e+000
 -1.0875457e+000  1.0875457e+000
 -1.0873586e+000  1.0873586e+000
 -1.0871724e+000  1.0871724e+000
 -1.0869843e+000  1.0869843e+000
 -1.0867941e+000  1.0867941e+000
 -1.0870060e+000  1.0870060e+000
 -1.0875269e+000  1.0875269e+000
 -1.0884895e+000  1.0884895e+000
 -1.0897079e+000  1.0897079e+000
 -1.0899167e+000  1.0899167e+000
 -1.0897280e+000  1.0897280e+000
 -1.0895397e+000  1.0895397e+000
 -1.0893515e+000  1.0893515e+000
 -1.0897804e+000  1.0897804e+000
 -1.0902877e+000  1.0902877e+000
 -1.0907919e+000  1.0907919e+000
 -1.0912957e+000  1.0912957e+000
 -1.0917940e+000  1.0917940e+000
 -1.0922921e+000  1.0922921e+000
 -1.0927873e+000  1.0927873e+000
 -1.0932772e+000  1.0932772e+000
 -1.0937695e+000  1.0937695e+000
 -1.0942609e+000  1.0942609e+000
 -1.0947501e+000  1.0947501e+000
 -1.0949761e+000  1.0949761e+000
 -1.0947831e+000  1.0947831e+000
 -1.0945908e+000  1.0945908e+000
 -1.0943993e+000  1.0943993e+000
 -1.0945748e+000  1.0945748e+000
 -1.0950602e+000  1.0950602e+000
 -1.0951149e+000  1.0951149e+000
 -1.0949238e+000  1.0949238e+000
 -1.0956930e+000  1.0956930e+000
 -1.0968365e+000  1.0968365e+000
 -1.0974392e+000  1.0974392e+000
 -1.0979098e+000  1.0979098e+000
 -1.0983631e+000  1.0983631e+000
 -1.0988409e+000  1.0988409e+000
 -1.0986653e+000  1.0986653e+000
 -1.0985056e+000  1.0985056e+000
 -1.0989673e+000  1.0989673e+000
 -1.0995186e+000  1.0995186e+000
 -1.1006319e+000  1.1006319e+000
 -1.1014539e+000  1.1014539e+000
 -1.1012481e+000  1.1012481e+000
 -1.1012570e+000  1.1012570e+000
 -1.1017084e+000  1.1017084e+000
 -1.1019076e+000  1.1019076e+000
 -1.1017098e+000  1.1017098e+000
 -1.1021208e+000  1.1021208e+000
 -1.1032135e+000  1.1032135e+000
 -1.1035873e+000  1.1035873e+000
 -1.1033852e+000  1.1033852e+000
 -1.1035984e+000  1.1035984e+000
 -1.1040390e+000  1.1040390e+000
 -1.1044793e+000  1.1044793e+000
 -1.1049194e+000  1.1049194e+000
 -1.1053542e+000  1.1053542e+000
 -1.1057876e+000  1.1057876e+000
 -1.1062185e+000  1.1062185e+000
 -1.1066491e+000  1.1066491e+000
 -1.1070804e+000  1.1070804e+000
 -1.1075107e+000  1.1075107e+000
 -1.1079348e+000  1.1079348e+000
 -1.1083585e+000  1.1083585e+000
 -1.1087802e+000  1.1087802e+000
 -1.1092018e+000  1.1092018e+000
 -1.1096232e+000  1.1096232e+000
 -1.1098453e+000  1.1098453e+000
 -1.1096447e+000  1.1096447e+000
 -1.1099260e+000  1.1099260e+000
 -1.1109585e+000  1.1109585e+000
 -1.1116971e+000  1.1116971e+000
 -1.1121096e+000  1.1121096e+000
 -1.1125186e+000  1.1125186e+000
 -1.1129249e+000  1.1129249e+000
 -1.1133228e+000  1.1133228e+000
 -1.1137322e+000  1.1137322e+000
 -1.1141377e+000  1.1141377e+000
 -1.1145414e+000  1.1145414e+000
 -1.1149403e+000  1.1149403e+000
 -1.1153381e+000  1.1153381e+000
 -1.1157340e+000  1.1157340e+000
 -1.1161296e+000  1.1161296e+000
 -1.1165159e+000  1.1165159e+000
 -1.1169200e+000  1.1169200e+000
 -1.1173097e+000  1.1173097e+000
 -1.1177846e+000  1.1177846e+000
 -1.1187735e+000  1.1187735e+000
 -1.1196255e+000  1.1196255e+000
 -1.1200077e+000  1.1200077e+000
 -1.1203876e+000  1.1203876e+000
 -1.1207627e+000  1.1207627e+000
 -1.1211494e+000  1.1211494e+000
 -1.1215294e+000  1.1215294e+000
 -1.1219067e+000  1.1219067e+000
 -1.1222810e+000  1.1222810e+000
 -1.1229855e+000  1.1229855e+000
 -1.1239494e+000  1.1239494e+000
 -1.1249045e+000  1.1249045e+000
 -1.1258549e+000  1.1258549e+000
 -1.1259605e+000  1.1259605e+000
 -1.1257389e+000  1.1257389e+000
 -1.1264655e+000  1.1264655e+000
 -1.1274135e+000  1.1274135e+000
 -1.1278343e+000  1.1278343e+000
 -1.1281929e+000  1.1281929e+000
 -1.1291172e+000  1.1291172e+000
 -1.1300175e+000  1.1300175e+000
 -1.1303700e+000  1.1303700e+000
 -1.1307223e+000  1.1307223e+000
 -1.1310742e+000  1.1310742e+000
 -1.1315559e+000  1.1315559e+000
 -1.1324760e+000  1.1324760e+000
 -1.1332159e+000  1.1332159e+000
 -1.1335579e+000  1.1335579e+000
 -1.1341186e+000  1.1341186e+000
 -1.1350367e+000  1.1350367e+000
 -1.1356759e+000  1.1356759e+000
 -1.1360116e+000  1.1360116e+000
 -1.1366666e+000  1.1366666e+000
 -1.1375700e+000  1.1375700e+000
 -1.1381026e+000  1.1381026e+000
 -1.1384320e+000  1.1384320e+000
 -1.1391570e+000  1.1391570e+000
 -1.1400641e+000  1.1400641e+000
 -1.1404965e+000  1.1404965e+000
 -1.1408198e+000  1.1408198e+000
 -1.1416458e+000  1.1416458e+000
 -1.1425297e+000  1.1425297e+000
 -1.1428584e+000  1.1428584e+000
 -1.1431756e+000  1.1431756e+000
 -1.1434910e+000  1.1434910e+000
 -1.1438950e+000  1.1438950e+000
 -1.1447618e+000  1.1447618e+000
 -1.1455009e+000  1.1455009e+000
 -1.1458142e+000  1.1458142e+000
 -1.1462987e+000  1.1462987e+000
 -1.1471564e+000  1.1471564e+000
 -1.1480115e+000  1.1480115e+000
 -1.1488630e+000  1.1488630e+000
 -1.1494575e+000  1.1494575e+000
 -1.1497580e+000  1.1497580e+000
 -1.1506742e+000  1.1506742e+000
 -1.1520649e+000  1.1520649e+000
 -1.1527461e+000  1.1527461e+000
 -1.1530428e+000  1.1530428e+000
 -1.1533327e+000  1.1533327e+000
 -1.1536198e+000  1.1536198e+000
 -1.1543597e+000  1.1543597e+000
 -1.1551930e+000  1.1551930e+000
 -1.1560181e+000  1.1560181e+000
 -1.1568423e+000  1.1568423e+000
 -1.1571378e+000  1.1571378e+000
 -1.1574590e+000  1.1574590e+000
 -1.1582747e+000  1.1582747e+000
 -1.1590074e+000  1.1590074e+000
 -1.1592902e+000  1.1592902e+000
 -1.1598197e+000  1.1598197e+000
 -1.1611606e+000  1.1611606e+000
 -1.1621632e+000  1.1621632e+000
 -1.1624353e+000  1.1624353e+000
 -1.1629186e+000  1.1629186e+000
 -1.1637185e+000  1.1637185e+000
 -1.1642510e+000  1.1642510e+000
 -1.1645248e+000  1.1645248e+000
 -1.1653903e+000  1.1653903e+000
 -1.1667074e+000  1.1667074e+000
 -1.1673379e+000  1.1673379e+000
 -1.1676003e+000  1.1676003e+000
 -1.1682434e+000  1.1682434e+000
 -1.1690240e+000  1.1690240e+000
 -1.1697953e+000  1.1697953e+000
 -1.1705793e+000  1.1705793e+000
 -1.1708845e+000  1.1708845e+000
 -1.1711372e+000  1.1711372e+000
 -1.1718971e+000  1.1718971e+000
 -1.1726999e+000  1.1726999e+000
 -1.1739806e+000  1.1739806e+000
 -1.1751020e+000  1.1751020e+000
 -1.1753328e+000  1.1753328e+000
 -1.1758386e+000  1.1758386e+000
 -1.1771075e+000  1.1771075e+000
 -1.1780471e+000  1.1780471e+000
 -1.1782843e+000  1.1782843e+000
 -1.1787275e+000  1.1787275e+000
 -1.1794759e+000  1.1794759e+000
 -1.1802177e+000  1.1802177e+000
 -1.1809528e+000  1.1809528e+000
 -1.1819893e+000  1.1819893e+000
 -1.1832349e+000  1.1832349e+000
 -1.1841460e+000  1.1841460e+000
 -1.1848794e+000  1.1848794e+000
 -1.1852369e+000  1.1852369e+000
 -1.1854602e+000  1.1854602e+000
 -1.1865070e+000  1.1865070e+000
 -1.1877340e+000  1.1877340e+000
 -1.1885063e+000  1.1885063e+000
 -1.1892270e+000  1.1892270e+000
 -1.1894486e+000  1.1894486e+000
 -1.1897349e+000  1.1897349e+000
 -1.1909463e+000  1.1909463e+000
 -1.1921569e+000  1.1921569e+000
 -1.1933614e+000  1.1933614e+000
 -1.1944397e+000  1.1944397e+000
 -1.1951429e+000  1.1951429e+000
 -1.1958449e+000  1.1958449e+000
 -1.1965444e+000  1.1965444e+000
 -1.1972423e+000  1.1972423e+000
 -1.1979383e+000  1.1979383e+000
 -1.1986301e+000  1.1986301e+000
 -1.1993178e+000  1.1993178e+000
 -1.2002734e+000  1.2002734e+000
 -1.2014587e+000  1.2014587e+000
 -1.2026338e+000  1.2026338e+000
 -1.2038038e+000  1.2038038e+000
 -1.2046094e+000  1.2046094e+000
 -1.2052865e+000  1.2052865e+000
 -1.2055590e+000  1.2055590e+000
 -1.2057441e+000  1.2057441e+000
 -1.2067963e+000  1.2067963e+000
 -1.2079626e+000  1.2079626e+000
 -1.2091106e+000  1.2091106e+000
 -1.2101872e+000  1.2101872e+000
 -1.2103681e+000  1.2103681e+000
 -1.2106992e+000  1.2106992e+000
 -1.2118372e+000  1.2118372e+000
 -1.2128533e+000  1.2128533e+000
 -1.2134854e+000  1.2134854e+000
 -1.2144680e+000  1.2144680e+000
 -1.2160751e+000  1.2160751e+000
 -1.2172882e+000  1.2172882e+000
 -1.2179286e+000  1.2179286e+000
 -1.2188018e+000  1.2188018e+000
 -1.2199164e+000  1.2199164e+000
 -1.2210242e+000  1.2210242e+000
 -1.2221273e+000  1.2221273e+000
 -1.2229300e+000  1.2229300e+000
 -1.2235607e+000  1.2235607e+000
 -1.2248867e+000  1.2248867e+000
 -1.2264550e+000  1.2264550e+000
 -1.2272418e+000  1.2272418e+000
 -1.2278631e+000  1.2278631e+000
 -1.2289067e+000  1.2289067e+000
 -1.2299926e+000  1.2299926e+000
 -1.2310729e+000  1.2310729e+000
 -1.2321880e+000  1.2321880e+000
 -1.2337261e+000  1.2337261e+000
 -1.2351898e+000  1.2351898e+000
 -1.2362571e+000  1.2362571e+000
 -1.2373230e+000  1.2373230e+000
 -1.2383846e+000  1.2383846e+000
 -1.2394277e+000  1.2394277e+000
 -1.2404942e+000  1.2404942e+000
 -1.2417421e+000  1.2417421e+000
 -1.2432512e+000  1.2432512e+000
 -1.2445307e+000  1.2445307e+000
 -1.2455742e+000  1.2455742e+000
 -1.2466147e+000  1.2466147e+000
 -1.2476528e+000  1.2476528e+000
 -1.2486752e+000  1.2486752e+000
 -1.2497174e+000  1.2497174e+000
 -1.2507485e+000  1.2507485e+000
 -1.2517757e+000  1.2517757e+000
 -1.2531726e+000  1.2531726e+000
 -1.2546469e+000  1.2546469e+000
 -1.2552918e+000  1.2552918e+000
 -1.2558558e+000  1.2558558e+000
 -1.2568392e+000  1.2568392e+000
 -1.2578758e+000  1.2578758e+000
 -1.2588818e+000  1.2588818e+000
 -1.2599599e+000  1.2599599e+000
 -1.2614108e+000  1.2614108e+000
 -1.2627491e+000  1.2627491e+000
 -1.2637408e+000  1.2637408e+000
 -1.2647307e+000  1.2647307e+000
 -1.2657170e+000  1.2657170e+000
 -1.2667186e+000  1.2667186e+000
 -1.2677029e+000  1.2677029e+000
 -1.2689057e+000  1.2689057e+000
 -1.2703308e+000  1.2703308e+000
 -1.2717514e+000  1.2717514e+000
 -1.2731686e+000  1.2731686e+000
 -1.2745775e+000  1.2745775e+000
 -1.2759825e+000  1.2759825e+000
 -1.2774004e+000  1.2774004e+000
 -1.2788022e+000  1.2788022e+000
 -1.2798329e+000  1.2798329e+000
 -1.2807875e+000  1.2807875e+000
 -1.2817390e+000  1.2817390e+000
 -1.2826895e+000  1.2826895e+000
 -1.2840749e+000  1.2840749e+000
 -1.2854565e+000  1.2854565e+000
 -1.2868350e+000  1.2868350e+000
 -1.2881403e+000  1.2881403e+000
 -1.2890740e+000  1.2890740e+000
 -1.2904382e+000  1.2904382e+000
 -1.2931090e+000  1.2931090e+000
 -1.2952009e+000  1.2952009e+000
 -1.2961208e+000  1.2961208e+000
 -1.2973794e+000  1.2973794e+000
 -1.2991760e+000  1.2991760e+000
 -1.3007452e+000  1.3007452e+000
 -1.3020856e+000  1.3020856e+000
 -1.3036722e+000  1.3036722e+000
 -1.3054360e+000  1.3054360e+000
 -1.3066224e+000  1.3066224e+000
 -1.3075186e+000  1.3075186e+000
 -1.3083838e+000  1.3083838e+000
 -1.3092995e+000  1.3092995e+000
 -1.3109061e+000  1.3109061e+000
 -1.3126518e+000  1.3126518e+000
 -1.3136053e+000  1.3136053e+000
 -1.3144862e+000  1.3144862e+000
 -1.3162126e+000  1.3162126e+000
 -1.3179016e+000  1.3179016e+000
 -1.3191752e+000  1.3191752e+000
 -1.3204978e+000  1.3204978e+000
 -1.3217815e+000  1.3217815e+000
 -1.3230642e+000  1.3230642e+000
 -1.3243451e+000  1.3243451e+000
 -1.3256255e+000  1.3256255e+000
 -1.3269058e+000  1.3269058e+000
 -1.3283511e+000  1.3283511e+000
 -1.3300271e+000  1.3300271e+000
 -1.3311082e+000  1.3311082e+000
 -1.3315283e+000  1.3315283e+000
 -1.3331726e+000  1.3331726e+000
 -1.3356883e+000  1.3356883e+000
 -1.3370795e+000  1.3370795e+000
 -1.3379115e+000  1.3379115e+000
 -1.3396760e+000  1.3396760e+000
 -1.3417493e+000  1.3417493e+000
 -1.3438315e+000  1.3438315e+000
 -1.3459008e+000  1.3459008e+000
 -1.3471974e+000  1.3471974e+000
 -1.3484241e+000  1.3484241e+000
 -1.3492344e+000  1.3492344e+000
 -1.3500784e+000  1.3500784e+000
 -1.3512952e+000  1.3512952e+000
 -1.3525674e+000  1.3525674e+000
 -1.3542030e+000  1.3542030e+000
 -1.3558330e+000  1.3558330e+000
 -1.3574468e+000  1.3574468e+000
 -1.3591971e+000  1.3591971e+000
 -1.3612172e+000  1.3612172e+000
 -1.3625466e+000  1.3625466e+000
 -1.3629217e+000  1.3629217e+000
 -1.3638819e+000  1.3638819e+000
 -1.3654945e+000  1.3654945e+000
 -1.3670950e+000  1.3670950e+000
 -1.3686868e+000  1.3686868e+000
 -1.3697272e+000  1.3697272e+000
 -1.3704958e+000  1.3704958e+000
 -1.3718751e+000  1.3718751e+000
 -1.3734527e+000  1.3734527e+000
 -1.3753243e+000  1.3753243e+000
 -1.3773402e+000  1.3773402e+000
 -1.3789341e+000  1.3789341e+000
 -1.3804977e+000  1.3804977e+000
 -1.3832582e+000  1.3832582e+000
 -1.3859490e+000  1.3859490e+000
 -1.3878943e+000  1.3878943e+000
 -1.3896927e+000  1.3896927e+000
 -1.3907841e+000  1.3907841e+000
 -1.3924860e+000  1.3924860e+000
 -1.3956199e+000  1.3956199e+000
 -1.3983420e+000  1.3983420e+000
 -1.4002557e+000  1.4002557e+000
 -1.4023364e+000  1.4023364e+000
 -1.4046456e+000  1.4046456e+000
 -1.4071344e+000  1.4071344e+000
 -1.4097991e+000  1.4097991e+000
 -1.4122856e+000  1.4122856e+000
 -1.4145680e+000  1.4145680e+000
 -1.4165751e+000  1.4165751e+000
 -1.4184479e+000  1.4184479e+000
 -1.4209153e+000  1.4209153e+000
 -1.4235751e+000  1.4235751e+000
 -1.4258897e+000  1.4258897e+000
 -1.4281390e+000  1.4281390e+000
 -1.4296742e+000  1.4296742e+000
 -1.4311407e+000  1.4311407e+000
 -1.4329850e+000  1.4329850e+000
 -1.4348279e+000  1.4348279e+000
 -1.4366669e+000  1.4366669e+000
 -1.4387074e+000  1.4387074e+000
 -1.4417057e+000  1.4417057e+000
 -1.4443731e+000  1.4443731e+000
 -1.4462108e+000  1.4462108e+000
 -1.4477730e+000  1.4477730e+000
 -1.4488057e+000  1.4488057e+000
 -1.4500000e+000  1.4500000e+000
 -1.4514143e+000  1.4514143e+000
 -1.4528264e+000  1.4528264e+000
 -1.4542362e+000  1.4542362e+000
 -1.4562525e+000  1.4562525e+000
 -1.4588621e+000  1.4588621e+000
 -1.4611688e+000  1.4611688e+000
 -1.4633292e+000  1.4633292e+000
 -1.4651900e+000  1.4651900e+000
 -1.4669541e+000  1.4669541e+000
 -1.4703175e+000  1.4703175e+000
 -1.4739829e+000  1.4739829e+000
 -1.4765048e+000  1.4765048e+000
 -1.4790957e+000  1.4790957e+000
 -1.4812224e+000  1.4812224e+000
 -1.4834521e+000  1.4834521e+000
 -1.4866985e+000  1.4866985e+000
 -1.4899457e+000  1.4899457e+000
 -1.4931889e+000  1.4931889e+000
 -1.4961166e+000  1.4961166e+000
 -1.4981438e+000  1.4981438e+000
 -1.5001978e+000  1.5001978e+000
 -1.5019019e+000  1.5019019e+000
 -1.5037622e+000  1.5037622e+000
 -1.5058330e+000  1.5058330e+000
 -1.5080926e+000  1.5080926e+000
 -1.5105330e+000  1.5105330e+000
 -1.5122724e+000  1.5122724e+000
 -1.5135318e+000  1.5135318e+000
 -1.5153990e+000  1.5153990e+000
 -1.5174430e+000  1.5174430e+000
 -1.5200431e+000  1.5200431e+000
 -1.5228163e+000  1.5228163e+000
 -1.5249578e+000  1.5249578e+000
 -1.5269807e+000  1.5269807e+000
 -1.5293479e+000  1.5293479e+000
 -1.5317542e+000  1.5317542e+000
 -1.5356144e+000  1.5356144e+000
 -1.5395443e+000  1.5395443e+000
 -1.5441134e+000  1.5441134e+000
 -1.5485543e+000  1.5485543e+000
 -1.5523867e+000  1.5523867e+000
 -1.5557351e+000  1.5557351e+000
 -1.5577211e+000  1.5577211e+000
 -1.5613855e+000  1.5613855e+000
 -1.5685625e+000  1.5685625e+000
 -1.5738122e+000  1.5738122e+000
 -1.5764828e+000  1.5764828e+000
 -1.5785867e+000  1.5785867e+000
 -1.5801521e+000  1.5801521e+000
 -1.5825833e+000  1.5825833e+000
 -1.5855986e+000  1.5855986e+000
 -1.5881884e+000  1.5881884e+000
 -1.5909588e+000  1.5909588e+000
 -1.5933381e+000  1.5933381e+000
 -1.5955916e+000  1.5955916e+000
 -1.5978408e+000  1.5978408e+000
 -1.6000834e+000  1.6000834e+000
 -1.6023382e+000  1.6023382e+000
 -1.6046058e+000  1.6046058e+000
 -1.6080825e+000  1.6080825e+000
 -1.6121959e+000  1.6121959e+000
 -1.6180698e+000  1.6180698e+000
 -1.6232197e+000  1.6232197e+000
 -1.6250796e+000  1.6250796e+000
 -1.6280849e+000  1.6280849e+000
 -1.6342868e+000  1.6342868e+000
 -1.6387847e+000  1.6387847e+000
 -1.6400837e+000  1.6400837e+000
 -1.6426992e+000  1.6426992e+000
 -1.6463100e+000  1.6463100e+000
 -1.6495446e+000  1.6495446e+000
 -1.6524241e+000  1.6524241e+000
 -1.6548670e+000  1.6548670e+000
 -1.6570134e+000  1.6570134e+000
 -1.6593601e+000  1.6593601e+000
 -1.6617935e+000  1.6617935e+000
 -1.6662868e+000  1.6662868e+000
 -1.6712416e+000  1.6712416e+000
 -1.6734889e+000  1.6734889e+000
 -1.6752457e+000  1.6752457e+000
 -1.6783444e+000  1.6783444e+000
 -1.6815393e+000  1.6815393e+000
 -1.6854132e+000  1.6854132e+000
 -1.6893596e+000  1.6893596e+000
 -1.6949514e+000  1.6949514e+000
 -1.7005944e+000  1.7005944e+000
 -1.6928613e+000  1.6928613e+000
 -1.6992363e+000  1.6992363e+000
 -1.7056113e+000  1.7056113e+000
 -1.7119863e+000  1.7119863e+000
 -1.7183613e+000  1.7183613e+000
 -1.7247363e+000  1.7247363e+000
 -1.7315810e+000  1.7315810e+000
 -1.7384258e+000  1.7384258e+000
 -1.7452706e+000  1.7452706e+000
 -1.7521154e+000  1.7521154e+000
 -1.7589602e+000  1.7589602e+000
 -1.7658049e+000  1.7658049e+000
 -1.7726497e+000  1.7726497e+000
 -1.7794945e+000  1.7794945e+000
 -1.7870124e+000  1.7870124e+000
 -1.7945302e+000  1.7945302e+000
 -1.8020481e+000  1.8020481e+000
 -1.8095659e+000  1.8095659e+000
 -1.8170838e+000  1.8170838e+000
 -1.8246016e+000  1.8246016e+000
 -1.8321195e+000  1.8321195e+000
 -1.8396374e+000  1.8396374e+000
 -1.8480989e+000  1.8480989e+000
 -1.8565604e+000  1.8565604e+000
 -1.8650220e+000  1.8650220e+000
 -1.8734835e+000  1.8734835e+000
 -1.8819451e+000  1.8819451e+000
 -1.8904066e+000  1.8904066e+000
 -1.8988681e+000  1.8988681e+000
 -1.9073297e+000  1.9073297e+000
 -1.9171030e+000  1.9171030e+000
 -1.9268764e+000  1.9268764e+000
 -1.9366497e+000  1.9366497e+000
 -1.9464231e+000  1.9464231e+000
 -1.9561964e+000  1.9561964e+000
 -1.9659698e+000  1.9659698e+000
 -1.9757431e+000  1.9757431e+000
 -1.9855165e+000  1.9855165e+000
 -1.9962816e+000  1.9962816e+000
 -2.0000000e+000  2.0000000e+000
 -2.0000000e+000  2.0000000e+000
 -2.0000000e+000  2.0000000e+000
 -2.0000000e+000  2.0000000e+000
 -2.0000000e+000  2.0000000e+000
 -2.0000000e+000  2.0000000e+000
 -2.0000000e+000  2.0000000e+000
 -2.0000000e+000  2.0000000e+000
 -2.0000000e+000  2.0000000e+000
 -2.0000000e+000  2.0000000e+000
 -2.0000000e+000  2.0000000e+000
 -2.0000000e+000  2.0000000e+000
 -2.0000000e+000  2.0000000e+000
 -2.0000000e+000  2.0000000e+000
 -2.0000000e+000  2.0000000e+000
 -2.0000000e+000  2.0000000e+000
 -2.0000000e+000  2.0000000e+000
 -2.0000000e+000  2.0000000e+000
 -2.0000000e+000  2.0000000e+000
 -2.0000000e+000  2.0000000e+000
 -2.0000000e+000  2.0000000e+000
 -2.0000000e+000  2.0000000e+000
 -2.0000000e+000  2.0000000e+000
 -2.0000000e+000  2.0000000e+000
 -2.0000000e+000  2.0000000e+000
 -2.0000000e+000  2.0000000e+000
 -2.0000000e+000  2.0000000e+000
 -2.0000000e+000  2.0000000e+000
 -2.0000000e+000  2.0000000e+000
 -2.0000000e+000  2.0000000e+000
 -2.0000000e+000  2.0000000e+000
 -2.0000000e+000  2.0000000e+000
 -2.0000000e+000  2.0000000e+000
 -2.0000000e+000  2.0000000e+000
 -2.0000000e+000  2.0000000e+000
 -2.0000000e+000  2.0000000e+000
 -2.0000000e+000  2.0000000e+000
 -2.0000000e+000  2.0000000e+000
 -2.0000000e+000  2.0000000e+000
