 -1.0000000e+000  1.0000000e+000
 -1.0000000e+000  1.0000000e+000
 -1.0000000e+000  1.0000000e+000
 -1.0000000e+000  1.0000000e+000
 -1.0000000e+000  1.0000000e+000
 -1.0000000e+000  1.0000000e+000
 -1.0000000e+000  1.0000000e+000
 -1.0000000e+000  1.0000000e+000
 -1.0000000e+000  1.0000000e+000
 -1.0000000e+000  1.0000000e+000
 -1.0000000e+000  1.0000000e+000
 -1.0000000e+000  1.0000000e+000
 -1.0000000e+000  1.0000000e+000
 -1.0000000e+000  1.0000000e+000
 -1.0000000e+000  1.0000000e+000
 -1.0000000e+000  1.0000000e+000
 -1.0000000e+000  1.0000000e+000
 -1.0000000e+000  1.0000000e+000
 -1.0000000e+000  1.0000000e+000
 -1.0000000e+000  1.0000000e+000
 -1.0000000e+000  1.0000000e+000
 -1.0000000e+000  1.0000000e+000
 -1.0000000e+000  1.0000000e+000
 -1.0000000e+000  1.0000000e+000
 -1.0000000e+000  1.0000000e+000
 -1.0000000e+000  1.0000000e+000
 -1.0000000e+000  1.0000000e+000
 -1.0000000e+000  1.0000000e+000
 -1.0000000e+000  1.0000000e+000
 -1.0000000e+000  1.0000000e+000
 -1.0000000e+000  1.0000000e+000
 -1.0000000e+000  1.0000000e+000
 -1.0000000e+000  1.0000000e+000
 -1.0000000e+000  1.0000000e+000
 -1.0000000e+000  1.0000000e+000
 -1.0000000e+000  1.0000000e+000
 -1.0000000e+000  1.0000000e+000
 -1.0000000e+000  1.0000000e+000
 -1.0000000e+000  1.0000000e+000
 -1.0000000e+000  1.0000000e+000
 -1.0000000e+000  1.0000000e+000
 -1.0000000e+000  1.0000000e+000
 -1.0000000e+000  1.0000000e+000
 -1.0000000e+000  1.0000000e+000
 -1.0000000e+000  1.0000000e+000
 -1.0000000e+000  1.0000000e+000
 -1.0000000e+000  1.0000000e+000
 -1.0000000e+000  1.0000000e+000
 -1.0000000e+000  1.0000000e+000
 -1.0000000e+000  1.0000000e+000
 -1.0000000e+000  1.0000000e+000
 -1.0000000e+000  1.0000000e+000
 -1.0000000e+000  1.0000000e+000
 -1.0000000e+000  1.0000000e+000
 -1.0000000e+000  1.0000000e+000
 -1.0000000e+000  1.0000000e+000
 -1.0000000e+000  1.0000000e+000
 -1.0000000e+000  1.0000000e+000
 -1.0000000e+000  1.0000000e+000
 -1.0000000e+000  1.0000000e+000
 -1.0000000e+000  1.0000000e+000
 -1.0000000e+000  1.0000000e+000
 -1.0000000e+000  1.0000000e+000
 -1.0000000e+000  1.0000000e+000
 -1.0000000e+000  1.0000000e+000
 -1.0000000e+000  1.0000000e+000
 -1.0000000e+000  1.0000000e+000
 -1.0000000e+000  1.0000000e+000
 -1.0000000e+000  1.0000000e+000
 -1.0000000e+000  1.0000000e+000
 -1.0000000e+000  1.0000000e+000
 -1.0000000e+000  1.0000000e+000
 -1.0000000e+000  1.0000000e+000
 -1.0000000e+000  1.0000000e+000
 -1.0000000e+000  1.0000000e+000
 -1.0000000e+000  1.0000000e+000
 -1.0000000e+000  1.0000000e+000
 -1.0000000e+000  1.0000000e+000
 -1.0000000e+000  1.0000000e+000
 -1.0000000e+000  1.0000000e+000
 -1.0000000e+000  1.0000000e+000
 -1.0000000e+000  1.0000000e+000
 -1.0000000e+000  1.0000000e+000
 -1.0000000e+000  1.0000000e+000
 -1.0000000e+000  1.0000000e+000
 -1.0000000e+000  1.0000000e+000
 -1.0000000e+000  1.0000000e+000
 -1.0000000e+000  1.0000000e+000
 -1.0000000e+000  1.0000000e+000
 -1.0000000e+000  1.0000000e+000
 -1.0000000e+000  1.0000000e+000
 -1.0000000e+000  1.0000000e+000
 -1.0000000e+000  1.0000000e+000
 -1.0000000e+000  1.0000000e+000
 -1.0000000e+000  1.0000000e+000
 -1.0000000e+000  1.0000000e+000
 -1.0000000e+000  1.0000000e+000
 -1.0000000e+000  1.0000000e+000
 -1.0000000e+000  1.0000000e+000
 -1.0000000e+000  1.0000000e+000
 -1.0000000e+000  1.0000000e+000
 -1.0000000e+000  1.0000000e+000
 -1.0000000e+000  1.0000000e+000
 -1.0000000e+000  1.0000000e+000
 -1.0000000e+000  1.0000000e+000
 -1.0000000e+000  1.0000000e+000
 -1.0000000e+000  1.0000000e+000
 -1.0000000e+000  1.0000000e+000
 -1.0000000e+000  1.0000000e+000
 -1.0000000e+000  1.0000000e+000
 -1.0000000e+000  1.0000000e+000
 -1.0000000e+000  1.0000000e+000
 -1.0000000e+000  1.0000000e+000
 -1.0000000e+000  1.0000000e+000
 -1.0000000e+000  1.0000000e+000
 -1.0000000e+000  1.0000000e+000
 -1.0000000e+000  1.0000000e+000
 -1.0000000e+000  1.0000000e+000
 -1.0000000e+000  1.0000000e+000
 -1.0000000e+000  1.0000000e+000
 -1.0000000e+000  1.0000000e+000
 -1.0000000e+000  1.0000000e+000
 -1.0000000e+000  1.0000000e+000
 -1.0000000e+000  1.0000000e+000
 -1.0000000e+000  1.0000000e+000
 -1.0000000e+000  1.0000000e+000
 -1.0000000e+000  1.0000000e+000
 -1.0000000e+000  1.0000000e+000
 -1.0000000e+000  1.0000000e+000
 -1.0000000e+000  1.0000000e+000
 -1.0000000e+000  1.0000000e+000
 -1.0000000e+000  1.0000000e+000
 -1.0000000e+000  1.0000000e+000
 -1.0000000e+000  1.0000000e+000
 -1.0000000e+000  1.0000000e+000
 -1.0000000e+000  1.0000000e+000
 -1.0000000e+000  1.0000000e+000
 -1.0000000e+000  1.0000000e+000
 -1.0000000e+000  1.0000000e+000
 -1.0000000e+000  1.0000000e+000
 -1.0000000e+000  1.0000000e+000
 -1.0000000e+000  1.0000000e+000
 -1.0000000e+000  1.0000000e+000
 -1.0000000e+000  1.0000000e+000
 -1.0000000e+000  1.0000000e+000
 -1.0000000e+000  1.0000000e+000
 -1.0000712e+000  1.0000712e+000
 -1.0002753e+000  1.0002753e+000
 -1.0004771e+000  1.0004771e+000
 -1.0006761e+000  1.0006761e+000
 -1.0009752e+000  1.0009752e+000
 -1.0013684e+000  1.0013684e+000
 -1.0019918e+000  1.0019918e+000
 -1.0027695e+000  1.0027695e+000
 -1.0034017e+000  1.0034017e+000
 -1.0039666e+000  1.0039666e+000
 -1.0043736e+000  1.0043736e+000
 -1.0047327e+000  1.0047327e+000
 -1.0047610e+000  1.0047610e+000
 -1.0047310e+000  1.0047310e+000
 -1.0050508e+000  1.0050508e+000
 -1.0053922e+000  1.0053922e+000
 -1.0055452e+000  1.0055452e+000
 -1.0057162e+000  1.0057162e+000
 -1.0060475e+000  1.0060475e+000
 -1.0063779e+000  1.0063779e+000
 -1.0067039e+000  1.0067039e+000
 -1.0071228e+000  1.0071228e+000
 -1.0077958e+000  1.0077958e+000
 -1.0083407e+000  1.0083407e+000
 -1.0086490e+000  1.0086490e+000
 -1.0087252e+000  1.0087252e+000
 -1.0084999e+000  1.0084999e+000
 -1.0087261e+000  1.0087261e+000
 -1.0093718e+000  1.0093718e+000
 -1.0099068e+000  1.0099068e+000
 -1.0103685e+000  1.0103685e+000
 -1.0105905e+000  1.0105905e+000
 -1.0107025e+000  1.0107025e+000
 -1.0110703e+000  1.0110703e+000
 -1.0115149e+000  1.0115149e+000
 -1.0116691e+000  1.0116691e+000
 -1.0117732e+000  1.0117732e+000
 -1.0124899e+000  1.0124899e+000
 -1.0132261e+000  1.0132261e+000
 -1.0128298e+000  1.0128298e+000
 -1.0125339e+000  1.0125339e+000
 -1.0131081e+000  1.0131081e+000
 -1.0135022e+000  1.0135022e+000
 -1.0131103e+000  1.0131103e+000
 -1.0126785e+000  1.0126785e+000
 -1.0121386e+000  1.0121386e+000
 -1.0121009e+000  1.0121009e+000
 -1.0129804e+000  1.0129804e+000
 -1.0136473e+000  1.0136473e+000
 -1.0140402e+000  1.0140402e+000
 -1.0143516e+000  1.0143516e+000
 -1.0145881e+000  1.0145881e+000
 -1.0145445e+000  1.0145445e+000
 -1.0143175e+000  1.0143175e+000
 -1.0140935e+000  1.0140935e+000
 -1.0138709e+000  1.0138709e+000
 -1.0138827e+000  1.0138827e+000
 -1.0139640e+000  1.0139640e+000
 -1.0146726e+000  1.0146726e+000
 -1.0154880e+000  1.0154880e+000
 -1.0157443e+000  1.0157443e+000
 -1.0159543e+000  1.0159543e+000
 -1.0157341e+000  1.0157341e+000
 -1.0155746e+000  1.0155746e+000
 -1.0159293e+000  1.0159293e+000
 -1.0162569e+000  1.0162569e+000
 -1.0164678e+000  1.0164678e+000
 -1.0168303e+000  1.0168303e+000
 -1.0175970e+000  1.0175970e+000
 -1.0182603e+000  1.0182603e+000
 -1.0187359e+000  1.0187359e+000
 -1.0192065e+000  1.0192065e+000
 -1.0196707e+000  1.0196707e+000
 -1.0202054e+000  1.0202054e+000
 -1.0208043e+000  1.0208043e+000
 -1.0213147e+000  1.0213147e+000
 -1.0217678e+000  1.0217678e+000
 -1.0223076e+000  1.0223076e+000
 -1.0228866e+000  1.0228866e+000
 -1.0232497e+000  1.0232497e+000
 -1.0235497e+000  1.0235497e+000
 -1.0238467e+000  1.0238467e+000
 -1.0241432e+000  1.0241432e+000
 -1.0245586e+000  1.0245586e+000
 -1.0249750e+000  1.0249750e+000
 -1.0251257e+000  1.0251257e+000
 -1.0253321e+000  1.0253321e+000
 -1.0259975e+000  1.0259975e+000
 -1.0266120e+000  1.0266120e+000
 -1.0270110e+000  1.0270110e+000
 -1.0273741e+000  1.0273741e+000
 -1.0276426e+000  1.0276426e+000
 -1.0279087e+000  1.0279087e+000
 -1.0281703e+000  1.0281703e+000
 -1.0284866e+000  1.0284866e+000
 -1.0288719e+000  1.0288719e+000
 -1.0291236e+000  1.0291236e+000
 -1.0292548e+000  1.0292548e+000
 -1.0296099e+000  1.0296099e+000
 -1.0301088e+000  1.0301088e+000
 -1.0305176e+000  1.0305176e+000
 -1.0308864e+000  1.0308864e+000
 -1.0311555e+000  1.0311555e+000
 -1.0313959e+000  1.0313959e+000
 -1.0317369e+000  1.0317369e+000
 -1.0320944e+000  1.0320944e+000
 -1.0322181e+000  1.0322181e+000
 -1.0323310e+000  1.0323310e+000
 -1.0325596e+000  1.0325596e+000
 -1.0328013e+000  1.0328013e+000
 -1.0331473e+000  1.0331473e+000
 -1.0335146e+000  1.0335146e+000
 -1.0339697e+000  1.0339697e+000
 -1.0344235e+000  1.0344235e+000
 -1.0348734e+000  1.0348734e+000
 -1.0351953e+000  1.0351953e+000
 -1.0352904e+000  1.0352904e+000
 -1.0353354e+000  1.0353354e+000
 -1.0353176e+000  1.0353176e+000
 -1.0356584e+000  1.0356584e+000
 -1.0363195e+000  1.0363195e+000
 -1.0365613e+000  1.0365613e+000
 -1.0365370e+000  1.0365370e+000
 -1.0365923e+000  1.0365923e+000
 -1.0366827e+000  1.0366827e+000
 -1.0365989e+000  1.0365989e+000
 -1.0364657e+000  1.0364657e+000
 -1.0365232e+000  1.0365232e+000
 -1.0366111e+000  1.0366111e+000
 -1.0370092e+000  1.0370092e+000
 -1.0374120e+000  1.0374120e+000
 -1.0373821e+000  1.0373821e+000
 -1.0373651e+000  1.0373651e+000
 -1.0374498e+000  1.0374498e+000
 -1.0375335e+000  1.0375335e+000
 -1.0376128e+000  1.0376128e+000
 -1.0376327e+000  1.0376327e+000
 -1.0375001e+000  1.0375001e+000
 -1.0375209e+000  1.0375209e+000
 -1.0378100e+000  1.0378100e+000
 -1.0381469e+000  1.0381469e+000
 -1.0385430e+000  1.0385430e+000
 -1.0388251e+000  1.0388251e+000
 -1.0390064e+000  1.0390064e+000
 -1.0390573e+000  1.0390573e+000
 -1.0390263e+000  1.0390263e+000
 -1.0392127e+000  1.0392127e+000
 -1.0394933e+000  1.0394933e+000
 -1.0398467e+000  1.0398467e+000
 -1.0402207e+000  1.0402207e+000
 -1.0403282e+000  1.0403282e+000
 -1.0403940e+000  1.0403940e+000
 -1.0404621e+000  1.0404621e+000
 -1.0405271e+000  1.0405271e+000
 -1.0404932e+000  1.0404932e+000
 -1.0405057e+000  1.0405057e+000
 -1.0408724e+000  1.0408724e+000
 -1.0411778e+000  1.0411778e+000
 -1.0412360e+000  1.0412360e+000
 -1.0413503e+000  1.0413503e+000
 -1.0416075e+000  1.0416075e+000
 -1.0418288e+000  1.0418288e+000
 -1.0419881e+000  1.0419881e+000
 -1.0422326e+000  1.0422326e+000
 -1.0425813e+000  1.0425813e+000
 -1.0427729e+000  1.0427729e+000
 -1.0428269e+000  1.0428269e+000
 -1.0429424e+000  1.0429424e+000
 -1.0430960e+000  1.0430960e+000
 -1.0431802e+000  1.0431802e+000
 -1.0432348e+000  1.0432348e+000
 -1.0435155e+000  1.0435155e+000
 -1.0438587e+000  1.0438587e+000
 -1.0437827e+000  1.0437827e+000
 -1.0436425e+000  1.0436425e+000
 -1.0440442e+000  1.0440442e+000
 -1.0444672e+000  1.0444672e+000
 -1.0446993e+000  1.0446993e+000
 -1.0449205e+000  1.0449205e+000
 -1.0450597e+000  1.0450597e+000
 -1.0451800e+000  1.0451800e+000
 -1.0452256e+000  1.0452256e+000
 -1.0452709e+000  1.0452709e+000
 -1.0453155e+000  1.0453155e+000
 -1.0454277e+000  1.0454277e+000
 -1.0456556e+000  1.0456556e+000
 -1.0459236e+000  1.0459236e+000
 -1.0462403e+000  1.0462403e+000
 -1.0464577e+000  1.0464577e+000
 -1.0465888e+000  1.0465888e+000
 -1.0467746e+000  1.0467746e+000
 -1.0469942e+000  1.0469942e+000
 -1.0471507e+000  1.0471507e+000
 -1.0472806e+000  1.0472806e+000
 -1.0475453e+000  1.0475453e+000
 -1.0478468e+000  1.0478468e+000
 -1.0481490e+000  1.0481490e+000
 -1.0484514e+000  1.0484514e+000
 -1.0483300e+000  1.0483300e+000
 -1.0482009e+000  1.0482009e+000
 -1.0484090e+000  1.0484090e+000
 -1.0485753e+000  1.0485753e+000
 -1.0484359e+000  1.0484359e+000
 -1.0483490e+000  1.0483490e+000
 -1.0484673e+000  1.0484673e+000
 -1.0485362e+000  1.0485362e+000
 -1.0484828e+000  1.0484828e+000
 -1.0487155e+000  1.0487155e+000
 -1.0494335e+000  1.0494335e+000
 -1.0499131e+000  1.0499131e+000
 -1.0501065e+000  1.0501065e+000
 -1.0501663e+000  1.0501663e+000
 -1.0501115e+000  1.0501115e+000
 -1.0501604e+000  1.0501604e+000
 -1.0502724e+000  1.0502724e+000
 -1.0504415e+000  1.0504415e+000
 -1.0506344e+000  1.0506344e+000
 -1.0506928e+000  1.0506928e+000
 -1.0507152e+000  1.0507152e+000
 -1.0506692e+000  1.0506692e+000
 -1.0506131e+000  1.0506131e+000
 -1.0507057e+000  1.0507057e+000
 -1.0508324e+000  1.0508324e+000
 -1.0513530e+000  1.0513530e+000
 -1.0518323e+000  1.0518323e+000
 -1.0520152e+000  1.0520152e+000
 -1.0522322e+000  1.0522322e+000
 -1.0525801e+000  1.0525801e+000
 -1.0527869e+000  1.0527869e+000
 -1.0526480e+000  1.0526480e+000
 -1.0527093e+000  1.0527093e+000
 -1.0531250e+000  1.0531250e+000
 -1.0534302e+000  1.0534302e+000
 -1.0536039e+000  1.0536039e+000
 -1.0536960e+000  1.0536960e+000
 -1.0537186e+000  1.0537186e+000
 -1.0537839e+000  1.0537839e+000
 -1.0538749e+000  1.0538749e+000
 -1.0540220e+000  1.0540220e+000
 -1.0541907e+000  1.0541907e+000
 -1.0544188e+000  1.0544188e+000
 -1.0546625e+000  1.0546625e+000
 -1.0547079e+000  1.0547079e+000
 -1.0547247e+000  1.0547247e+000
 -1.0546666e+000  1.0546666e+000
 -1.0546300e+000  1.0546300e+000
 -1.0551724e+000  1.0551724e+000
 -1.0556581e+000  1.0556581e+000
 -1.0557473e+000  1.0557473e+000
 -1.0558681e+000  1.0558681e+000
 -1.0561085e+000  1.0561085e+000
 -1.0563913e+000  1.0563913e+000
 -1.0567771e+000  1.0567771e+000
 -1.0570532e+000  1.0570532e+000
 -1.0571340e+000  1.0571340e+000
 -1.0572137e+000  1.0572137e+000
 -1.0572923e+000  1.0572923e+000
 -1.0574499e+000  1.0574499e+000
 -1.0576741e+000  1.0576741e+000
 -1.0579018e+000  1.0579018e+000
 -1.0581316e+000  1.0581316e+000
 -1.0584049e+000  1.0584049e+000
 -1.0587203e+000  1.0587203e+000
 -1.0589566e+000  1.0589566e+000
 -1.0591724e+000  1.0591724e+000
 -1.0592001e+000  1.0592001e+000
 -1.0592014e+000  1.0592014e+000
 -1.0594116e+000  1.0594116e+000
 -1.0596267e+000  1.0596267e+000
 -1.0597683e+000  1.0597683e+000
 -1.0599441e+000  1.0599441e+000
 -1.0602255e+000  1.0602255e+000
 -1.0604929e+000  1.0604929e+000
 -1.0607088e+000  1.0607088e+000
 -1.0609875e+000  1.0609875e+000
 -1.0614165e+000  1.0614165e+000
 -1.0617319e+000  1.0617319e+000
 -1.0618609e+000  1.0618609e+000
 -1.0620068e+000  1.0620068e+000
 -1.0621417e+000  1.0621417e+000
 -1.0623870e+000  1.0623870e+000
 -1.0627247e+000  1.0627247e+000
 -1.0628459e+000  1.0628459e+000
 -1.0628398e+000  1.0628398e+000
 -1.0630863e+000  1.0630863e+000
 -1.0634349e+000  1.0634349e+000
 -1.0636007e+000  1.0636007e+000
 -1.0637239e+000  1.0637239e+000
 -1.0640390e+000  1.0640390e+000
 -1.0643802e+000  1.0643802e+000
 -1.0647089e+000  1.0647089e+000
 -1.0650181e+000  1.0650181e+000
 -1.0649378e+000  1.0649378e+000
 -1.0649142e+000  1.0649142e+000
 -1.0653138e+000  1.0653138e+000
 -1.0656687e+000  1.0656687e+000
 -1.0658586e+000  1.0658586e+000
 -1.0660703e+000  1.0660703e+000
 -1.0663335e+000  1.0663335e+000
 -1.0666181e+000  1.0666181e+000
 -1.0669376e+000  1.0669376e+000
 -1.0672278e+000  1.0672278e+000
 -1.0674853e+000  1.0674853e+000
 -1.0677393e+000  1.0677393e+000
 -1.0679904e+000  1.0679904e+000
 -1.0681542e+000  1.0681542e+000
 -1.0682669e+000  1.0682669e+000
 -1.0683313e+000  1.0683313e+000
 -1.0683762e+000  1.0683762e+000
 -1.0683518e+000  1.0683518e+000
 -1.0683476e+000  1.0683476e+000
 -1.0687897e+000  1.0687897e+000
 -1.0692917e+000  1.0692917e+000
 -1.0693545e+000  1.0693545e+000
 -1.0694142e+000  1.0694142e+000
 -1.0697149e+000  1.0697149e+000
 -1.0700147e+000  1.0700147e+000
 -1.0703095e+000  1.0703095e+000
 -1.0706109e+000  1.0706109e+000
 -1.0708476e+000  1.0708476e+000
 -1.0711009e+000  1.0711009e+000
 -1.0713932e+000  1.0713932e+000
 -1.0715643e+000  1.0715643e+000
 -1.0715406e+000  1.0715406e+000
 -1.0716338e+000  1.0716338e+000
 -1.0718607e+000  1.0718607e+000
 -1.0720191e+000  1.0720191e+000
 -1.0721177e+000  1.0721177e+000
 -1.0723390e+000  1.0723390e+000
 -1.0726311e+000  1.0726311e+000
 -1.0728788e+000  1.0728788e+000
 -1.0731093e+000  1.0731093e+000
 -1.0734287e+000  1.0734287e+000
 -1.0737703e+000  1.0737703e+000
 -1.0741200e+000  1.0741200e+000
 -1.0744674e+000  1.0744674e+000
 -1.0745128e+000  1.0745128e+000
 -1.0745610e+000  1.0745610e+000
 -1.0748395e+000  1.0748395e+000
 -1.0751339e+000  1.0751339e+000
 -1.0755305e+000  1.0755305e+000
 -1.0758418e+000  1.0758418e+000
 -1.0758749e+000  1.0758749e+000
 -1.0759435e+000  1.0759435e+000
 -1.0760939e+000  1.0760939e+000
 -1.0762650e+000  1.0762650e+000
 -1.0764688e+000  1.0764688e+000
 -1.0767364e+000  1.0767364e+000
 -1.0770762e+000  1.0770762e+000
 -1.0773352e+000  1.0773352e+000
 -1.0775378e+000  1.0775378e+000
 -1.0778162e+000  1.0778162e+000
 -1.0781377e+000  1.0781377e+000
 -1.0783353e+000  1.0783353e+000
 -1.0784845e+000  1.0784845e+000
 -1.0788139e+000  1.0788139e+000
 -1.0791872e+000  1.0791872e+000
 -1.0793470e+000  1.0793470e+000
 -1.0794906e+000  1.0794906e+000
 -1.0796917e+000  1.0796917e+000
 -1.0799101e+000  1.0799101e+000
 -1.0803995e+000  1.0803995e+000
 -1.0808732e+000  1.0808732e+000
 -1.0812466e+000  1.0812466e+000
 -1.0815380e+000  1.0815380e+000
 -1.0815409e+000  1.0815409e+000
 -1.0816857e+000  1.0816857e+000
 -1.0820528e+000  1.0820528e+000
 -1.0823258e+000  1.0823258e+000
 -1.0824505e+000  1.0824505e+000
 -1.0825495e+000  1.0825495e+000
 -1.0826193e+000  1.0826193e+000
 -1.0827559e+000  1.0827559e+000
 -1.0829461e+000  1.0829461e+000
 -1.0833198e+000  1.0833198e+000
 -1.0837972e+000  1.0837972e+000
 -1.0840577e+000  1.0840577e+000
 -1.0842347e+000  1.0842347e+000
 -1.0844610e+000  1.0844610e+000
 -1.0846992e+000  1.0846992e+000
 -1.0849911e+000  1.0849911e+000
 -1.0852896e+000  1.0852896e+000
 -1.0854109e+000  1.0854109e+000
 -1.0855396e+000  1.0855396e+000
 -1.0858847e+000  1.0858847e+000
 -1.0862060e+000  1.0862060e+000
 -1.0863807e+000  1.0863807e+000
 -1.0865552e+000  1.0865552e+000
 -1.0867291e+000  1.0867291e+000
 -1.0868647e+000  1.0868647e+000
 -1.0869246e+000  1.0869246e+000
 -1.0870487e+000  1.0870487e+000
 -1.0872729e+000  1.0872729e+000
 -1.0875546e+000  1.0875546e+000
 -1.0879002e+000  1.0879002e+000
 -1.0882985e+000  1.0882985e+000
 -1.0887386e+000  1.0887386e+000
 -1.0889937e+000  1.0889937e+000
 -1.0891785e+000  1.0891785e+000
 -1.0893467e+000  1.0893467e+000
 -1.0895085e+000  1.0895085e+000
 -1.0898486e+000  1.0898486e+000
 -1.0902308e+000  1.0902308e+000
 -1.0903187e+000  1.0903187e+000
 -1.0903710e+000  1.0903710e+000
 -1.0906246e+000  1.0906246e+000
 -1.0908907e+000  1.0908907e+000
 -1.0911001e+000  1.0911001e+000
 -1.0913570e+000  1.0913570e+000
 -1.0918995e+000  1.0918995e+000
 -1.0923770e+000  1.0923770e+000
 -1.0926319e+000  1.0926319e+000
 -1.0928875e+000  1.0928875e+000
 -1.0931442e+000  1.0931442e+000
 -1.0933876e+000  1.0933876e+000
 -1.0935928e+000  1.0935928e+000
 -1.0938213e+000  1.0938213e+000
 -1.0940753e+000  1.0940753e+000
 -1.0942669e+000  1.0942669e+000
 -1.0944098e+000  1.0944098e+000
 -1.0946522e+000  1.0946522e+000
 -1.0949495e+000  1.0949495e+000
 -1.0953062e+000  1.0953062e+000
 -1.0956642e+000  1.0956642e+000
 -1.0958896e+000  1.0958896e+000
 -1.0960838e+000  1.0960838e+000
 -1.0965175e+000  1.0965175e+000
 -1.0969792e+000  1.0969792e+000
 -1.0974262e+000  1.0974262e+000
 -1.0978527e+000  1.0978527e+000
 -1.0979406e+000  1.0979406e+000
 -1.0980797e+000  1.0980797e+000
 -1.0985210e+000  1.0985210e+000
 -1.0988918e+000  1.0988918e+000
 -1.0990250e+000  1.0990250e+000
 -1.0992397e+000  1.0992397e+000
 -1.0996339e+000  1.0996339e+000
 -1.0999694e+000  1.0999694e+000
 -1.1002816e+000  1.1002816e+000
 -1.1006229e+000  1.1006229e+000
 -1.1009959e+000  1.1009959e+000
 -1.1012330e+000  1.1012330e+000
 -1.1013646e+000  1.1013646e+000
 -1.1016941e+000  1.1016941e+000
 -1.1021318e+000  1.1021318e+000
 -1.1025005e+000  1.1025005e+000
 -1.1028326e+000  1.1028326e+000
 -1.1031245e+000  1.1031245e+000
 -1.1034071e+000  1.1034071e+000
 -1.1037190e+000  1.1037190e+000
 -1.1040342e+000  1.1040342e+000
 -1.1044626e+000  1.1044626e+000
 -1.1048946e+000  1.1048946e+000
 -1.1053466e+000  1.1053466e+000
 -1.1058415e+000  1.1058415e+000
 -1.1062656e+000  1.1062656e+000
 -1.1066640e+000  1.1066640e+000
 -1.1069769e+000  1.1069769e+000
 -1.1072585e+000  1.1072585e+000
 -1.1074726e+000  1.1074726e+000
 -1.1077467e+000  1.1077467e+000
 -1.1081115e+000  1.1081115e+000
 -1.1084494e+000  1.1084494e+000
 -1.1087582e+000  1.1087582e+000
 -1.1090379e+000  1.1090379e+000
 -1.1092953e+000  1.1092953e+000
 -1.1096812e+000  1.1096812e+000
 -1.1101366e+000  1.1101366e+000
 -1.1105563e+000  1.1105563e+000
 -1.1109630e+000  1.1109630e+000
 -1.1112944e+000  1.1112944e+000
 -1.1116063e+000  1.1116063e+000
 -1.1120818e+000  1.1120818e+000
 -1.1125755e+000  1.1125755e+000
 -1.1128789e+000  1.1128789e+000
 -1.1131951e+000  1.1131951e+000
 -1.1137386e+000  1.1137386e+000
 -1.1142393e+000  1.1142393e+000
 -1.1145313e+000  1.1145313e+000
 -1.1148927e+000  1.1148927e+000
 -1.1154830e+000  1.1154830e+000
 -1.1159622e+000  1.1159622e+000
 -1.1162022e+000  1.1162022e+000
 -1.1165579e+000  1.1165579e+000
 -1.1170872e+000  1.1170872e+000
 -1.1175738e+000  1.1175738e+000
 -1.1180589e+000  1.1180589e+000
 -1.1184025e+000  1.1184025e+000
 -1.1186382e+000  1.1186382e+000
 -1.1191245e+000  1.1191245e+000
 -1.1197449e+000  1.1197449e+000
 -1.1202177e+000  1.1202177e+000
 -1.1206372e+000  1.1206372e+000
 -1.1208732e+000  1.1208732e+000
 -1.1210575e+000  1.1210575e+000
 -1.1214815e+000  1.1214815e+000
 -1.1219314e+000  1.1219314e+000
 -1.1224530e+000  1.1224530e+000
 -1.1229644e+000  1.1229644e+000
 -1.1233245e+000  1.1233245e+000
 -1.1236897e+000  1.1236897e+000
 -1.1240842e+000  1.1240842e+000
 -1.1245359e+000  1.1245359e+000
 -1.1250670e+000  1.1250670e+000
 -1.1255269e+000  1.1255269e+000
 -1.1258353e+000  1.1258353e+000
 -1.1261845e+000  1.1261845e+000
 -1.1265944e+000  1.1265944e+000
 -1.1270877e+000  1.1270877e+000
 -1.1276692e+000  1.1276692e+000
 -1.1281592e+000  1.1281592e+000
 -1.1285470e+000  1.1285470e+000
 -1.1290592e+000  1.1290592e+000
 -1.1296373e+000  1.1296373e+000
 -1.1301067e+000  1.1301067e+000
 -1.1305373e+000  1.1305373e+000
 -1.1308886e+000  1.1308886e+000
 -1.1312223e+000  1.1312223e+000
 -1.1318941e+000  1.1318941e+000
 -1.1325993e+000  1.1325993e+000
 -1.1330790e+000  1.1330790e+000
 -1.1335549e+000  1.1335549e+000
 -1.1340167e+000  1.1340167e+000
 -1.1344778e+000  1.1344778e+000
 -1.1349362e+000  1.1349362e+000
 -1.1353771e+000  1.1353771e+000
 -1.1357960e+000  1.1357960e+000
 -1.1362737e+000  1.1362737e+000
 -1.1368757e+000  1.1368757e+000
 -1.1373984e+000  1.1373984e+000
 -1.1378049e+000  1.1378049e+000
 -1.1383212e+000  1.1383212e+000
 -1.1389523e+000  1.1389523e+000
 -1.1394236e+000  1.1394236e+000
 -1.1397864e+000  1.1397864e+000
 -1.1402909e+000  1.1402909e+000
 -1.1408697e+000  1.1408697e+000
 -1.1414083e+000  1.1414083e+000
 -1.1419327e+000  1.1419327e+000
 -1.1423555e+000  1.1423555e+000
 -1.1427563e+000  1.1427563e+000
 -1.1433763e+000  1.1433763e+000
 -1.1440623e+000  1.1440623e+000
 -1.1445043e+000  1.1445043e+000
 -1.1449523e+000  1.1449523e+000
 -1.1455092e+000  1.1455092e+000
 -1.1460610e+000  1.1460610e+000
 -1.1465863e+000  1.1465863e+000
 -1.1470865e+000  1.1470865e+000
 -1.1475082e+000  1.1475082e+000
 -1.1480375e+000  1.1480375e+000
 -1.1487684e+000  1.1487684e+000
 -1.1493596e+000  1.1493596e+000
 -1.1497481e+000  1.1497481e+000
 -1.1502741e+000  1.1502741e+000
 -1.1509424e+000  1.1509424e+000
 -1.1514822e+000  1.1514822e+000
 -1.1519269e+000  1.1519269e+000
 -1.1526031e+000  1.1526031e+000
 -1.1533657e+000  1.1533657e+000
 -1.1539332e+000  1.1539332e+000
 -1.1544327e+000  1.1544327e+000
 -1.1550300e+000  1.1550300e+000
 -1.1556476e+000  1.1556476e+000
 -1.1562324e+000  1.1562324e+000
 -1.1568135e+000  1.1568135e+000
 -1.1574663e+000  1.1574663e+000
 -1.1581065e+000  1.1581065e+000
 -1.1585914e+000  1.1585914e+000
 -1.1591045e+000  1.1591045e+000
 -1.1597672e+000  1.1597672e+000
 -1.1603932e+000  1.1603932e+000
 -1.1609057e+000  1.1609057e+000
 -1.1614819e+000  1.1614819e+000
 -1.1622649e+000  1.1622649e+000
 -1.1629705e+000  1.1629705e+000
 -1.1635650e+000  1.1635650e+000
 -1.1641990e+000  1.1641990e+000
 -1.1648736e+000  1.1648736e+000
 -1.1654760e+000  1.1654760e+000
 -1.1660256e+000  1.1660256e+000
 -1.1666649e+000  1.1666649e+000
 -1.1673392e+000  1.1673392e+000
 -1.1679699e+000  1.1679699e+000
 -1.1685852e+000  1.1685852e+000
 -1.1691823e+000  1.1691823e+000
 -1.1697753e+000  1.1697753e+000
 -1.1703547e+000  1.1703547e+000
 -1.1709325e+000  1.1709325e+000
 -1.1715040e+000  1.1715040e+000
 -1.1721574e+000  1.1721574e+000
 -1.1727668e+000  1.1727668e+000
 -1.1733886e+000  1.1733886e+000
 -1.1740768e+000  1.1740768e+000
 -1.1747973e+000  1.1747973e+000
 -1.1756175e+000  1.1756175e+000
 -1.1763739e+000  1.1763739e+000
 -1.1770006e+000  1.1770006e+000
 -1.1776329e+000  1.1776329e+000
 -1.1782272e+000  1.1782272e+000
 -1.1789357e+000  1.1789357e+000
 -1.1797599e+000  1.1797599e+000
 -1.1805433e+000  1.1805433e+000
 -1.1812973e+000  1.1812973e+000
 -1.1819403e+000  1.1819403e+000
 -1.1825267e+000  1.1825267e+000
 -1.1832940e+000  1.1832940e+000
 -1.1841151e+000  1.1841151e+000
 -1.1847011e+000  1.1847011e+000
 -1.1852385e+000  1.1852385e+000
 -1.1859534e+000  1.1859534e+000
 -1.1866845e+000  1.1866845e+000
 -1.1873815e+000  1.1873815e+000
 -1.1880892e+000  1.1880892e+000
 -1.1889753e+000  1.1889753e+000
 -1.1898344e+000  1.1898344e+000
 -1.1905578e+000  1.1905578e+000
 -1.1912765e+000  1.1912765e+000
 -1.1919825e+000  1.1919825e+000
 -1.1927088e+000  1.1927088e+000
 -1.1934767e+000  1.1934767e+000
 -1.1942804e+000  1.1942804e+000
 -1.1951883e+000  1.1951883e+000
 -1.1959433e+000  1.1959433e+000
 -1.1965449e+000  1.1965449e+000
 -1.1972729e+000  1.1972729e+000
 -1.1980914e+000  1.1980914e+000
 -1.1988518e+000  1.1988518e+000
 -1.1995829e+000  1.1995829e+000
 -1.2004294e+000  1.2004294e+000
 -1.2013782e+000  1.2013782e+000
 -1.2022103e+000  1.2022103e+000
 -1.2030184e+000  1.2030184e+000
 -1.2037859e+000  1.2037859e+000
 -1.2045492e+000  1.2045492e+000
 -1.2054939e+000  1.2054939e+000
 -1.2064204e+000  1.2064204e+000
 -1.2071514e+000  1.2071514e+000
 -1.2079696e+000  1.2079696e+000
 -1.2089086e+000  1.2089086e+000
 -1.2098068e+000  1.2098068e+000
 -1.2105841e+000  1.2105841e+000
 -1.2113816e+000  1.2113816e+000
 -1.2122202e+000  1.2122202e+000
 -1.2131734e+000  1.2131734e+000
 -1.2142871e+000  1.2142871e+000
 -1.2152464e+000  1.2152464e+000
 -1.2160097e+000  1.2160097e+000
 -1.2168229e+000  1.2168229e+000
 -1.2176712e+000  1.2176712e+000
 -1.2185685e+000  1.2185685e+000
 -1.2194897e+000  1.2194897e+000
 -1.2203962e+000  1.2203962e+000
 -1.2212975e+000  1.2212975e+000
 -1.2222748e+000  1.2222748e+000
 -1.2232539e+000  1.2232539e+000
 -1.2240436e+000  1.2240436e+000
 -1.2248160e+000  1.2248160e+000
 -1.2256865e+000  1.2256865e+000
 -1.2265713e+000  1.2265713e+000
 -1.2276147e+000  1.2276147e+000
 -1.2286363e+000  1.2286363e+000
 -1.2296378e+000  1.2296378e+000
 -1.2306089e+000  1.2306089e+000
 -1.2314916e+000  1.2314916e+000
 -1.2323635e+000  1.2323635e+000
 -1.2332146e+000  1.2332146e+000
 -1.2342110e+000  1.2342110e+000
 -1.2354086e+000  1.2354086e+000
 -1.2363567e+000  1.2363567e+000
 -1.2371744e+000  1.2371744e+000
 -1.2382887e+000  1.2382887e+000
 -1.2396115e+000  1.2396115e+000
 -1.2408102e+000  1.2408102e+000
 -1.2419474e+000  1.2419474e+000
 -1.2429733e+000  1.2429733e+000
 -1.2439620e+000  1.2439620e+000
 -1.2448384e+000  1.2448384e+000
 -1.2457023e+000  1.2457023e+000
 -1.2468061e+000  1.2468061e+000
 -1.2479291e+000  1.2479291e+000
 -1.2490021e+000  1.2490021e+000
 -1.2500969e+000  1.2500969e+000
 -1.2514244e+000  1.2514244e+000
 -1.2527061e+000  1.2527061e+000
 -1.2537699e+000  1.2537699e+000
 -1.2549195e+000  1.2549195e+000
 -1.2559255e+000  1.2559255e+000
 -1.2569313e+000  1.2569313e+000
 -1.2564583e+000  1.2564583e+000
 -1.2581354e+000  1.2581354e+000
 -1.2598125e+000  1.2598125e+000
 -1.2614896e+000  1.2614896e+000
 -1.2631667e+000  1.2631667e+000
 -1.2649479e+000  1.2649479e+000
 -1.2667292e+000  1.2667292e+000
 -1.2685104e+000  1.2685104e+000
 -1.2702917e+000  1.2702917e+000
 -1.2720729e+000  1.2720729e+000
 -1.2738542e+000  1.2738542e+000
 -1.2756354e+000  1.2756354e+000
 -1.2774167e+000  1.2774167e+000
 -1.2792812e+000  1.2792812e+000
 -1.2811458e+000  1.2811458e+000
 -1.2830104e+000  1.2830104e+000
 -1.2848750e+000  1.2848750e+000
 -1.2867396e+000  1.2867396e+000
 -1.2886042e+000  1.2886042e+000
 -1.2904688e+000  1.2904688e+000
 -1.2923333e+000  1.2923333e+000
 -1.2943542e+000  1.2943542e+000
 -1.2963750e+000  1.2963750e+000
 -1.2983958e+000  1.2983958e+000
 -1.3004167e+000  1.3004167e+000
 -1.3024375e+000  1.3024375e+000
 -1.3044583e+000  1.3044583e+000
 -1.3064792e+000  1.3064792e+000
 -1.3085000e+000  1.3085000e+000
 -1.3106354e+000  1.3106354e+000
 -1.3127708e+000  1.3127708e+000
 -1.3149063e+000  1.3149063e+000
 -1.3170417e+000  1.3170417e+000
 -1.3191771e+000  1.3191771e+000
 -1.3213125e+000  1.3213125e+000
 -1.3234479e+000  1.3234479e+000
 -1.3255833e+000  1.3255833e+000
 -1.3278854e+000  1.3278854e+000
 -1.3301875e+000  1.3301875e+000
 -1.3324896e+000  1.3324896e+000
 -1.3347917e+000  1.3347917e+000
 -1.3370938e+000  1.3370938e+000
 -1.3393958e+000  1.3393958e+000
 -1.3416979e+000  1.3416979e+000
 -1.3440000e+000  1.3440000e+000
 -1.3464688e+000  1.3464688e+000
 -1.3489375e+000  1.3489375e+000
 -1.3514063e+000  1.3514063e+000
 -1.3538750e+000  1.3538750e+000
 -1.3563438e+000  1.3563438e+000
 -1.3588125e+000  1.3588125e+000
 -1.3612813e+000  1.3612813e+000
 -1.3637500e+000  1.3637500e+000
 -1.3663958e+000  1.3663958e+000
 -1.3690417e+000  1.3690417e+000
 -1.3716875e+000  1.3716875e+000
 -1.3743333e+000  1.3743333e+000
 -1.3769792e+000  1.3769792e+000
 -1.3796250e+000  1.3796250e+000
 -1.3822708e+000  1.3822708e+000
 -1.3849167e+000  1.3849167e+000
 -1.3877917e+000  1.3877917e+000
 -1.3906667e+000  1.3906667e+000
 -1.3935417e+000  1.3935417e+000
 -1.3964167e+000  1.3964167e+000
 -1.3992917e+000  1.3992917e+000
 -1.4021667e+000  1.4021667e+000
 -1.4050417e+000  1.4050417e+000
 -1.4079167e+000  1.4079167e+000
 -1.4110417e+000  1.4110417e+000
 -1.4141667e+000  1.4141667e+000
 -1.4172917e+000  1.4172917e+000
 -1.4204167e+000  1.4204167e+000
 -1.4235417e+000  1.4235417e+000
 -1.4266667e+000  1.4266667e+000
 -1.4297917e+000  1.4297917e+000
 -1.4329167e+000  1.4329167e+000
 -1.4363021e+000  1.4363021e+000
 -1.4396875e+000  1.4396875e+000
 -1.4430729e+000  1.4430729e+000
 -1.4464583e+000  1.4464583e+000
 -1.4498437e+000  1.4498437e+000
 -1.4532292e+000  1.4532292e+000
 -1.4566146e+000  1.4566146e+000
 -1.4600000e+000  1.4600000e+000
 -1.4637083e+000  1.4637083e+000
 -1.4674167e+000  1.4674167e+000
 -1.4711250e+000  1.4711250e+000
 -1.4748333e+000  1.4748333e+000
 -1.4785417e+000  1.4785417e+000
 -1.4822500e+000  1.4822500e+000
 -1.4859583e+000  1.4859583e+000
 -1.4896667e+000  1.4896667e+000
 -1.4937396e+000  1.4937396e+000
 -1.4978125e+000  1.4978125e+000
 -1.5018854e+000  1.5018854e+000
 -1.5059583e+000  1.5059583e+000
 -1.5100312e+000  1.5100312e+000
 -1.5141042e+000  1.5141042e+000
 -1.5181771e+000  1.5181771e+000
 -1.5222500e+000  1.5222500e+000
 -1.5266875e+000  1.5266875e+000
 -1.5311250e+000  1.5311250e+000
 -1.5355625e+000  1.5355625e+000
 -1.5400000e+000  1.5400000e+000
 -1.5444375e+000  1.5444375e+000
 -1.5488750e+000  1.5488750e+000
 -1.5533125e+000  1.5533125e+000
 -1.5577500e+000  1.5577500e+000
 -1.5626771e+000  1.5626771e+000
 -1.5676042e+000  1.5676042e+000
 -1.5725312e+000  1.5725312e+000
 -1.5774583e+000  1.5774583e+000
 -1.5823854e+000  1.5823854e+000
 -1.5873125e+000  1.5873125e+000
 -1.5922396e+000  1.5922396e+000
 -1.5971667e+000  1.5971667e+000
 -1.6025313e+000  1.6025313e+000
 -1.6078958e+000  1.6078958e+000
 -1.6132604e+000  1.6132604e+000
 -1.6186250e+000  1.6186250e+000
 -1.6239896e+000  1.6239896e+000
 -1.6293542e+000  1.6293542e+000
 -1.6347187e+000  1.6347187e+000
 -1.6400833e+000  1.6400833e+000
 -1.6458646e+000  1.6458646e+000
 -1.6516458e+000  1.6516458e+000
 -1.6574271e+000  1.6574271e+000
 -1.6632083e+000  1.6632083e+000
 -1.6689896e+000  1.6689896e+000
 -1.6747708e+000  1.6747708e+000
 -1.6805521e+000  1.6805521e+000
 -1.6863333e+000  1.6863333e+000
 -1.6925521e+000  1.6925521e+000
 -1.6987708e+000  1.6987708e+000
 -1.7049896e+000  1.7049896e+000
 -1.7112083e+000  1.7112083e+000
 -1.7174271e+000  1.7174271e+000
 -1.7236458e+000  1.7236458e+000
 -1.7298646e+000  1.7298646e+000
 -1.7360833e+000  1.7360833e+000
 -1.7424896e+000  1.7424896e+000
 -1.7488958e+000  1.7488958e+000
 -1.7553021e+000  1.7553021e+000
 -1.7617083e+000  1.7617083e+000
 -1.7681146e+000  1.7681146e+000
 -1.7745208e+000  1.7745208e+000
 -1.7809271e+000  1.7809271e+000
 -1.7873333e+000  1.7873333e+000
 -1.7937292e+000  1.7937292e+000
 -1.8001250e+000  1.8001250e+000
 -1.8065208e+000  1.8065208e+000
 -1.8129167e+000  1.8129167e+000
 -1.8193125e+000  1.8193125e+000
 -1.8257083e+000  1.8257083e+000
 -1.8321042e+000  1.8321042e+000
 -1.8385000e+000  1.8385000e+000
 -1.8435000e+000  1.8435000e+000
 -1.8485000e+000  1.8485000e+000
 -1.8535000e+000  1.8535000e+000
 -1.8585000e+000  1.8585000e+000
 -1.8635000e+000  1.8635000e+000
 -1.8685000e+000  1.8685000e+000
 -1.8735000e+000  1.8735000e+000
 -1.8785000e+000  1.8785000e+000
 -1.8849687e+000  1.8849687e+000
 -1.8914375e+000  1.8914375e+000
 -1.8979062e+000  1.8979062e+000
 -1.9043750e+000  1.9043750e+000
 -1.9108438e+000  1.9108438e+000
 -1.9173125e+000  1.9173125e+000
 -1.9237813e+000  1.9237813e+000
 -1.9302500e+000  1.9302500e+000
 -1.9361250e+000  1.9361250e+000
 -1.9420000e+000  1.9420000e+000
 -1.9478750e+000  1.9478750e+000
 -1.9537500e+000  1.9537500e+000
 -1.9596250e+000  1.9596250e+000
 -1.9655000e+000  1.9655000e+000
 -1.9713750e+000  1.9713750e+000
 -1.9772500e+000  1.9772500e+000
 -1.9883854e+000  1.9883854e+000
 -1.9995208e+000  1.9995208e+000
 -2.0000000e+000  2.0000000e+000
 -2.0000000e+000  2.0000000e+000
 -2.0000000e+000  2.0000000e+000
 -2.0000000e+000  2.0000000e+000
 -2.0000000e+000  2.0000000e+000
 -2.0000000e+000  2.0000000e+000
