 -0.0000000e+000  0.0000000e+000
 -0.0000000e+000  0.0000000e+000
 -0.0000000e+000  0.0000000e+000
 -0.0000000e+000  0.0000000e+000
 -0.0000000e+000  0.0000000e+000
 -0.0000000e+000  0.0000000e+000
 -0.0000000e+000  0.0000000e+000
 -0.0000000e+000  0.0000000e+000
 -0.0000000e+000  0.0000000e+000
 -0.0000000e+000  0.0000000e+000
 -0.0000000e+000  0.0000000e+000
 -0.0000000e+000  0.0000000e+000
 -0.0000000e+000  0.0000000e+000
 -0.0000000e+000  0.0000000e+000
 -0.0000000e+000  0.0000000e+000
 -0.0000000e+000  0.0000000e+000
 -0.0000000e+000  0.0000000e+000
 -0.0000000e+000  0.0000000e+000
 -0.0000000e+000  0.0000000e+000
 -0.0000000e+000  0.0000000e+000
 -0.0000000e+000  0.0000000e+000
 -0.0000000e+000  0.0000000e+000
 -0.0000000e+000  0.0000000e+000
 -0.0000000e+000  0.0000000e+000
 -0.0000000e+000  0.0000000e+000
 -0.0000000e+000  0.0000000e+000
 -0.0000000e+000  0.0000000e+000
 -0.0000000e+000  0.0000000e+000
 -0.0000000e+000  0.0000000e+000
 -0.0000000e+000  0.0000000e+000
 -0.0000000e+000  0.0000000e+000
 -0.0000000e+000  0.0000000e+000
 -0.0000000e+000  0.0000000e+000
 -0.0000000e+000  0.0000000e+000
 -0.0000000e+000  0.0000000e+000
 -0.0000000e+000  0.0000000e+000
 -0.0000000e+000  0.0000000e+000
 -0.0000000e+000  0.0000000e+000
 -0.0000000e+000  0.0000000e+000
 -0.0000000e+000  0.0000000e+000
 -0.0000000e+000  0.0000000e+000
 -0.0000000e+000  0.0000000e+000
 -0.0000000e+000  0.0000000e+000
 -0.0000000e+000  0.0000000e+000
 -0.0000000e+000  0.0000000e+000
 -0.0000000e+000  0.0000000e+000
 -0.0000000e+000  0.0000000e+000
 -0.0000000e+000  0.0000000e+000
 -0.0000000e+000  0.0000000e+000
 -0.0000000e+000  0.0000000e+000
 -0.0000000e+000  0.0000000e+000
 -0.0000000e+000  0.0000000e+000
 -0.0000000e+000  0.0000000e+000
 -0.0000000e+000  0.0000000e+000
 -0.0000000e+000  0.0000000e+000
 -0.0000000e+000  0.0000000e+000
 -0.0000000e+000  0.0000000e+000
 -0.0000000e+000  0.0000000e+000
 -0.0000000e+000  0.0000000e+000
 -0.0000000e+000  0.0000000e+000
 -0.0000000e+000  0.0000000e+000
 -0.0000000e+000  0.0000000e+000
 -0.0000000e+000  0.0000000e+000
 -0.0000000e+000  0.0000000e+000
 -0.0000000e+000  0.0000000e+000
 -0.0000000e+000  0.0000000e+000
 -0.0000000e+000  0.0000000e+000
 -0.0000000e+000  0.0000000e+000
 -0.0000000e+000  0.0000000e+000
 -0.0000000e+000  0.0000000e+000
 -0.0000000e+000  0.0000000e+000
 -0.0000000e+000  0.0000000e+000
 -0.0000000e+000  0.0000000e+000
 -0.0000000e+000  0.0000000e+000
 -0.0000000e+000  0.0000000e+000
 -0.0000000e+000  0.0000000e+000
 -0.0000000e+000  0.0000000e+000
 -0.0000000e+000  0.0000000e+000
 -0.0000000e+000  0.0000000e+000
 -0.0000000e+000  0.0000000e+000
 -0.0000000e+000  0.0000000e+000
 -0.0000000e+000  0.0000000e+000
 -0.0000000e+000  0.0000000e+000
 -0.0000000e+000  0.0000000e+000
 -0.0000000e+000  0.0000000e+000
 -7.1986563e-007  7.1986563e-007
 -1.7852075e-006  1.7852075e-006
 -1.1736199e-005  1.1736199e-005
 -2.4504701e-005  2.4504701e-005
 -4.8500357e-005  4.8500357e-005
 -7.4590254e-005  7.4590254e-005
 -6.4322183e-005  6.4322183e-005
 -5.1411526e-005  5.1411526e-005
 -6.3474471e-005  6.3474471e-005
 -6.9960949e-005  6.9960949e-005
 -2.2323740e-005  2.2323740e-005
  1.6468975e-005 -1.6468975e-005
  1.4122287e-005 -1.4122287e-005
  1.4871946e-005 -1.4871946e-005
  2.4412071e-005 -2.4412071e-005
  5.9201542e-005 -5.9201542e-005
  1.4213565e-004 -1.4213565e-004
  1.8075449e-004 -1.8075449e-004
  1.6004258e-004 -1.6004258e-004
  1.5846670e-004 -1.5846670e-004
  1.7519546e-004 -1.7519546e-004
  1.5667209e-004 -1.5667209e-004
  1.1411787e-004 -1.1411787e-004
  9.2469075e-005 -9.2469075e-005
  8.0740618e-005 -8.0740618e-005
  7.3072782e-005 -7.3072782e-005
  6.6675188e-005 -6.6675188e-005
  6.1031189e-005 -6.1031189e-005
  5.5525151e-005 -5.5525151e-005
 -5.6823602e-005  5.6823602e-005
 -1.7715882e-004  1.7715882e-004
 -2.8114340e-004  2.8114340e-004
 -3.8301347e-004  3.8301347e-004
 -4.6494316e-004  4.6494316e-004
 -5.4640334e-004  5.4640334e-004
 -6.2571613e-004  6.2571613e-004
 -6.9434314e-004  6.9434314e-004
 -7.3301837e-004  7.3301837e-004
 -7.5027476e-004  7.5027476e-004
 -7.2713372e-004  7.2713372e-004
 -6.8707634e-004  6.8707634e-004
 -6.2459783e-004  6.2459783e-004
 -6.4851483e-004  6.4851483e-004
 -7.5426175e-004  7.5426175e-004
 -8.5635848e-004  8.5635848e-004
 -9.5599231e-004  9.5599231e-004
 -1.0759995e-003  1.0759995e-003
 -1.2055656e-003  1.2055656e-003
 -1.2933690e-003  1.2933690e-003
 -1.3682853e-003  1.3682853e-003
 -1.3472149e-003  1.3472149e-003
 -1.3089027e-003  1.3089027e-003
 -1.3549728e-003  1.3549728e-003
 -1.4087018e-003  1.4087018e-003
 -1.5576471e-003  1.5576471e-003
 -1.7020588e-003  1.7020588e-003
 -1.8049035e-003  1.8049035e-003
 -1.9466165e-003  1.9466165e-003
 -2.2631628e-003  2.2631628e-003
 -2.5074361e-003  2.5074361e-003
 -2.5516860e-003  2.5516860e-003
 -2.5858343e-003  2.5858343e-003
 -2.6011362e-003  2.6011362e-003
 -2.6399676e-003  2.6399676e-003
 -2.7096732e-003  2.7096732e-003
 -2.7529965e-003  2.7529965e-003
 -2.7715773e-003  2.7715773e-003
 -2.8344492e-003  2.8344492e-003
 -2.9269008e-003  2.9269008e-003
 -2.9675034e-003  2.9675034e-003
 -2.9840542e-003  2.9840542e-003
 -2.9546865e-003  2.9546865e-003
 -2.9113427e-003  2.9113427e-003
 -2.9514700e-003  2.9514700e-003
 -3.0063052e-003  3.0063052e-003
 -3.1141158e-003  3.1141158e-003
 -3.2240930e-003  3.2240930e-003
 -3.2434169e-003  3.2434169e-003
 -3.2509747e-003  3.2509747e-003
 -3.1535822e-003  3.1535822e-003
 -3.0732033e-003  3.0732033e-003
 -3.0681011e-003  3.0681011e-003
 -3.0996004e-003  3.0996004e-003
 -3.2311285e-003  3.2311285e-003
 -3.3505015e-003  3.3505015e-003
 -3.4474417e-003  3.4474417e-003
 -3.4752285e-003  3.4752285e-003
 -3.4131827e-003  3.4131827e-003
 -3.3720520e-003  3.3720520e-003
 -3.3503435e-003  3.3503435e-003
 -3.3058418e-003  3.3058418e-003
 -3.2462735e-003  3.2462735e-003
 -3.2237895e-003  3.2237895e-003
 -3.2183129e-003  3.2183129e-003
 -3.1768458e-003  3.1768458e-003
 -3.1245750e-003  3.1245750e-003
 -3.1632214e-003  3.1632214e-003
 -3.2175783e-003  3.2175783e-003
 -3.2171341e-003  3.2171341e-003
 -3.2138029e-003  3.2138029e-003
 -3.2525678e-003  3.2525678e-003
 -3.2784057e-003  3.2784057e-003
 -3.1920033e-003  3.1920033e-003
 -3.1065933e-003  3.1065933e-003
 -3.0255029e-003  3.0255029e-003
 -2.9298203e-003  2.9298203e-003
 -2.7947552e-003  2.7947552e-003
 -2.7086300e-003  2.7086300e-003
 -2.7118546e-003  2.7118546e-003
 -2.7008754e-003  2.7008754e-003
 -2.6716292e-003  2.6716292e-003
 -2.6262689e-003  2.6262689e-003
 -2.5660919e-003  2.5660919e-003
 -2.5226814e-003  2.5226814e-003
 -2.4902400e-003  2.4902400e-003
 -2.3852398e-003  2.3852398e-003
 -2.2473427e-003  2.2473427e-003
 -2.2267542e-003  2.2267542e-003
 -2.2408922e-003  2.2408922e-003
 -2.2180163e-003  2.2180163e-003
 -2.1888697e-003  2.1888697e-003
 -2.0886937e-003  2.0886937e-003
 -1.9833291e-003  1.9833291e-003
 -1.8538603e-003  1.8538603e-003
 -1.7261214e-003  1.7261214e-003
 -1.6130120e-003  1.6130120e-003
 -1.5026393e-003  1.5026393e-003
 -1.4039875e-003  1.4039875e-003
 -1.3343604e-003  1.3343604e-003
 -1.3420957e-003  1.3420957e-003
 -1.3237106e-003  1.3237106e-003
 -1.2581483e-003  1.2581483e-003
 -1.1696172e-003  1.1696172e-003
 -1.0518414e-003  1.0518414e-003
 -9.5337104e-004  9.5337104e-004
 -8.7247728e-004  8.7247728e-004
 -7.2997695e-004  7.2997695e-004
 -5.4758595e-004  5.4758595e-004
 -4.2142008e-004  4.2142008e-004
 -3.2045380e-004  3.2045380e-004
 -2.2277059e-004  2.2277059e-004
 -1.2604570e-004  1.2604570e-004
 -8.0442329e-005  8.0442329e-005
 -4.3327797e-005  4.3327797e-005
  1.7679601e-004 -1.7679601e-004
  4.0782155e-004 -4.0782155e-004
  6.1729393e-004 -6.1729393e-004
  8.2782370e-004 -8.2782370e-004
  1.0470676e-003 -1.0470676e-003
  1.2731907e-003 -1.2731907e-003
  1.5283102e-003 -1.5283102e-003
  1.7591683e-003 -1.7591683e-003
  1.9261574e-003 -1.9261574e-003
  2.0649165e-003 -2.0649165e-003
  2.1532329e-003 -2.1532329e-003
  2.2449393e-003 -2.2449393e-003
  2.3409190e-003 -2.3409190e-003
  2.5199317e-003 -2.5199317e-003
  2.7737970e-003 -2.7737970e-003
  3.1109264e-003 -3.1109264e-003
  3.5014144e-003 -3.5014144e-003
  3.7461136e-003 -3.7461136e-003
  3.9262232e-003 -3.9262232e-003
  4.1833393e-003 -4.1833393e-003
  4.4626173e-003 -4.4626173e-003
  4.6963479e-003 -4.6963479e-003
  4.9226677e-003 -4.9226677e-003
  5.1169895e-003 -5.1169895e-003
  5.3122069e-003 -5.3122069e-003
  5.6080824e-003 -5.6080824e-003
  5.9172162e-003 -5.9172162e-003
  6.3328827e-003 -6.3328827e-003
  6.7154101e-003 -6.7154101e-003
  6.9604485e-003 -6.9604485e-003
  7.1870384e-003 -7.1870384e-003
  7.3656572e-003 -7.3656572e-003
  7.5503325e-003 -7.5503325e-003
  7.7457148e-003 -7.7457148e-003
  7.9485825e-003 -7.9485825e-003
  8.1607925e-003 -8.1607925e-003
  8.3085237e-003 -8.3085237e-003
  8.3987011e-003 -8.3987011e-003
  8.5848079e-003 -8.5848079e-003
  8.8317553e-003 -8.8317553e-003
  8.9716541e-003 -8.9716541e-003
  9.0646747e-003 -9.0646747e-003
  9.1851951e-003 -9.1851951e-003
  9.3135176e-003 -9.3135176e-003
  9.6339299e-003 -9.6339299e-003
  9.9849577e-003 -9.9849577e-003
  1.0159712e-002 -1.0159712e-002
  1.0324926e-002 -1.0324926e-002
  1.0506825e-002 -1.0506825e-002
  1.0681569e-002 -1.0681569e-002
  1.0800229e-002 -1.0800229e-002
  1.0929592e-002 -1.0929592e-002
  1.1102670e-002 -1.1102670e-002
  1.1324468e-002 -1.1324468e-002
  1.1671409e-002 -1.1671409e-002
  1.1944933e-002 -1.1944933e-002
  1.2090050e-002 -1.2090050e-002
  1.2299490e-002 -1.2299490e-002
  1.2588410e-002 -1.2588410e-002
  1.2792186e-002 -1.2792186e-002
  1.2920713e-002 -1.2920713e-002
  1.3114726e-002 -1.3114726e-002
  1.3349842e-002 -1.3349842e-002
  1.3525025e-002 -1.3525025e-002
  1.3674266e-002 -1.3674266e-002
  1.3918420e-002 -1.3918420e-002
  1.4189117e-002 -1.4189117e-002
  1.4457833e-002 -1.4457833e-002
  1.4726240e-002 -1.4726240e-002
  1.4888079e-002 -1.4888079e-002
  1.5046077e-002 -1.5046077e-002
  1.5262680e-002 -1.5262680e-002
  1.5465276e-002 -1.5465276e-002
  1.5560726e-002 -1.5560726e-002
  1.5634332e-002 -1.5634332e-002
  1.5770099e-002 -1.5770099e-002
  1.5886594e-002 -1.5886594e-002
  1.5954186e-002 -1.5954186e-002
  1.6087005e-002 -1.6087005e-002
  1.6332700e-002 -1.6332700e-002
  1.6530343e-002 -1.6530343e-002
  1.6669198e-002 -1.6669198e-002
  1.6838217e-002 -1.6838217e-002
  1.7171130e-002 -1.7171130e-002
  1.7398041e-002 -1.7398041e-002
  1.7559108e-002 -1.7559108e-002
  1.7675182e-002 -1.7675182e-002
  1.7772008e-002 -1.7772008e-002
  1.7880190e-002 -1.7880190e-002
  1.7991503e-002 -1.7991503e-002
  1.8141610e-002 -1.8141610e-002
  1.8310144e-002 -1.8310144e-002
  1.8531151e-002 -1.8531151e-002
  1.8757149e-002 -1.8757149e-002
  1.9047099e-002 -1.9047099e-002
  1.9324892e-002 -1.9324892e-002
  1.9511891e-002 -1.9511891e-002
  1.9664121e-002 -1.9664121e-002
  1.9678672e-002 -1.9678672e-002
  1.9756908e-002 -1.9756908e-002
  2.0026125e-002 -2.0026125e-002
  2.0219710e-002 -2.0219710e-002
  2.0283795e-002 -2.0283795e-002
  2.0407325e-002 -2.0407325e-002
  2.0602859e-002 -2.0602859e-002
  2.0767095e-002 -2.0767095e-002
  2.0904215e-002 -2.0904215e-002
  2.1049917e-002 -2.1049917e-002
  2.1216263e-002 -2.1216263e-002
  2.1403380e-002 -2.1403380e-002
  2.1599278e-002 -2.1599278e-002
  2.1770997e-002 -2.1770997e-002
  2.1936148e-002 -2.1936148e-002
  2.2092975e-002 -2.2092975e-002
  2.2248558e-002 -2.2248558e-002
  2.2467702e-002 -2.2467702e-002
  2.2684191e-002 -2.2684191e-002
  2.2734987e-002 -2.2734987e-002
  2.2810835e-002 -2.2810835e-002
  2.3069453e-002 -2.3069453e-002
  2.3300048e-002 -2.3300048e-002
  2.3421359e-002 -2.3421359e-002
  2.3575982e-002 -2.3575982e-002
  2.3800613e-002 -2.3800613e-002
  2.3993676e-002 -2.3993676e-002
  2.4133257e-002 -2.4133257e-002
  2.4297150e-002 -2.4297150e-002
  2.4490200e-002 -2.4490200e-002
  2.4702303e-002 -2.4702303e-002
  2.4930752e-002 -2.4930752e-002
  2.5185493e-002 -2.5185493e-002
  2.5443726e-002 -2.5443726e-002
  2.5614512e-002 -2.5614512e-002
  2.5748762e-002 -2.5748762e-002
  2.5920661e-002 -2.5920661e-002
  2.6102636e-002 -2.6102636e-002
  2.6216487e-002 -2.6216487e-002
  2.6320372e-002 -2.6320372e-002
  2.6383422e-002 -2.6383422e-002
  2.6433024e-002 -2.6433024e-002
  2.6505367e-002 -2.6505367e-002
  2.6582998e-002 -2.6582998e-002
  2.6698320e-002 -2.6698320e-002
  2.6840498e-002 -2.6840498e-002
  2.7085839e-002 -2.7085839e-002
  2.7328981e-002 -2.7328981e-002
  2.7566737e-002 -2.7566737e-002
  2.7817860e-002 -2.7817860e-002
  2.8091395e-002 -2.8091395e-002
  2.8370896e-002 -2.8370896e-002
  2.8657483e-002 -2.8657483e-002
  2.8909568e-002 -2.8909568e-002
  2.9132347e-002 -2.9132347e-002
  2.9297910e-002 -2.9297910e-002
  2.9429034e-002 -2.9429034e-002
  2.9616953e-002 -2.9616953e-002
  2.9838641e-002 -2.9838641e-002
  3.0080581e-002 -3.0080581e-002
  3.0327861e-002 -3.0327861e-002
  3.0576385e-002 -3.0576385e-002
  3.0825088e-002 -3.0825088e-002
  3.1010925e-002 -3.1010925e-002
  3.1187583e-002 -3.1187583e-002
  3.1216919e-002 -3.1216919e-002
  3.1271392e-002 -3.1271392e-002
  3.1501052e-002 -3.1501052e-002
  3.1699265e-002 -3.1699265e-002
  3.1778472e-002 -3.1778472e-002
  3.1875457e-002 -3.1875457e-002
  3.2015430e-002 -3.2015430e-002
  3.2193202e-002 -3.2193202e-002
  3.2421178e-002 -3.2421178e-002
  3.2612561e-002 -3.2612561e-002
  3.2760926e-002 -3.2760926e-002
  3.2923706e-002 -3.2923706e-002
  3.3098607e-002 -3.3098607e-002
  3.3294301e-002 -3.3294301e-002
  3.3502378e-002 -3.3502378e-002
  3.3670022e-002 -3.3670022e-002
  3.3808672e-002 -3.3808672e-002
  3.3937320e-002 -3.3937320e-002
  3.4063369e-002 -3.4063369e-002
  3.4231727e-002 -3.4231727e-002
  3.4406001e-002 -3.4406001e-002
  3.4551903e-002 -3.4551903e-002
  3.4699279e-002 -3.4699279e-002
  3.4903213e-002 -3.4903213e-002
  3.5101659e-002 -3.5101659e-002
  3.5347895e-002 -3.5347895e-002
  3.5556550e-002 -3.5556550e-002
  3.5625084e-002 -3.5625084e-002
  3.5689136e-002 -3.5689136e-002
  3.5742479e-002 -3.5742479e-002
  3.5852731e-002 -3.5852731e-002
  3.6056404e-002 -3.6056404e-002
  3.6276201e-002 -3.6276201e-002
  3.6514767e-002 -3.6514767e-002
  3.6608814e-002 -3.6608814e-002
  3.6582520e-002 -3.6582520e-002
  3.6670350e-002 -3.6670350e-002
  3.6825440e-002 -3.6825440e-002
  3.7022276e-002 -3.7022276e-002
  3.7235938e-002 -3.7235938e-002
  3.7455639e-002 -3.7455639e-002
  3.7680085e-002 -3.7680085e-002
  3.7875313e-002 -3.7875313e-002
  3.8066551e-002 -3.8066551e-002
  3.8243497e-002 -3.8243497e-002
  3.8418600e-002 -3.8418600e-002
  3.8567298e-002 -3.8567298e-002
  3.8706337e-002 -3.8706337e-002
  3.8780967e-002 -3.8780967e-002
  3.8864339e-002 -3.8864339e-002
  3.8979831e-002 -3.8979831e-002
  3.9121824e-002 -3.9121824e-002
  3.9326395e-002 -3.9326395e-002
  3.9511587e-002 -3.9511587e-002
  3.9665302e-002 -3.9665302e-002
  3.9816652e-002 -3.9816652e-002
  3.9952776e-002 -3.9952776e-002
  4.0103390e-002 -4.0103390e-002
  4.0265951e-002 -4.0265951e-002
  4.0433537e-002 -4.0433537e-002
  4.0604054e-002 -4.0604054e-002
  4.0761285e-002 -4.0761285e-002
  4.0913226e-002 -4.0913226e-002
  4.1016778e-002 -4.1016778e-002
  4.1095637e-002 -4.1095637e-002
  4.1235831e-002 -4.1235831e-002
  4.1384210e-002 -4.1384210e-002
  4.1475027e-002 -4.1475027e-002
  4.1567201e-002 -4.1567201e-002
  4.1724775e-002 -4.1724775e-002
  4.1889760e-002 -4.1889760e-002
  4.2103096e-002 -4.2103096e-002
  4.2292983e-002 -4.2292983e-002
  4.2397968e-002 -4.2397968e-002
  4.2482053e-002 -4.2482053e-002
  4.2517363e-002 -4.2517363e-002
  4.2551946e-002 -4.2551946e-002
  4.2585363e-002 -4.2585363e-002
  4.2638102e-002 -4.2638102e-002
  4.2712891e-002 -4.2712891e-002
  4.2815986e-002 -4.2815986e-002
  4.2942188e-002 -4.2942188e-002
  4.3077637e-002 -4.3077637e-002
  4.3218421e-002 -4.3218421e-002
  4.3266202e-002 -4.3266202e-002
  4.3277393e-002 -4.3277393e-002
  4.3334300e-002 -4.3334300e-002
  4.3402550e-002 -4.3402550e-002
  4.3561605e-002 -4.3561605e-002
  4.3734119e-002 -4.3734119e-002
  4.3847768e-002 -4.3847768e-002
  4.3958363e-002 -4.3958363e-002
  4.4048378e-002 -4.4048378e-002
  4.4144940e-002 -4.4144940e-002
  4.4283328e-002 -4.4283328e-002
  4.4410011e-002 -4.4410011e-002
  4.4482425e-002 -4.4482425e-002
  4.4548836e-002 -4.4548836e-002
  4.4601397e-002 -4.4601397e-002
  4.4685751e-002 -4.4685751e-002
  4.4820683e-002 -4.4820683e-002
  4.4938622e-002 -4.4938622e-002
  4.5037359e-002 -4.5037359e-002
  4.5147936e-002 -4.5147936e-002
  4.5268080e-002 -4.5268080e-002
  4.5359920e-002 -4.5359920e-002
  4.5435601e-002 -4.5435601e-002
  4.5592985e-002 -4.5592985e-002
  4.5782123e-002 -4.5782123e-002
  4.5911588e-002 -4.5911588e-002
  4.6026475e-002 -4.6026475e-002
  4.6140495e-002 -4.6140495e-002
  4.6254405e-002 -4.6254405e-002
  4.6349588e-002 -4.6349588e-002
  4.6453582e-002 -4.6453582e-002
  4.6720921e-002 -4.6720921e-002
  4.6965039e-002 -4.6965039e-002
  4.7063886e-002 -4.7063886e-002
  4.7155714e-002 -4.7155714e-002
  4.7222848e-002 -4.7222848e-002
  4.7318479e-002 -4.7318479e-002
  4.7507575e-002 -4.7507575e-002
  4.7621649e-002 -4.7621649e-002
  4.7617608e-002 -4.7617608e-002
  4.7633733e-002 -4.7633733e-002
  4.7672417e-002 -4.7672417e-002
  4.7700179e-002 -4.7700179e-002
  4.7719201e-002 -4.7719201e-002
  4.7762549e-002 -4.7762549e-002
  4.7819635e-002 -4.7819635e-002
  4.7881095e-002 -4.7881095e-002
  4.7944234e-002 -4.7944234e-002
  4.8071745e-002 -4.8071745e-002
  4.8214736e-002 -4.8214736e-002
  4.8329125e-002 -4.8329125e-002
  4.8439966e-002 -4.8439966e-002
  4.8466538e-002 -4.8466538e-002
  4.8491561e-002 -4.8491561e-002
  4.8529405e-002 -4.8529405e-002
  4.8576784e-002 -4.8576784e-002
  4.8682603e-002 -4.8682603e-002
  4.8784771e-002 -4.8784771e-002
  4.8874278e-002 -4.8874278e-002
  4.8947876e-002 -4.8947876e-002
  4.8973119e-002 -4.8973119e-002
  4.9005682e-002 -4.9005682e-002
  4.9049651e-002 -4.9049651e-002
  4.9122097e-002 -4.9122097e-002
  4.9226087e-002 -4.9226087e-002
  4.9302265e-002 -4.9302265e-002
  4.9356412e-002 -4.9356412e-002
  4.9442434e-002 -4.9442434e-002
  4.9533768e-002 -4.9533768e-002
  4.9631196e-002 -4.9631196e-002
  4.9730936e-002 -4.9730936e-002
  4.9770210e-002 -4.9770210e-002
  4.9795171e-002 -4.9795171e-002
  4.9768966e-002 -4.9768966e-002
  4.9736574e-002 -4.9736574e-002
  4.9747982e-002 -4.9747982e-002
  4.9771487e-002 -4.9771487e-002
  4.9771236e-002 -4.9771236e-002
  4.9787747e-002 -4.9787747e-002
  4.9904910e-002 -4.9904910e-002
  5.0009627e-002 -5.0009627e-002
  5.0071792e-002 -5.0071792e-002
  5.0126137e-002 -5.0126137e-002
  5.0163065e-002 -5.0163065e-002
  5.0195244e-002 -5.0195244e-002
  5.0239375e-002 -5.0239375e-002
  5.0263667e-002 -5.0263667e-002
  5.0266199e-002 -5.0266199e-002
  5.0283066e-002 -5.0283066e-002
  5.0311176e-002 -5.0311176e-002
  5.0287806e-002 -5.0287806e-002
  5.0235975e-002 -5.0235975e-002
  5.0218248e-002 -5.0218248e-002
  5.0217975e-002 -5.0217975e-002
  5.0220789e-002 -5.0220789e-002
  5.0224321e-002 -5.0224321e-002
  5.0254556e-002 -5.0254556e-002
  5.0287937e-002 -5.0287937e-002
  5.0251034e-002 -5.0251034e-002
  5.0212872e-002 -5.0212872e-002
  5.0191948e-002 -5.0191948e-002
  5.0186557e-002 -5.0186557e-002
  5.0272597e-002 -5.0272597e-002
  5.0346575e-002 -5.0346575e-002
  5.0379890e-002 -5.0379890e-002
  5.0400872e-002 -5.0400872e-002
  5.0394697e-002 -5.0394697e-002
  5.0395673e-002 -5.0395673e-002
  5.0395061e-002 -5.0395061e-002
  5.0417133e-002 -5.0417133e-002
  5.0463842e-002 -5.0463842e-002
  5.0516570e-002 -5.0516570e-002
  5.0573970e-002 -5.0573970e-002
  5.0573336e-002 -5.0573336e-002
  5.0540962e-002 -5.0540962e-002
  5.0550029e-002 -5.0550029e-002
  5.0574423e-002 -5.0574423e-002
  5.0589810e-002 -5.0589810e-002
  5.0603133e-002 -5.0603133e-002
  5.0604217e-002 -5.0604217e-002
  5.0603896e-002 -5.0603896e-002
  5.0559972e-002 -5.0559972e-002
  5.0514834e-002 -5.0514834e-002
  5.0464559e-002 -5.0464559e-002
  5.0400456e-002 -5.0400456e-002
  5.0328691e-002 -5.0328691e-002
  5.0271130e-002 -5.0271130e-002
  5.0260793e-002 -5.0260793e-002
  5.0217191e-002 -5.0217191e-002
  5.0101174e-002 -5.0101174e-002
  5.0012749e-002 -5.0012749e-002
  4.9966005e-002 -4.9966005e-002
  4.9949774e-002 -4.9949774e-002
  4.9966358e-002 -4.9966358e-002
  4.9963486e-002 -4.9963486e-002
  4.9945660e-002 -4.9945660e-002
  4.9931655e-002 -4.9931655e-002
  4.9919719e-002 -4.9919719e-002
  4.9909629e-002 -4.9909629e-002
  4.9900212e-002 -4.9900212e-002
  4.9900112e-002 -4.9900112e-002
  4.9902112e-002 -4.9902112e-002
  4.9946792e-002 -4.9946792e-002
  4.9996238e-002 -4.9996238e-002
  4.9974817e-002 -4.9974817e-002
  4.9947752e-002 -4.9947752e-002
  4.9858681e-002 -4.9858681e-002
  4.9778946e-002 -4.9778946e-002
  4.9739550e-002 -4.9739550e-002
  4.9713629e-002 -4.9713629e-002
  4.9731889e-002 -4.9731889e-002
  4.9752374e-002 -4.9752374e-002
  4.9777647e-002 -4.9777647e-002
  4.9792874e-002 -4.9792874e-002
  4.9793079e-002 -4.9793079e-002
  4.9767947e-002 -4.9767947e-002
  4.9715836e-002 -4.9715836e-002
  4.9656343e-002 -4.9656343e-002
  4.9591231e-002 -4.9591231e-002
  4.9530037e-002 -4.9530037e-002
  4.9470940e-002 -4.9470940e-002
  4.9462338e-002 -4.9462338e-002
  4.9471949e-002 -4.9471949e-002
  4.9416197e-002 -4.9416197e-002
  4.9345947e-002 -4.9345947e-002
  4.9242792e-002 -4.9242792e-002
  4.9136063e-002 -4.9136063e-002
  4.9072527e-002 -4.9072527e-002
  4.9010047e-002 -4.9010047e-002
  4.8953258e-002 -4.8953258e-002
  4.8891768e-002 -4.8891768e-002
  4.8804185e-002 -4.8804185e-002
  4.8709846e-002 -4.8709846e-002
  4.8593655e-002 -4.8593655e-002
  4.8490567e-002 -4.8490567e-002
  4.8415366e-002 -4.8415366e-002
  4.8336873e-002 -4.8336873e-002
  4.8253509e-002 -4.8253509e-002
  4.8186032e-002 -4.8186032e-002
  4.8135308e-002 -4.8135308e-002
  4.8068914e-002 -4.8068914e-002
  4.8000133e-002 -4.8000133e-002
  4.7990540e-002 -4.7990540e-002
  4.8012282e-002 -4.8012282e-002
  4.7913502e-002 -4.7913502e-002
  4.7771801e-002 -4.7771801e-002
  4.7678624e-002 -4.7678624e-002
  4.7596031e-002 -4.7596031e-002
  4.7467616e-002 -4.7467616e-002
  4.7334362e-002 -4.7334362e-002
  4.7229966e-002 -4.7229966e-002
  4.7133493e-002 -4.7133493e-002
  4.7135280e-002 -4.7135280e-002
  4.7123825e-002 -4.7123825e-002
  4.7040232e-002 -4.7040232e-002
  4.6947204e-002 -4.6947204e-002
  4.6824074e-002 -4.6824074e-002
  4.6710621e-002 -4.6710621e-002
  4.6617528e-002 -4.6617528e-002
  4.6519424e-002 -4.6519424e-002
  4.6413978e-002 -4.6413978e-002
  4.6279316e-002 -4.6279316e-002
  4.6114155e-002 -4.6114155e-002
  4.5971864e-002 -4.5971864e-002
  4.5834131e-002 -4.5834131e-002
  4.5745177e-002 -4.5745177e-002
  4.5681766e-002 -4.5681766e-002
  4.5602591e-002 -4.5602591e-002
  4.5517874e-002 -4.5517874e-002
  4.5405580e-002 -4.5405580e-002
  4.5287371e-002 -4.5287371e-002
  4.5175734e-002 -4.5175734e-002
  4.5064772e-002 -4.5064772e-002
  4.4987343e-002 -4.4987343e-002
  4.4906341e-002 -4.4906341e-002
  4.4776602e-002 -4.4776602e-002
  4.4636637e-002 -4.4636637e-002
  4.4441997e-002 -4.4441997e-002
  4.4256684e-002 -4.4256684e-002
  4.4100732e-002 -4.4100732e-002
  4.3931947e-002 -4.3931947e-002
  4.3762467e-002 -4.3762467e-002
  4.3572970e-002 -4.3572970e-002
  4.3354450e-002 -4.3354450e-002
  4.3159166e-002 -4.3159166e-002
  4.2987901e-002 -4.2987901e-002
  4.2825592e-002 -4.2825592e-002
  4.2669896e-002 -4.2669896e-002
  4.2489862e-002 -4.2489862e-002
  4.2297221e-002 -4.2297221e-002
  4.2136778e-002 -4.2136778e-002
  4.1987511e-002 -4.1987511e-002
  4.1839568e-002 -4.1839568e-002
  4.1691904e-002 -4.1691904e-002
  4.1489978e-002 -4.1489978e-002
  4.1282646e-002 -4.1282646e-002
  4.1088036e-002 -4.1088036e-002
  4.0890863e-002 -4.0890863e-002
  4.0661659e-002 -4.0661659e-002
  4.0436540e-002 -4.0436540e-002
  4.0232867e-002 -4.0232867e-002
  4.0033970e-002 -4.0033970e-002
  3.9849907e-002 -3.9849907e-002
  3.9649957e-002 -3.9649957e-002
  3.9417324e-002 -3.9417324e-002
  3.9180446e-002 -3.9180446e-002
  3.8937477e-002 -3.8937477e-002
  3.8706661e-002 -3.8706661e-002
  3.8488286e-002 -3.8488286e-002
  3.8290432e-002 -3.8290432e-002
  3.8107579e-002 -3.8107579e-002
  3.7919768e-002 -3.7919768e-002
  3.7716917e-002 -3.7716917e-002
  3.7564892e-002 -3.7564892e-002
  3.7430284e-002 -3.7430284e-002
  3.7134461e-002 -3.7134461e-002
  3.6805229e-002 -3.6805229e-002
  3.6636209e-002 -3.6636209e-002
  3.6482672e-002 -3.6482672e-002
  3.6305319e-002 -3.6305319e-002
  3.6111123e-002 -3.6111123e-002
  3.5867551e-002 -3.5867551e-002
  3.5626912e-002 -3.5626912e-002
  3.5401392e-002 -3.5401392e-002
  3.5171154e-002 -3.5171154e-002
  3.4926459e-002 -3.4926459e-002
  3.4699173e-002 -3.4699173e-002
  3.4507303e-002 -3.4507303e-002
  3.4288502e-002 -3.4288502e-002
  3.4013683e-002 -3.4013683e-002
  3.3807812e-002 -3.3807812e-002
  3.3671819e-002 -3.3671819e-002
  3.3478837e-002 -3.3478837e-002
  3.3244618e-002 -3.3244618e-002
  3.2972013e-002 -3.2972013e-002
  3.2679961e-002 -3.2679961e-002
  3.2410035e-002 -3.2410035e-002
  3.2156049e-002 -3.2156049e-002
  3.1931741e-002 -3.1931741e-002
  3.1713477e-002 -3.1713477e-002
  3.1450957e-002 -3.1450957e-002
  3.1184290e-002 -3.1184290e-002
  3.1013234e-002 -3.1013234e-002
  3.0837156e-002 -3.0837156e-002
  3.0614630e-002 -3.0614630e-002
  3.0390144e-002 -3.0390144e-002
  3.0155741e-002 -3.0155741e-002
  2.9935642e-002 -2.9935642e-002
  2.9758796e-002 -2.9758796e-002
  2.9583794e-002 -2.9583794e-002
  2.9412501e-002 -2.9412501e-002
  2.9204499e-002 -2.9204499e-002
  2.8919874e-002 -2.8919874e-002
  2.8690961e-002 -2.8690961e-002
  2.8517958e-002 -2.8517958e-002
  2.8306897e-002 -2.8306897e-002
  2.8068577e-002 -2.8068577e-002
  2.7820867e-002 -2.7820867e-002
  2.7568451e-002 -2.7568451e-002
  2.7298748e-002 -2.7298748e-002
  2.7023274e-002 -2.7023274e-002
  2.6883074e-002 -2.6883074e-002
  2.6769941e-002 -2.6769941e-002
  2.6491063e-002 -2.6491063e-002
  2.6197182e-002 -2.6197182e-002
  2.6005600e-002 -2.6005600e-002
  2.5812231e-002 -2.5812231e-002
  2.5599346e-002 -2.5599346e-002
  2.5364230e-002 -2.5364230e-002
  2.5018564e-002 -2.5018564e-002
  2.4691774e-002 -2.4691774e-002
  2.4421318e-002 -2.4421318e-002
  2.4172365e-002 -2.4172365e-002
  2.3966189e-002 -2.3966189e-002
  2.3731917e-002 -2.3731917e-002
  2.3458534e-002 -2.3458534e-002
  2.3191179e-002 -2.3191179e-002
  2.2942238e-002 -2.2942238e-002
  2.2702374e-002 -2.2702374e-002
  2.2468948e-002 -2.2468948e-002
  2.2141660e-002 -2.2141660e-002
  2.1767860e-002 -2.1767860e-002
  2.1513529e-002 -2.1513529e-002
  2.1298554e-002 -2.1298554e-002
  2.0996251e-002 -2.0996251e-002
  2.0679239e-002 -2.0679239e-002
  2.0343741e-002 -2.0343741e-002
  2.0006758e-002 -2.0006758e-002
  1.9718734e-002 -1.9718734e-002
  1.9427751e-002 -1.9427751e-002
  1.9105449e-002 -1.9105449e-002
  1.8792289e-002 -1.8792289e-002
  1.8511295e-002 -1.8511295e-002
  1.8228148e-002 -1.8228148e-002
  1.7938661e-002 -1.7938661e-002
  1.7693220e-002 -1.7693220e-002
  1.7534442e-002 -1.7534442e-002
  1.7312278e-002 -1.7312278e-002
  1.7002764e-002 -1.7002764e-002
  1.6724647e-002 -1.6724647e-002
  1.6464922e-002 -1.6464922e-002
  1.6135012e-002 -1.6135012e-002
  1.5755841e-002 -1.5755841e-002
  1.5451002e-002 -1.5451002e-002
  1.5182589e-002 -1.5182589e-002
  1.4918512e-002 -1.4918512e-002
  1.4655845e-002 -1.4655845e-002
  1.4340858e-002 -1.4340858e-002
  1.4015772e-002 -1.4015772e-002
  1.3691807e-002 -1.3691807e-002
  1.3367964e-002 -1.3367964e-002
  1.3049117e-002 -1.3049117e-002
  1.2731850e-002 -1.2731850e-002
  1.2430795e-002 -1.2430795e-002
  1.2141911e-002 -1.2141911e-002
  1.1911468e-002 -1.1911468e-002
  1.1661964e-002 -1.1661964e-002
  1.1393383e-002 -1.1393383e-002
  1.1077429e-002 -1.1077429e-002
  1.0669287e-002 -1.0669287e-002
  1.0299697e-002 -1.0299697e-002
  9.9826986e-003 -9.9826986e-003
  9.6782499e-003 -9.6782499e-003
  9.3860275e-003 -9.3860275e-003
  9.0745231e-003 -9.0745231e-003
  8.7669913e-003 -8.7669913e-003
  8.3787477e-003 -8.3787477e-003
  7.9513932e-003 -7.9513932e-003
  7.6779767e-003 -7.6779767e-003
  7.4539393e-003 -7.4539393e-003
  7.2228363e-003 -7.2228363e-003
  6.9903941e-003 -6.9903941e-003
  6.5284695e-003 -6.5284695e-003
  6.0490951e-003 -6.0490951e-003
  5.7449959e-003 -5.7449959e-003
  5.4401071e-003 -5.4401071e-003
  5.1273589e-003 -5.1273589e-003
  4.7987404e-003 -4.7987404e-003
  4.3952154e-003 -4.3952154e-003
  4.0189355e-003 -4.0189355e-003
  3.7083622e-003 -3.7083622e-003
  3.4145827e-003 -3.4145827e-003
  3.1531279e-003 -3.1531279e-003
  2.8825563e-003 -2.8825563e-003
  2.5996728e-003 -2.5996728e-003
  2.3499569e-003 -2.3499569e-003
  2.1322379e-003 -2.1322379e-003
  1.8812613e-003 -1.8812613e-003
  1.5824133e-003 -1.5824133e-003
  1.2326723e-003 -1.2326723e-003
  8.5854562e-004 -8.5854562e-004
  5.4216808e-004 -5.4216808e-004
  2.4406716e-004 -2.4406716e-004
 -1.3022770e-004  1.3022770e-004
 -5.1869802e-004  5.1869802e-004
 -7.4633873e-004  7.4633873e-004
 -9.7488023e-004  9.7488023e-004
 -1.3125373e-003  1.3125373e-003
 -1.6565783e-003  1.6565783e-003
 -2.0623274e-003  2.0623274e-003
 -2.4756329e-003  2.4756329e-003
 -2.9240022e-003  2.9240022e-003
 -3.3911238e-003  3.3911238e-003
 -3.9113867e-003  3.9113867e-003
 -4.4140205e-003  4.4140205e-003
 -4.8592936e-003  4.8592936e-003
 -5.2294123e-003  5.2294123e-003
 -5.4990545e-003  5.4990545e-003
 -5.8505650e-003  5.8505650e-003
 -6.2802782e-003  6.2802782e-003
 -6.6490040e-003  6.6490040e-003
 -6.9762154e-003  6.9762154e-003
 -7.3248753e-003  7.3248753e-003
 -7.6777747e-003  7.6777747e-003
 -8.0695072e-003  8.0695072e-003
 -8.4733641e-003  8.4733641e-003
 -8.8947047e-003  8.8947047e-003
 -9.3192377e-003  9.3192377e-003
 -9.5719820e-003  9.5719820e-003
 -9.8126902e-003  9.8126902e-003
 -1.0148740e-002  1.0148740e-002
 -1.0490866e-002  1.0490866e-002
 -1.0890060e-002  1.0890060e-002
 -1.1282662e-002  1.1282662e-002
 -1.1645188e-002  1.1645188e-002
 -1.2025284e-002  1.2025284e-002
 -1.2454543e-002  1.2454543e-002
 -1.2820950e-002  1.2820950e-002
 -1.3081494e-002  1.3081494e-002
 -1.3333440e-002  1.3333440e-002
 -1.3574006e-002  1.3574006e-002
 -1.3966990e-002  1.3966990e-002
 -1.4504136e-002  1.4504136e-002
 -1.4954387e-002  1.4954387e-002
 -1.5346091e-002  1.5346091e-002
 -1.5730947e-002  1.5730947e-002
 -1.6125095e-002  1.6125095e-002
 -1.6610339e-002  1.6610339e-002
 -1.7123640e-002  1.7123640e-002
 -1.7397121e-002  1.7397121e-002
 -1.7627640e-002  1.7627640e-002
 -1.8109562e-002  1.8109562e-002
 -1.8609198e-002  1.8609198e-002
 -1.8884198e-002  1.8884198e-002
 -1.9159198e-002  1.9159198e-002
 -1.9434198e-002  1.9434198e-002
 -1.9709198e-002  1.9709198e-002
 -1.9984198e-002  1.9984198e-002
 -2.0259198e-002  2.0259198e-002
 -2.0534198e-002  2.0534198e-002
 -2.0809198e-002  2.0809198e-002
 -2.1084198e-002  2.1084198e-002
 -2.1371698e-002  2.1371698e-002
 -2.1659198e-002  2.1659198e-002
 -2.1946698e-002  2.1946698e-002
 -2.2234198e-002  2.2234198e-002
 -2.2521698e-002  2.2521698e-002
 -2.2809198e-002  2.2809198e-002
 -2.3096698e-002  2.3096698e-002
 -2.3384198e-002  2.3384198e-002
 -2.3659198e-002  2.3659198e-002
 -2.3934198e-002  2.3934198e-002
 -2.4209198e-002  2.4209198e-002
 -2.4484198e-002  2.4484198e-002
 -2.4759198e-002  2.4759198e-002
 -2.5034198e-002  2.5034198e-002
 -2.5309198e-002  2.5309198e-002
 -2.5584198e-002  2.5584198e-002
 -2.5859198e-002  2.5859198e-002
 -2.6134198e-002  2.6134198e-002
 -2.6409198e-002  2.6409198e-002
 -2.6684198e-002  2.6684198e-002
 -2.6959198e-002  2.6959198e-002
 -2.7234198e-002  2.7234198e-002
 -2.7509198e-002  2.7509198e-002
 -2.7630552e-002  2.7630552e-002
 -2.7751906e-002  2.7751906e-002
 -2.7873260e-002  2.7873260e-002
 -2.7994615e-002  2.7994615e-002
 -2.8115969e-002  2.8115969e-002
 -2.8237323e-002  2.8237323e-002
 -2.8358677e-002  2.8358677e-002
 -2.8480031e-002  2.8480031e-002
 -2.8601386e-002  2.8601386e-002
 -2.8722740e-002  2.8722740e-002
 -2.8844094e-002  2.8844094e-002
 -2.8965448e-002  2.8965448e-002
 -2.9086802e-002  2.9086802e-002
 -2.9208156e-002  2.9208156e-002
 -2.9329510e-002  2.9329510e-002
 -2.9450865e-002  2.9450865e-002
 -2.9572219e-002  2.9572219e-002
 -2.9693573e-002  2.9693573e-002
 -2.9814927e-002  2.9814927e-002
 -2.9936281e-002  2.9936281e-002
 -3.0057635e-002  3.0057635e-002
 -3.0178990e-002  3.0178990e-002
 -3.0300344e-002  3.0300344e-002
 -3.0421698e-002  3.0421698e-002
 -3.0543052e-002  3.0543052e-002
 -3.0664406e-002  3.0664406e-002
 -3.0785760e-002  3.0785760e-002
 -3.0907115e-002  3.0907115e-002
 -3.1028469e-002  3.1028469e-002
 -3.1149823e-002  3.1149823e-002
 -3.1271177e-002  3.1271177e-002
 -3.1392531e-002  3.1392531e-002
 -3.1513885e-002  3.1513885e-002
 -3.1635240e-002  3.1635240e-002
 -3.1756594e-002  3.1756594e-002
 -3.1877948e-002  3.1877948e-002
 -3.1999302e-002  3.1999302e-002
 -3.2120656e-002  3.2120656e-002
 -3.2242010e-002  3.2242010e-002
 -3.2363365e-002  3.2363365e-002
 -3.2484719e-002  3.2484719e-002
 -3.2606073e-002  3.2606073e-002
 -3.2727427e-002  3.2727427e-002
 -3.2848781e-002  3.2848781e-002
 -3.2970135e-002  3.2970135e-002
 -3.3091490e-002  3.3091490e-002
 -3.3212844e-002  3.3212844e-002
 -3.3334198e-002  3.3334198e-002
 -3.3455552e-002  3.3455552e-002
 -3.3576906e-002  3.3576906e-002
 -3.3698260e-002  3.3698260e-002
 -3.3819615e-002  3.3819615e-002
 -3.3940969e-002  3.3940969e-002
 -3.4062323e-002  3.4062323e-002
 -3.4183677e-002  3.4183677e-002
 -3.4305031e-002  3.4305031e-002
 -3.4426385e-002  3.4426385e-002
 -3.4547740e-002  3.4547740e-002
 -3.4669094e-002  3.4669094e-002
 -3.4790448e-002  3.4790448e-002
 -3.4911802e-002  3.4911802e-002
 -3.5033156e-002  3.5033156e-002
 -3.5154510e-002  3.5154510e-002
 -3.5275865e-002  3.5275865e-002
 -3.5397219e-002  3.5397219e-002
 -3.5518573e-002  3.5518573e-002
 -3.5639927e-002  3.5639927e-002
 -3.5761281e-002  3.5761281e-002
 -3.5882635e-002  3.5882635e-002
 -3.6003990e-002  3.6003990e-002
 -3.6125344e-002  3.6125344e-002
 -3.6246698e-002  3.6246698e-002
 -3.6368052e-002  3.6368052e-002
