  0.0000000e+000 -0.0000000e+000
  0.0000000e+000 -0.0000000e+000
  0.0000000e+000 -0.0000000e+000
  0.0000000e+000 -0.0000000e+000
  0.0000000e+000 -0.0000000e+000
  0.0000000e+000 -0.0000000e+000
  0.0000000e+000 -0.0000000e+000
  0.0000000e+000 -0.0000000e+000
  0.0000000e+000 -0.0000000e+000
  0.0000000e+000 -0.0000000e+000
  0.0000000e+000 -0.0000000e+000
  0.0000000e+000 -0.0000000e+000
  0.0000000e+000 -0.0000000e+000
  0.0000000e+000 -0.0000000e+000
  0.0000000e+000 -0.0000000e+000
  0.0000000e+000 -0.0000000e+000
  0.0000000e+000 -0.0000000e+000
  0.0000000e+000 -0.0000000e+000
  0.0000000e+000 -0.0000000e+000
  0.0000000e+000 -0.0000000e+000
  0.0000000e+000 -0.0000000e+000
  0.0000000e+000 -0.0000000e+000
  0.0000000e+000 -0.0000000e+000
  0.0000000e+000 -0.0000000e+000
  0.0000000e+000 -0.0000000e+000
  0.0000000e+000 -0.0000000e+000
  0.0000000e+000 -0.0000000e+000
  0.0000000e+000 -0.0000000e+000
  0.0000000e+000 -0.0000000e+000
  0.0000000e+000 -0.0000000e+000
  0.0000000e+000 -0.0000000e+000
  0.0000000e+000 -0.0000000e+000
  0.0000000e+000 -0.0000000e+000
  0.0000000e+000 -0.0000000e+000
  0.0000000e+000 -0.0000000e+000
  0.0000000e+000 -0.0000000e+000
  0.0000000e+000 -0.0000000e+000
  0.0000000e+000 -0.0000000e+000
  0.0000000e+000 -0.0000000e+000
  0.0000000e+000 -0.0000000e+000
  0.0000000e+000 -0.0000000e+000
  0.0000000e+000 -0.0000000e+000
  0.0000000e+000 -0.0000000e+000
  0.0000000e+000 -0.0000000e+000
  0.0000000e+000 -0.0000000e+000
  0.0000000e+000 -0.0000000e+000
  0.0000000e+000 -0.0000000e+000
  0.0000000e+000 -0.0000000e+000
  0.0000000e+000 -0.0000000e+000
  0.0000000e+000 -0.0000000e+000
  0.0000000e+000 -0.0000000e+000
  0.0000000e+000 -0.0000000e+000
  0.0000000e+000 -0.0000000e+000
  0.0000000e+000 -0.0000000e+000
  0.0000000e+000 -0.0000000e+000
  0.0000000e+000 -0.0000000e+000
  0.0000000e+000 -0.0000000e+000
  0.0000000e+000 -0.0000000e+000
  0.0000000e+000 -0.0000000e+000
  0.0000000e+000 -0.0000000e+000
  0.0000000e+000 -0.0000000e+000
  0.0000000e+000 -0.0000000e+000
  0.0000000e+000 -0.0000000e+000
  0.0000000e+000 -0.0000000e+000
  0.0000000e+000 -0.0000000e+000
  0.0000000e+000 -0.0000000e+000
  0.0000000e+000 -0.0000000e+000
  0.0000000e+000 -0.0000000e+000
  0.0000000e+000 -0.0000000e+000
  0.0000000e+000 -0.0000000e+000
  0.0000000e+000 -0.0000000e+000
  0.0000000e+000 -0.0000000e+000
  0.0000000e+000 -0.0000000e+000
  0.0000000e+000 -0.0000000e+000
  0.0000000e+000 -0.0000000e+000
  0.0000000e+000 -0.0000000e+000
  0.0000000e+000 -0.0000000e+000
  0.0000000e+000 -0.0000000e+000
  0.0000000e+000 -0.0000000e+000
  0.0000000e+000 -0.0000000e+000
  0.0000000e+000 -0.0000000e+000
  0.0000000e+000 -0.0000000e+000
  0.0000000e+000 -0.0000000e+000
  0.0000000e+000 -0.0000000e+000
  0.0000000e+000 -0.0000000e+000
  0.0000000e+000 -0.0000000e+000
  0.0000000e+000 -0.0000000e+000
  0.0000000e+000 -0.0000000e+000
  0.0000000e+000 -0.0000000e+000
  0.0000000e+000 -0.0000000e+000
  0.0000000e+000 -0.0000000e+000
  0.0000000e+000 -0.0000000e+000
  0.0000000e+000 -0.0000000e+000
  0.0000000e+000 -0.0000000e+000
  0.0000000e+000 -0.0000000e+000
  0.0000000e+000 -0.0000000e+000
  0.0000000e+000 -0.0000000e+000
  0.0000000e+000 -0.0000000e+000
  0.0000000e+000 -0.0000000e+000
  0.0000000e+000 -0.0000000e+000
  0.0000000e+000 -0.0000000e+000
  0.0000000e+000 -0.0000000e+000
  0.0000000e+000 -0.0000000e+000
  0.0000000e+000 -0.0000000e+000
  0.0000000e+000 -0.0000000e+000
  0.0000000e+000 -0.0000000e+000
  0.0000000e+000 -0.0000000e+000
  0.0000000e+000 -0.0000000e+000
  0.0000000e+000 -0.0000000e+000
  0.0000000e+000 -0.0000000e+000
 -1.0906107e-004  1.0906107e-004
 -2.5223856e-004  2.5223856e-004
 -9.6816439e-005  9.6816439e-005
  1.1327038e-004 -1.1327038e-004
  9.1909922e-005 -9.1909922e-005
  5.5040067e-005 -5.5040067e-005
  1.9699885e-004 -1.9699885e-004
  3.2787288e-004 -3.2787288e-004
  3.5421514e-004 -3.5421514e-004
  4.1775692e-004 -4.1775692e-004
  6.5143805e-004 -6.5143805e-004
  7.8326198e-004 -7.8326198e-004
  6.2958422e-004 -6.2958422e-004
  5.4721272e-004 -5.4721272e-004
  5.9932978e-004 -5.9932978e-004
  6.6163030e-004 -6.6163030e-004
  7.3742812e-004 -7.3742812e-004
  8.2837904e-004 -8.2837904e-004
  9.3368228e-004 -9.3368228e-004
  9.1760971e-004 -9.1760971e-004
  8.1964044e-004 -8.1964044e-004
  7.5622376e-004 -7.5622376e-004
  7.0901878e-004 -7.0901878e-004
  6.0706818e-004 -6.0706818e-004
  4.8822413e-004 -4.8822413e-004
  2.1522162e-004 -2.1522162e-004
 -8.5471906e-005  8.5471906e-005
  7.1511929e-005 -7.1511929e-005
  2.6064324e-004 -2.6064324e-004
  3.4108847e-004 -3.4108847e-004
  4.0943197e-004 -4.0943197e-004
  3.6682013e-004 -3.6682013e-004
  2.9758148e-004 -2.9758148e-004
  1.0857308e-004 -1.0857308e-004
  2.1640162e-005 -2.1640162e-005
  2.1721231e-004 -2.1721231e-004
  4.2817876e-004 -4.2817876e-004
  6.6786580e-004 -6.6786580e-004
  7.6732719e-004 -7.6732719e-004
  6.8279170e-004 -6.8279170e-004
  6.4891470e-004 -6.4891470e-004
  6.6254753e-004 -6.6254753e-004
  6.7752155e-004 -6.7752155e-004
  6.9339129e-004 -6.9339129e-004
  7.5629774e-004 -7.5629774e-004
  8.4102370e-004 -8.4102370e-004
  1.0621039e-003 -1.0621039e-003
  1.3246861e-003 -1.3246861e-003
  1.1520701e-003 -1.1520701e-003
  9.0277056e-004 -9.0277056e-004
  7.9866940e-004 -7.9866940e-004
  7.0679042e-004 -7.0679042e-004
  7.2400613e-004 -7.2400613e-004
  7.2336510e-004 -7.2336510e-004
  5.6344762e-004 -5.6344762e-004
  4.1872335e-004 -4.1872335e-004
  3.4122150e-004 -3.4122150e-004
  2.8762161e-004 -2.8762161e-004
  2.9934362e-004 -2.9934362e-004
  2.8914094e-004 -2.8914094e-004
  2.3847523e-004 -2.3847523e-004
  1.1455779e-004 -1.1455779e-004
 -1.0451609e-004  1.0451609e-004
 -1.5502868e-004  1.5502868e-004
 -4.9011179e-005  4.9011179e-005
  1.0191229e-004 -1.0191229e-004
  2.8251907e-004 -2.8251907e-004
  2.4804307e-004 -2.4804307e-004
  1.1492703e-004 -1.1492703e-004
  1.1446007e-004 -1.1446007e-004
  1.5381240e-004 -1.5381240e-004
  7.2380436e-005 -7.2380436e-005
 -2.9923086e-005  2.9923086e-005
  1.5383783e-004 -1.5383783e-004
  3.4992823e-004 -3.4992823e-004
  1.9015268e-004 -1.9015268e-004
  3.2235516e-005 -3.2235516e-005
 -1.0954586e-004  1.0954586e-004
 -2.5469859e-004  2.5469859e-004
 -4.1452632e-004  4.1452632e-004
 -4.7715697e-004  4.7715697e-004
 -2.7746796e-004  2.7746796e-004
 -1.4826820e-004  1.4826820e-004
 -1.4776114e-004  1.4776114e-004
 -1.1197432e-004  1.1197432e-004
 -3.0815383e-005  3.0815383e-005
  1.1960274e-005 -1.1960274e-005
  1.9442871e-005 -1.9442871e-005
  8.6349390e-005 -8.6349390e-005
  1.9213287e-004 -1.9213287e-004
  4.1084249e-004 -4.1084249e-004
  6.8075100e-004 -6.8075100e-004
  6.8362781e-004 -6.8362781e-004
  6.0745582e-004 -6.0745582e-004
  5.5719730e-004 -5.5719730e-004
  5.1132894e-004 -5.1132894e-004
  4.2669667e-004 -4.2669667e-004
  3.4387177e-004 -3.4387177e-004
  4.5216777e-004 -4.5216777e-004
  5.6229620e-004 -5.6229620e-004
  6.8792115e-004 -6.8792115e-004
  8.1519916e-004 -8.1519916e-004
  9.4955737e-004 -9.4955737e-004
  9.9514258e-004 -9.9514258e-004
  8.0411284e-004 -8.0411284e-004
  6.3543261e-004 -6.3543261e-004
  5.0711878e-004 -5.0711878e-004
  4.4897401e-004 -4.4897401e-004
  4.8017159e-004 -4.8017159e-004
  5.1496105e-004 -5.1496105e-004
  5.5302072e-004 -5.5302072e-004
  4.0458840e-004 -4.0458840e-004
  1.3540125e-004 -1.3540125e-004
 -4.5363988e-006  4.5363988e-006
 -8.6545610e-005  8.6545610e-005
  2.2392740e-005 -2.2392740e-005
  1.8706807e-004 -1.8706807e-004
 -2.1071353e-005  2.1071353e-005
 -2.9111745e-004  2.9111745e-004
 -1.9918789e-004  1.9918789e-004
 -8.3143542e-005  8.3143542e-005
  9.1160386e-005 -9.1160386e-005
  2.0914084e-004 -2.0914084e-004
 -1.3705006e-004  1.3705006e-004
 -4.0214031e-004  4.0214031e-004
 -3.2538205e-004  3.2538205e-004
 -2.7303410e-004  2.7303410e-004
 -2.8494730e-004  2.8494730e-004
 -3.7656478e-004  3.7656478e-004
 -6.1060178e-004  6.1060178e-004
 -8.2473779e-004  8.2473779e-004
 -1.0137873e-003  1.0137873e-003
 -1.1721940e-003  1.1721940e-003
 -1.3029769e-003  1.3029769e-003
 -1.3036785e-003  1.3036785e-003
 -1.2210191e-003  1.2210191e-003
 -1.1409136e-003  1.1409136e-003
 -1.0619395e-003  1.0619395e-003
 -8.3248936e-004  8.3248936e-004
 -5.5973348e-004  5.5973348e-004
 -1.6997881e-004  1.6997881e-004
  2.3881239e-004 -2.3881239e-004
  4.4129818e-004 -4.4129818e-004
  6.2835950e-004 -6.2835950e-004
  7.0452800e-004 -7.0452800e-004
  7.5728215e-004 -7.5728215e-004
  6.2328694e-004 -6.2328694e-004
  5.4158559e-004 -5.4158559e-004
  6.7684439e-004 -6.7684439e-004
  7.1919958e-004 -7.1919958e-004
  5.1997983e-004 -5.1997983e-004
  4.2034734e-004 -4.2034734e-004
  4.9676698e-004 -4.9676698e-004
  4.4501585e-004 -4.4501585e-004
  2.4210038e-004 -2.4210038e-004
  2.0404553e-004 -2.0404553e-004
  3.1314545e-004 -3.1314545e-004
  2.9132453e-004 -2.9132453e-004
  1.8647085e-004 -1.8647085e-004
  3.5903343e-005 -3.5903343e-005
 -1.3468295e-004  1.3468295e-004
 -5.4207455e-005  5.4207455e-005
  1.1971982e-004 -1.1971982e-004
  1.3513574e-004 -1.3513574e-004
  1.2528793e-004 -1.2528793e-004
  3.8122026e-004 -3.8122026e-004
  6.4879762e-004 -6.4879762e-004
  8.0145845e-004 -8.0145845e-004
  9.3932777e-004 -9.3932777e-004
  9.6125913e-004 -9.6125913e-004
  1.0213597e-003 -1.0213597e-003
  1.1305200e-003 -1.1305200e-003
  1.3000278e-003 -1.3000278e-003
  1.6245428e-003 -1.6245428e-003
  1.8256054e-003 -1.8256054e-003
  1.8107441e-003 -1.8107441e-003
  1.7072728e-003 -1.7072728e-003
  1.4943124e-003 -1.4943124e-003
  1.5059751e-003 -1.5059751e-003
  1.6959067e-003 -1.6959067e-003
  1.9431949e-003 -1.9431949e-003
  2.2264834e-003 -2.2264834e-003
  2.3435950e-003 -2.3435950e-003
  2.3887799e-003 -2.3887799e-003
  2.5154691e-003 -2.5154691e-003
  2.6649519e-003 -2.6649519e-003
  2.7342635e-003 -2.7342635e-003
  2.7887865e-003 -2.7887865e-003
  3.0062855e-003 -3.0062855e-003
  3.2284140e-003 -3.2284140e-003
  3.3233976e-003 -3.3233976e-003
  3.4309979e-003 -3.4309979e-003
  3.6351088e-003 -3.6351088e-003
  3.7917072e-003 -3.7917072e-003
  3.7667346e-003 -3.7667346e-003
  3.7136861e-003 -3.7136861e-003
  3.5893972e-003 -3.5893972e-003
  3.5953500e-003 -3.5953500e-003
  3.8266890e-003 -3.8266890e-003
  3.9357912e-003 -3.9357912e-003
  3.8953531e-003 -3.8953531e-003
  3.8633788e-003 -3.8633788e-003
  3.8496908e-003 -3.8496908e-003
  3.9257912e-003 -3.9257912e-003
  4.0576635e-003 -4.0576635e-003
  3.9797752e-003 -3.9797752e-003
  3.8121546e-003 -3.8121546e-003
  4.2309977e-003 -4.2309977e-003
  4.8114894e-003 -4.8114894e-003
  4.8890925e-003 -4.8890925e-003
  4.8891667e-003 -4.8891667e-003
  4.9214235e-003 -4.9214235e-003
  4.9543571e-003 -4.9543571e-003
  4.9598585e-003 -4.9598585e-003
  4.9924335e-003 -4.9924335e-003
  5.2272155e-003 -5.2272155e-003
  5.4212771e-003 -5.4212771e-003
  5.4540920e-003 -5.4540920e-003
  5.4781620e-003 -5.4781620e-003
  5.4913348e-003 -5.4913348e-003
  5.5500713e-003 -5.5500713e-003
  5.6868241e-003 -5.6868241e-003
  5.8196613e-003 -5.8196613e-003
  5.9477556e-003 -5.9477556e-003
  6.1555425e-003 -6.1555425e-003
  6.4323793e-003 -6.4323793e-003
  6.5957814e-003 -6.5957814e-003
  6.6944364e-003 -6.6944364e-003
  6.7682507e-003 -6.7682507e-003
  6.8315628e-003 -6.8315628e-003
  6.8736702e-003 -6.8736702e-003
  6.9100180e-003 -6.9100180e-003
  7.0117165e-003 -7.0117165e-003
  7.1231861e-003 -7.1231861e-003
  7.1741693e-003 -7.1741693e-003
  7.2267278e-003 -7.2267278e-003
  7.3823852e-003 -7.3823852e-003
  7.5260272e-003 -7.5260272e-003
  7.5820126e-003 -7.5820126e-003
  7.6255487e-003 -7.6255487e-003
  7.6205338e-003 -7.6205338e-003
  7.7003406e-003 -7.7003406e-003
  7.9793491e-003 -7.9793491e-003
  8.2130361e-003 -8.2130361e-003
  8.3699377e-003 -8.3699377e-003
  8.5633167e-003 -8.5633167e-003
  8.8004408e-003 -8.8004408e-003
  8.9378513e-003 -8.9378513e-003
  8.9897180e-003 -8.9897180e-003
  8.9675198e-003 -8.9675198e-003
  8.8891582e-003 -8.8891582e-003
  9.0226063e-003 -9.0226063e-003
  9.2445477e-003 -9.2445477e-003
  9.2005270e-003 -9.2005270e-003
  9.0853206e-003 -9.0853206e-003
  9.1368096e-003 -9.1368096e-003
  9.2126806e-003 -9.2126806e-003
  9.2055523e-003 -9.2055523e-003
  9.1795741e-003 -9.1795741e-003
  9.0189585e-003 -9.0189585e-003
  8.8927527e-003 -8.8927527e-003
  9.0118586e-003 -9.0118586e-003
  9.1272114e-003 -9.1272114e-003
  9.2281467e-003 -9.2281467e-003
  9.3468776e-003 -9.3468776e-003
  9.5091573e-003 -9.5091573e-003
  9.7008453e-003 -9.7008453e-003
  9.9612375e-003 -9.9612375e-003
  1.0087034e-002 -1.0087034e-002
  1.0053017e-002 -1.0053017e-002
  1.0058800e-002 -1.0058800e-002
  1.0098389e-002 -1.0098389e-002
  1.0217311e-002 -1.0217311e-002
  1.0383985e-002 -1.0383985e-002
  1.0484430e-002 -1.0484430e-002
  1.0562310e-002 -1.0562310e-002
  1.0585577e-002 -1.0585577e-002
  1.0594441e-002 -1.0594441e-002
  1.0699230e-002 -1.0699230e-002
  1.0817738e-002 -1.0817738e-002
  1.1095988e-002 -1.1095988e-002
  1.1372781e-002 -1.1372781e-002
  1.1446353e-002 -1.1446353e-002
  1.1504759e-002 -1.1504759e-002
  1.1457479e-002 -1.1457479e-002
  1.1437018e-002 -1.1437018e-002
  1.1518048e-002 -1.1518048e-002
  1.1594508e-002 -1.1594508e-002
  1.1659916e-002 -1.1659916e-002
  1.1707356e-002 -1.1707356e-002
  1.1715498e-002 -1.1715498e-002
  1.1670529e-002 -1.1670529e-002
  1.1563122e-002 -1.1563122e-002
  1.1594136e-002 -1.1594136e-002
  1.1741565e-002 -1.1741565e-002
  1.1804580e-002 -1.1804580e-002
  1.1817317e-002 -1.1817317e-002
  1.1794260e-002 -1.1794260e-002
  1.1746878e-002 -1.1746878e-002
  1.1704942e-002 -1.1704942e-002
  1.1664420e-002 -1.1664420e-002
  1.1735491e-002 -1.1735491e-002
  1.1822165e-002 -1.1822165e-002
  1.1841134e-002 -1.1841134e-002
  1.1857642e-002 -1.1857642e-002
  1.1880522e-002 -1.1880522e-002
  1.1896440e-002 -1.1896440e-002
  1.1942209e-002 -1.1942209e-002
  1.1976201e-002 -1.1976201e-002
  1.1966275e-002 -1.1966275e-002
  1.1958007e-002 -1.1958007e-002
  1.1953703e-002 -1.1953703e-002
  1.1991721e-002 -1.1991721e-002
  1.2099212e-002 -1.2099212e-002
  1.2103462e-002 -1.2103462e-002
  1.1998315e-002 -1.1998315e-002
  1.1944106e-002 -1.1944106e-002
  1.1932312e-002 -1.1932312e-002
  1.1892328e-002 -1.1892328e-002
  1.1835732e-002 -1.1835732e-002
  1.1843978e-002 -1.1843978e-002
  1.1878361e-002 -1.1878361e-002
  1.1952139e-002 -1.1952139e-002
  1.2038662e-002 -1.2038662e-002
  1.2062109e-002 -1.2062109e-002
  1.2076938e-002 -1.2076938e-002
  1.2163941e-002 -1.2163941e-002
  1.2250781e-002 -1.2250781e-002
  1.2278492e-002 -1.2278492e-002
  1.2313416e-002 -1.2313416e-002
  1.2387408e-002 -1.2387408e-002
  1.2435944e-002 -1.2435944e-002
  1.2390953e-002 -1.2390953e-002
  1.2363344e-002 -1.2363344e-002
  1.2376777e-002 -1.2376777e-002
  1.2390231e-002 -1.2390231e-002
  1.2403718e-002 -1.2403718e-002
  1.2384429e-002 -1.2384429e-002
  1.2317410e-002 -1.2317410e-002
  1.2316416e-002 -1.2316416e-002
  1.2369855e-002 -1.2369855e-002
  1.2431441e-002 -1.2431441e-002
  1.2497779e-002 -1.2497779e-002
  1.2507411e-002 -1.2507411e-002
  1.2494460e-002 -1.2494460e-002
  1.2402637e-002 -1.2402637e-002
  1.2282375e-002 -1.2282375e-002
  1.2288474e-002 -1.2288474e-002
  1.2311436e-002 -1.2311436e-002
  1.2301630e-002 -1.2301630e-002
  1.2295085e-002 -1.2295085e-002
  1.2373699e-002 -1.2373699e-002
  1.2440090e-002 -1.2440090e-002
  1.2426728e-002 -1.2426728e-002
  1.2407038e-002 -1.2407038e-002
  1.2397960e-002 -1.2397960e-002
  1.2392946e-002 -1.2392946e-002
  1.2397418e-002 -1.2397418e-002
  1.2331354e-002 -1.2331354e-002
  1.2151900e-002 -1.2151900e-002
  1.2046893e-002 -1.2046893e-002
  1.2026844e-002 -1.2026844e-002
  1.2023425e-002 -1.2023425e-002
  1.2039438e-002 -1.2039438e-002
  1.1970593e-002 -1.1970593e-002
  1.1852785e-002 -1.1852785e-002
  1.1743143e-002 -1.1743143e-002
  1.1636713e-002 -1.1636713e-002
  1.1666716e-002 -1.1666716e-002
  1.1730573e-002 -1.1730573e-002
  1.1674927e-002 -1.1674927e-002
  1.1605129e-002 -1.1605129e-002
  1.1461898e-002 -1.1461898e-002
  1.1323261e-002 -1.1323261e-002
  1.1312742e-002 -1.1312742e-002
  1.1298275e-002 -1.1298275e-002
  1.1258580e-002 -1.1258580e-002
  1.1195492e-002 -1.1195492e-002
  1.1041284e-002 -1.1041284e-002
  1.0886188e-002 -1.0886188e-002
  1.0729040e-002 -1.0729040e-002
  1.0658567e-002 -1.0658567e-002
  1.0725984e-002 -1.0725984e-002
  1.0739175e-002 -1.0739175e-002
  1.0691098e-002 -1.0691098e-002
  1.0624215e-002 -1.0624215e-002
  1.0533105e-002 -1.0533105e-002
  1.0544887e-002 -1.0544887e-002
  1.0615407e-002 -1.0615407e-002
  1.0633249e-002 -1.0633249e-002
  1.0630618e-002 -1.0630618e-002
  1.0518356e-002 -1.0518356e-002
  1.0379310e-002 -1.0379310e-002
  1.0312485e-002 -1.0312485e-002
  1.0246971e-002 -1.0246971e-002
  1.0152034e-002 -1.0152034e-002
  1.0065648e-002 -1.0065648e-002
  1.0143686e-002 -1.0143686e-002
  1.0193660e-002 -1.0193660e-002
  1.0068067e-002 -1.0068067e-002
  9.9517311e-003 -9.9517311e-003
  9.8679558e-003 -9.8679558e-003
  9.7994570e-003 -9.7994570e-003
  9.7810905e-003 -9.7810905e-003
  9.7739630e-003 -9.7739630e-003
  9.7845308e-003 -9.7845308e-003
  9.7393571e-003 -9.7393571e-003
  9.6318225e-003 -9.6318225e-003
  9.5221515e-003 -9.5221515e-003
  9.4107710e-003 -9.4107710e-003
  9.3205605e-003 -9.3205605e-003
  9.2479290e-003 -9.2479290e-003
  9.2327158e-003 -9.2327158e-003
  9.2395461e-003 -9.2395461e-003
  9.2722658e-003 -9.2722658e-003
  9.3112118e-003 -9.3112118e-003
  9.3126058e-003 -9.3126058e-003
  9.3093429e-003 -9.3093429e-003
  9.2647873e-003 -9.2647873e-003
  9.2122556e-003 -9.2122556e-003
  9.0430768e-003 -9.0430768e-003
  8.8823587e-003 -8.8823587e-003
  8.7734907e-003 -8.7734907e-003
  8.6555583e-003 -8.6555583e-003
  8.5061926e-003 -8.5061926e-003
  8.3374853e-003 -8.3374853e-003
  8.1170905e-003 -8.1170905e-003
  7.9373161e-003 -7.9373161e-003
  7.8208359e-003 -7.8208359e-003
  7.7444310e-003 -7.7444310e-003
  7.7124192e-003 -7.7124192e-003
  7.6103308e-003 -7.6103308e-003
  7.4527296e-003 -7.4527296e-003
  7.3657319e-003 -7.3657319e-003
  7.3098542e-003 -7.3098542e-003
  7.3175182e-003 -7.3175182e-003
  7.3492772e-003 -7.3492772e-003
  7.3972894e-003 -7.3972894e-003
  7.4491488e-003 -7.4491488e-003
  7.4287926e-003 -7.4287926e-003
  7.3997051e-003 -7.3997051e-003
  7.3913453e-003 -7.3913453e-003
  7.3721909e-003 -7.3721909e-003
  7.2836541e-003 -7.2836541e-003
  7.1866365e-003 -7.1866365e-003
  7.0386900e-003 -7.0386900e-003
  6.8963179e-003 -6.8963179e-003
  6.7730055e-003 -6.7730055e-003
  6.6974973e-003 -6.6974973e-003
  6.7284764e-003 -6.7284764e-003
  6.6902298e-003 -6.6902298e-003
  6.5562940e-003 -6.5562940e-003
  6.4427509e-003 -6.4427509e-003
  6.3515753e-003 -6.3515753e-003
  6.2050747e-003 -6.2050747e-003
  6.0151835e-003 -6.0151835e-003
  5.8755917e-003 -5.8755917e-003
  5.7638066e-003 -5.7638066e-003
  5.6187448e-003 -5.6187448e-003
  5.4641676e-003 -5.4641676e-003
  5.4098870e-003 -5.4098870e-003
  5.3789701e-003 -5.3789701e-003
  5.3426009e-003 -5.3426009e-003
  5.3055893e-003 -5.3055893e-003
  5.2270927e-003 -5.2270927e-003
  5.1543007e-003 -5.1543007e-003
  5.1761396e-003 -5.1761396e-003
  5.1969188e-003 -5.1969188e-003
  5.2114598e-003 -5.2114598e-003
  5.1948510e-003 -5.1948510e-003
  5.0732232e-003 -5.0732232e-003
  4.9672959e-003 -4.9672959e-003
  4.8959427e-003 -4.8959427e-003
  4.8168548e-003 -4.8168548e-003
  4.7167026e-003 -4.7167026e-003
  4.5477664e-003 -4.5477664e-003
  4.3041277e-003 -4.3041277e-003
  4.1381733e-003 -4.1381733e-003
  4.0325382e-003 -4.0325382e-003
  4.0243186e-003 -4.0243186e-003
  4.0693756e-003 -4.0693756e-003
  4.0408882e-003 -4.0408882e-003
  3.9803373e-003 -3.9803373e-003
  3.7821869e-003 -3.7821869e-003
  3.5524975e-003 -3.5524975e-003
  3.3049112e-003 -3.3049112e-003
  3.0552715e-003 -3.0552715e-003
  2.8970631e-003 -2.8970631e-003
  2.7354942e-003 -2.7354942e-003
  2.4985223e-003 -2.4985223e-003
  2.2876380e-003 -2.2876380e-003
  2.2687197e-003 -2.2687197e-003
  2.2157508e-003 -2.2157508e-003
  2.0495721e-003 -2.0495721e-003
  1.8960572e-003 -1.8960572e-003
  1.7701112e-003 -1.7701112e-003
  1.6084167e-003 -1.6084167e-003
  1.3927188e-003 -1.3927188e-003
  1.2561529e-003 -1.2561529e-003
  1.2133961e-003 -1.2133961e-003
  1.0848040e-003 -1.0848040e-003
  8.9022727e-004 -8.9022727e-004
  5.9317549e-004 -5.9317549e-004
  2.4068271e-004 -2.4068271e-004
  4.3371043e-005 -4.3371043e-005
 -9.7258794e-005  9.7258794e-005
 -2.6059105e-004  2.6059105e-004
 -4.2773759e-004  4.2773759e-004
 -6.4755212e-004  6.4755212e-004
 -8.7324871e-004  8.7324871e-004
 -1.0421013e-003  1.0421013e-003
 -1.2163395e-003  1.2163395e-003
 -1.4797350e-003  1.4797350e-003
 -1.7246638e-003  1.7246638e-003
 -1.8710945e-003  1.8710945e-003
 -2.0484279e-003  2.0484279e-003
 -2.3270994e-003  2.3270994e-003
 -2.5090690e-003  2.5090690e-003
 -2.4829130e-003  2.4829130e-003
 -2.5179249e-003  2.5179249e-003
 -2.6443918e-003  2.6443918e-003
 -2.8045615e-003  2.8045615e-003
 -3.0075606e-003  3.0075606e-003
 -3.1083946e-003  3.1083946e-003
 -3.1314768e-003  3.1314768e-003
 -3.2804194e-003  3.2804194e-003
 -3.4967196e-003  3.4967196e-003
 -3.7737142e-003  3.7737142e-003
 -4.0725999e-003  4.0725999e-003
 -4.3281891e-003  4.3281891e-003
 -4.5806562e-003  4.5806562e-003
 -4.7984341e-003  4.7984341e-003
 -5.0124422e-003  5.0124422e-003
 -5.3048110e-003  5.3048110e-003
 -5.5872442e-003  5.5872442e-003
 -5.7202864e-003  5.7202864e-003
 -5.8480147e-003  5.8480147e-003
 -5.9462326e-003  5.9462326e-003
 -6.0501230e-003  6.0501230e-003
 -6.1491502e-003  6.1491502e-003
 -6.2655856e-003  6.2655856e-003
 -6.4190615e-003  6.4190615e-003
 -6.6219304e-003  6.6219304e-003
 -6.8978983e-003  6.8978983e-003
 -7.1157506e-003  7.1157506e-003
 -7.2723312e-003  7.2723312e-003
 -7.3569536e-003  7.3569536e-003
 -7.3833488e-003  7.3833488e-003
 -7.5268165e-003  7.5268165e-003
 -7.7322622e-003  7.7322622e-003
 -7.7898101e-003  7.7898101e-003
 -7.7946880e-003  7.7946880e-003
 -8.0841594e-003  8.0841594e-003
 -8.4357068e-003  8.4357068e-003
 -8.5991415e-003  8.5991415e-003
 -8.7418770e-003  8.7418770e-003
 -8.8856717e-003  8.8856717e-003
 -9.0314606e-003  9.0314606e-003
 -9.2029466e-003  9.2029466e-003
 -9.3776374e-003  9.3776374e-003
 -9.5697868e-003  9.5697868e-003
 -9.7646520e-003  9.7646520e-003
 -9.9735028e-003  9.9735028e-003
 -1.0164105e-002  1.0164105e-002
 -1.0316312e-002  1.0316312e-002
 -1.0497805e-002  1.0497805e-002
 -1.0722200e-002  1.0722200e-002
 -1.0939817e-002  1.0939817e-002
 -1.1150358e-002  1.1150358e-002
 -1.1300197e-002  1.1300197e-002
 -1.1409854e-002  1.1409854e-002
 -1.1613162e-002  1.1613162e-002
 -1.1865509e-002  1.1865509e-002
 -1.2054232e-002  1.2054232e-002
 -1.2220586e-002  1.2220586e-002
 -1.2404894e-002  1.2404894e-002
 -1.2593055e-002  1.2593055e-002
 -1.2721355e-002  1.2721355e-002
 -1.2851847e-002  1.2851847e-002
 -1.3039115e-002  1.3039115e-002
 -1.3237170e-002  1.3237170e-002
 -1.3563333e-002  1.3563333e-002
 -1.3877994e-002  1.3877994e-002
 -1.4131152e-002  1.4131152e-002
 -1.4364168e-002  1.4364168e-002
 -1.4533781e-002  1.4533781e-002
 -1.4733580e-002  1.4733580e-002
 -1.4988478e-002  1.4988478e-002
 -1.5252200e-002  1.5252200e-002
 -1.5528717e-002  1.5528717e-002
 -1.5778671e-002  1.5778671e-002
 -1.6001166e-002  1.6001166e-002
 -1.6139412e-002  1.6139412e-002
 -1.6215451e-002  1.6215451e-002
 -1.6418934e-002  1.6418934e-002
 -1.6684467e-002  1.6684467e-002
 -1.6942444e-002  1.6942444e-002
 -1.7197800e-002  1.7197800e-002
 -1.7518676e-002  1.7518676e-002
 -1.7853368e-002  1.7853368e-002
 -1.7982145e-002  1.7982145e-002
 -1.8090409e-002  1.8090409e-002
 -1.8367505e-002  1.8367505e-002
 -1.8640799e-002  1.8640799e-002
 -1.8854144e-002  1.8854144e-002
 -1.9093730e-002  1.9093730e-002
 -1.9471056e-002  1.9471056e-002
 -1.9773787e-002  1.9773787e-002
 -1.9844846e-002  1.9844846e-002
 -1.9977551e-002  1.9977551e-002
 -2.0242629e-002  2.0242629e-002
 -2.0416264e-002  2.0416264e-002
 -2.0458662e-002  2.0458662e-002
 -2.0620514e-002  2.0620514e-002
 -2.0904637e-002  2.0904637e-002
 -2.1086484e-002  2.1086484e-002
 -2.1193575e-002  2.1193575e-002
 -2.1451336e-002  2.1451336e-002
 -2.1793458e-002  2.1793458e-002
 -2.2097897e-002  2.2097897e-002
 -2.2389425e-002  2.2389425e-002
 -2.2735719e-002  2.2735719e-002
 -2.3093361e-002  2.3093361e-002
 -2.3414029e-002  2.3414029e-002
 -2.3731121e-002  2.3731121e-002
 -2.4019896e-002  2.4019896e-002
 -2.4316609e-002  2.4316609e-002
 -2.4645355e-002  2.4645355e-002
 -2.4969057e-002  2.4969057e-002
 -2.5266771e-002  2.5266771e-002
 -2.5595613e-002  2.5595613e-002
 -2.6019854e-002  2.6019854e-002
 -2.6391636e-002  2.6391636e-002
 -2.6656702e-002  2.6656702e-002
 -2.6993089e-002  2.6993089e-002
 -2.7422576e-002  2.7422576e-002
 -2.7711368e-002  2.7711368e-002
 -2.7857564e-002  2.7857564e-002
 -2.8016168e-002  2.8016168e-002
 -2.8183752e-002  2.8183752e-002
 -2.8439039e-002  2.8439039e-002
 -2.8738761e-002  2.8738761e-002
 -2.8977214e-002  2.8977214e-002
 -2.9192832e-002  2.9192832e-002
 -2.9542993e-002  2.9542993e-002
 -2.9920555e-002  2.9920555e-002
 -3.0177997e-002  3.0177997e-002
 -3.0424186e-002  3.0424186e-002
 -3.0836984e-002  3.0836984e-002
 -3.1248157e-002  3.1248157e-002
 -3.1641167e-002  3.1641167e-002
 -3.2017258e-002  3.2017258e-002
 -3.2307694e-002  3.2307694e-002
 -3.2598167e-002  3.2598167e-002
 -3.2888757e-002  3.2888757e-002
 -3.3154319e-002  3.3154319e-002
 -3.3369535e-002  3.3369535e-002
 -3.3548748e-002  3.3548748e-002
 -3.3685202e-002  3.3685202e-002
 -3.3927929e-002  3.3927929e-002
 -3.4277309e-002  3.4277309e-002
 -3.4557113e-002  3.4557113e-002
 -3.4787083e-002  3.4787083e-002
 -3.4991302e-002  3.4991302e-002
 -3.5182617e-002  3.5182617e-002
 -3.5442344e-002  3.5442344e-002
 -3.5729303e-002  3.5729303e-002
 -3.5993743e-002  3.5993743e-002
 -3.6253678e-002  3.6253678e-002
 -3.6375780e-002  3.6375780e-002
 -3.6485421e-002  3.6485421e-002
 -3.6726726e-002  3.6726726e-002
 -3.6955159e-002  3.6955159e-002
 -3.7043002e-002  3.7043002e-002
 -3.7133145e-002  3.7133145e-002
 -3.7199036e-002  3.7199036e-002
 -3.7346290e-002  3.7346290e-002
 -3.7736385e-002  3.7736385e-002
 -3.8121445e-002  3.8121445e-002
 -3.8496489e-002  3.8496489e-002
 -3.8944526e-002  3.8944526e-002
 -3.9494175e-002  3.9494175e-002
 -3.9891243e-002  3.9891243e-002
 -4.0131630e-002  4.0131630e-002
 -4.0374174e-002  4.0374174e-002
 -4.0618248e-002  4.0618248e-002
 -4.1005127e-002  4.1005127e-002
 -4.1462773e-002  4.1462773e-002
 -4.1818056e-002  4.1818056e-002
 -4.2139617e-002  4.2139617e-002
 -4.2270836e-002  4.2270836e-002
 -4.2363507e-002  4.2363507e-002
 -4.2727327e-002  4.2727327e-002
 -4.3115108e-002  4.3115108e-002
 -4.3556368e-002  4.3556368e-002
 -4.3987449e-002  4.3987449e-002
 -4.4310815e-002  4.4310815e-002
 -4.4631094e-002  4.4631094e-002
 -4.4943472e-002  4.4943472e-002
 -4.5200745e-002  4.5200745e-002
 -4.5295684e-002  4.5295684e-002
 -4.5483365e-002  4.5483365e-002
 -4.5853525e-002  4.5853525e-002
 -4.6231185e-002  4.6231185e-002
 -4.6619180e-002  4.6619180e-002
 -4.6974558e-002  4.6974558e-002
 -4.7303626e-002  4.7303626e-002
 -4.7555330e-002  4.7555330e-002
 -4.7752736e-002  4.7752736e-002
 -4.7931974e-002  4.7931974e-002
 -4.8102308e-002  4.8102308e-002
 -4.8273817e-002  4.8273817e-002
 -4.8445708e-002  4.8445708e-002
 -4.8692951e-002  4.8692951e-002
 -4.8961221e-002  4.8961221e-002
 -4.9186410e-002  4.9186410e-002
 -4.9408906e-002  4.9408906e-002
 -4.9813250e-002  4.9813250e-002
 -5.0216231e-002  5.0216231e-002
 -5.0605218e-002  5.0605218e-002
 -5.0978367e-002  5.0978367e-002
 -5.1275474e-002  5.1275474e-002
 -5.1618710e-002  5.1618710e-002
 -5.2077234e-002  5.2077234e-002
 -5.2459956e-002  5.2459956e-002
 -5.2695158e-002  5.2695158e-002
 -5.2870345e-002  5.2870345e-002
 -5.2963658e-002  5.2963658e-002
 -5.3245862e-002  5.3245862e-002
 -5.3712099e-002  5.3712099e-002
 -5.4081360e-002  5.4081360e-002
 -5.4378103e-002  5.4378103e-002
 -5.4838940e-002  5.4838940e-002
 -5.5379294e-002  5.5379294e-002
 -5.5828234e-002  5.5828234e-002
 -5.6247850e-002  5.6247850e-002
 -5.6662537e-002  5.6662537e-002
 -5.7076289e-002  5.7076289e-002
 -5.7436679e-002  5.7436679e-002
 -5.7791217e-002  5.7791217e-002
 -5.8010250e-002  5.8010250e-002
 -5.8241714e-002  5.8241714e-002
 -5.8596921e-002  5.8596921e-002
 -5.8945259e-002  5.8945259e-002
 -5.9261180e-002  5.9261180e-002
 -5.9585645e-002  5.9585645e-002
 -5.9945284e-002  5.9945284e-002
 -6.0234979e-002  6.0234979e-002
 -6.0390046e-002  6.0390046e-002
 -6.0589040e-002  6.0589040e-002
 -6.0847359e-002  6.0847359e-002
 -6.1142690e-002  6.1142690e-002
 -6.1473726e-002  6.1473726e-002
 -6.1798646e-002  6.1798646e-002
 -6.2126074e-002  6.2126074e-002
 -6.2577484e-002  6.2577484e-002
 -6.3088302e-002  6.3088302e-002
 -6.3384318e-002  6.3384318e-002
 -6.3612352e-002  6.3612352e-002
 -6.4018999e-002  6.4018999e-002
 -6.4458877e-002  6.4458877e-002
 -6.4688350e-002  6.4688350e-002
 -6.4911861e-002  6.4911861e-002
 -6.5273693e-002  6.5273693e-002
 -6.5629716e-002  6.5629716e-002
 -6.5929593e-002  6.5929593e-002
 -6.6276810e-002  6.6276810e-002
 -6.6843704e-002  6.6843704e-002
 -6.7349671e-002  6.7349671e-002
 -6.7682976e-002  6.7682976e-002
 -6.8152156e-002  6.8152156e-002
 -6.8863710e-002  6.8863710e-002
 -6.9364193e-002  6.9364193e-002
 -6.9582490e-002  6.9582490e-002
 -6.9881880e-002  6.9881880e-002
 -7.0258733e-002  7.0258733e-002
 -7.0734811e-002  7.0734811e-002
 -7.1278431e-002  7.1278431e-002
 -7.1710880e-002  7.1710880e-002
 -7.2086382e-002  7.2086382e-002
 -7.2512927e-002  7.2512927e-002
 -7.2955407e-002  7.2955407e-002
 -7.3596829e-002  7.3596829e-002
 -7.4274575e-002  7.4274575e-002
 -7.4836906e-002  7.4836906e-002
 -7.5389994e-002  7.5389994e-002
 -7.5918780e-002  7.5918780e-002
 -7.6431023e-002  7.6431023e-002
 -7.6787939e-002  7.6787939e-002
 -7.7184781e-002  7.7184781e-002
 -7.7763849e-002  7.7763849e-002
 -7.8301763e-002  7.8301763e-002
 -7.8724489e-002  7.8724489e-002
 -7.9114183e-002  7.9114183e-002
 -7.9454410e-002  7.9454410e-002
 -7.9831557e-002  7.9831557e-002
 -8.0257593e-002  8.0257593e-002
 -8.0706987e-002  8.0706987e-002
 -8.1178492e-002  8.1178492e-002
 -8.1527851e-002  8.1527851e-002
 -8.1794929e-002  8.1794929e-002
 -8.2324362e-002  8.2324362e-002
 -8.2986426e-002  8.2986426e-002
 -8.3389317e-002  8.3389317e-002
 -8.3712376e-002  8.3712376e-002
 -8.4146738e-002  8.4146738e-002
 -8.4601037e-002  8.4601037e-002
 -8.5009070e-002  8.5009070e-002
 -8.5412872e-002  8.5412872e-002
 -8.5874912e-002  8.5874912e-002
 -8.6349682e-002  8.6349682e-002
 -8.6824452e-002  8.6824452e-002
 -8.7299212e-002  8.7299212e-002
 -8.7773982e-002  8.7773982e-002
 -8.8248752e-002  8.8248752e-002
 -8.8723522e-002  8.8723522e-002
 -8.9198292e-002  8.9198292e-002
 -8.9673062e-002  8.9673062e-002
 -9.0157552e-002  9.0157552e-002
 -9.0642042e-002  9.0642042e-002
 -9.1126532e-002  9.1126532e-002
 -9.1611022e-002  9.1611022e-002
 -9.2095512e-002  9.2095512e-002
 -9.2580002e-002  9.2580002e-002
 -9.3064492e-002  9.3064492e-002
 -9.3548982e-002  9.3548982e-002
 -9.4045052e-002  9.4045052e-002
 -9.4541112e-002  9.4541112e-002
 -9.5037182e-002  9.5037182e-002
 -9.5533242e-002  9.5533242e-002
 -9.6029312e-002  9.6029312e-002
 -9.6525372e-002  9.6525372e-002
 -9.7021442e-002  9.7021442e-002
 -9.7517502e-002  9.7517502e-002
 -9.8024212e-002  9.8024212e-002
 -9.8530932e-002  9.8530932e-002
 -9.9037642e-002  9.9037642e-002
 -9.9544352e-002  9.9544352e-002
 -1.0005107e-001  1.0005107e-001
 -1.0055778e-001  1.0055778e-001
 -1.0106449e-001  1.0106449e-001
 -1.0130847e-001  1.0130847e-001
 -1.0155246e-001  1.0155246e-001
 -1.0179644e-001  1.0179644e-001
 -1.0204043e-001  1.0204043e-001
 -1.0228441e-001  1.0228441e-001
 -1.0252840e-001  1.0252840e-001
 -1.0277238e-001  1.0277238e-001
 -1.0301637e-001  1.0301637e-001
 -1.0326035e-001  1.0326035e-001
 -1.0350434e-001  1.0350434e-001
 -1.0374832e-001  1.0374832e-001
 -1.0399231e-001  1.0399231e-001
 -1.0423629e-001  1.0423629e-001
 -1.0448027e-001  1.0448027e-001
 -1.0472426e-001  1.0472426e-001
 -1.0496824e-001  1.0496824e-001
 -1.0521223e-001  1.0521223e-001
 -1.0545621e-001  1.0545621e-001
 -1.0570020e-001  1.0570020e-001
 -1.0594418e-001  1.0594418e-001
 -1.0618817e-001  1.0618817e-001
 -1.0643215e-001  1.0643215e-001
 -1.0667614e-001  1.0667614e-001
 -1.0692012e-001  1.0692012e-001
 -1.0716410e-001  1.0716410e-001
 -1.0740809e-001  1.0740809e-001
 -1.0765207e-001  1.0765207e-001
 -1.0789606e-001  1.0789606e-001
 -1.0814004e-001  1.0814004e-001
 -1.0838403e-001  1.0838403e-001
 -1.0862801e-001  1.0862801e-001
 -1.0887200e-001  1.0887200e-001
 -1.0911598e-001  1.0911598e-001
 -1.0935997e-001  1.0935997e-001
 -1.0960395e-001  1.0960395e-001
 -1.0984794e-001  1.0984794e-001
 -1.1009192e-001  1.1009192e-001
 -1.1033590e-001  1.1033590e-001
 -1.1057989e-001  1.1057989e-001
 -1.1082387e-001  1.1082387e-001
 -1.1106786e-001  1.1106786e-001
 -1.1131184e-001  1.1131184e-001
 -1.1155583e-001  1.1155583e-001
 -1.1179981e-001  1.1179981e-001
 -1.1204380e-001  1.1204380e-001
 -1.1228778e-001  1.1228778e-001
 -1.1253177e-001  1.1253177e-001
 -1.1277575e-001  1.1277575e-001
 -1.1301974e-001  1.1301974e-001
 -1.1326372e-001  1.1326372e-001
 -1.1350770e-001  1.1350770e-001
 -1.1375169e-001  1.1375169e-001
 -1.1399567e-001  1.1399567e-001
 -1.1423966e-001  1.1423966e-001
 -1.1448364e-001  1.1448364e-001
 -1.1472763e-001  1.1472763e-001
 -1.1497161e-001  1.1497161e-001
 -1.1521560e-001  1.1521560e-001
 -1.1545958e-001  1.1545958e-001
 -1.1570357e-001  1.1570357e-001
 -1.1594755e-001  1.1594755e-001
 -1.1619153e-001  1.1619153e-001
 -1.1643552e-001  1.1643552e-001
 -1.1667950e-001  1.1667950e-001
 -1.1692349e-001  1.1692349e-001
 -1.1716747e-001  1.1716747e-001
 -1.1741146e-001  1.1741146e-001
 -1.1765544e-001  1.1765544e-001
 -1.1789943e-001  1.1789943e-001
 -1.1814341e-001  1.1814341e-001
 -1.1838740e-001  1.1838740e-001
 -1.1863138e-001  1.1863138e-001
 -1.1887537e-001  1.1887537e-001
