 -0.0000000e+000  0.0000000e+000
 -0.0000000e+000  0.0000000e+000
 -0.0000000e+000  0.0000000e+000
 -0.0000000e+000  0.0000000e+000
 -0.0000000e+000  0.0000000e+000
 -0.0000000e+000  0.0000000e+000
 -0.0000000e+000  0.0000000e+000
 -0.0000000e+000  0.0000000e+000
 -0.0000000e+000  0.0000000e+000
 -0.0000000e+000  0.0000000e+000
 -0.0000000e+000  0.0000000e+000
 -0.0000000e+000  0.0000000e+000
 -0.0000000e+000  0.0000000e+000
 -0.0000000e+000  0.0000000e+000
 -0.0000000e+000  0.0000000e+000
 -0.0000000e+000  0.0000000e+000
 -0.0000000e+000  0.0000000e+000
 -0.0000000e+000  0.0000000e+000
 -0.0000000e+000  0.0000000e+000
 -0.0000000e+000  0.0000000e+000
 -0.0000000e+000  0.0000000e+000
 -0.0000000e+000  0.0000000e+000
 -0.0000000e+000  0.0000000e+000
 -0.0000000e+000  0.0000000e+000
 -0.0000000e+000  0.0000000e+000
 -0.0000000e+000  0.0000000e+000
 -0.0000000e+000  0.0000000e+000
 -0.0000000e+000  0.0000000e+000
 -0.0000000e+000  0.0000000e+000
 -0.0000000e+000  0.0000000e+000
 -0.0000000e+000  0.0000000e+000
 -0.0000000e+000  0.0000000e+000
 -0.0000000e+000  0.0000000e+000
 -0.0000000e+000  0.0000000e+000
 -0.0000000e+000  0.0000000e+000
 -0.0000000e+000  0.0000000e+000
 -0.0000000e+000  0.0000000e+000
 -0.0000000e+000  0.0000000e+000
 -0.0000000e+000  0.0000000e+000
 -0.0000000e+000  0.0000000e+000
 -0.0000000e+000  0.0000000e+000
 -0.0000000e+000  0.0000000e+000
 -0.0000000e+000  0.0000000e+000
 -0.0000000e+000  0.0000000e+000
 -0.0000000e+000  0.0000000e+000
 -0.0000000e+000  0.0000000e+000
 -0.0000000e+000  0.0000000e+000
 -0.0000000e+000  0.0000000e+000
 -0.0000000e+000  0.0000000e+000
 -0.0000000e+000  0.0000000e+000
 -0.0000000e+000  0.0000000e+000
 -0.0000000e+000  0.0000000e+000
 -0.0000000e+000  0.0000000e+000
 -0.0000000e+000  0.0000000e+000
 -0.0000000e+000  0.0000000e+000
 -0.0000000e+000  0.0000000e+000
 -0.0000000e+000  0.0000000e+000
 -0.0000000e+000  0.0000000e+000
 -0.0000000e+000  0.0000000e+000
 -0.0000000e+000  0.0000000e+000
 -0.0000000e+000  0.0000000e+000
 -0.0000000e+000  0.0000000e+000
 -0.0000000e+000  0.0000000e+000
 -0.0000000e+000  0.0000000e+000
 -0.0000000e+000  0.0000000e+000
 -0.0000000e+000  0.0000000e+000
 -0.0000000e+000  0.0000000e+000
 -0.0000000e+000  0.0000000e+000
 -0.0000000e+000  0.0000000e+000
 -0.0000000e+000  0.0000000e+000
 -0.0000000e+000  0.0000000e+000
 -0.0000000e+000  0.0000000e+000
 -0.0000000e+000  0.0000000e+000
 -0.0000000e+000  0.0000000e+000
 -0.0000000e+000  0.0000000e+000
 -0.0000000e+000  0.0000000e+000
 -0.0000000e+000  0.0000000e+000
 -0.0000000e+000  0.0000000e+000
 -0.0000000e+000  0.0000000e+000
 -0.0000000e+000  0.0000000e+000
 -0.0000000e+000  0.0000000e+000
 -0.0000000e+000  0.0000000e+000
 -0.0000000e+000  0.0000000e+000
 -0.0000000e+000  0.0000000e+000
 -0.0000000e+000  0.0000000e+000
 -0.0000000e+000  0.0000000e+000
 -0.0000000e+000  0.0000000e+000
 -0.0000000e+000  0.0000000e+000
 -0.0000000e+000  0.0000000e+000
 -0.0000000e+000  0.0000000e+000
 -0.0000000e+000  0.0000000e+000
  1.8450798e-005 -1.8450798e-005
  3.8122276e-005 -3.8122276e-005
  3.3043876e-005 -3.3043876e-005
  2.9761040e-005 -2.9761040e-005
  4.3905478e-005 -4.3905478e-005
  6.4576352e-005 -6.4576352e-005
  1.1560438e-004 -1.1560438e-004
  1.5017223e-004 -1.5017223e-004
  1.3800994e-004 -1.3800994e-004
  1.3808294e-004 -1.3808294e-004
  1.6148579e-004 -1.6148579e-004
  1.7870094e-004 -1.7870094e-004
  1.8763181e-004 -1.8763181e-004
  1.8150202e-004 -1.8150202e-004
  1.6096589e-004 -1.6096589e-004
  1.5336350e-004 -1.5336350e-004
  1.5457784e-004 -1.5457784e-004
  1.1819299e-004 -1.1819299e-004
  6.3966049e-005 -6.3966049e-005
  8.1496052e-005 -8.1496052e-005
  1.2147302e-004 -1.2147302e-004
  6.2796232e-005 -6.2796232e-005
 -1.3941115e-005  1.3941115e-005
 -9.8455153e-007  9.8455153e-007
  1.8801845e-005 -1.8801845e-005
  3.4888687e-005 -3.4888687e-005
  4.7234858e-005 -4.7234858e-005
  2.4305653e-005 -2.4305653e-005
  9.1667671e-006 -9.1667671e-006
  2.9658447e-005 -2.9658447e-005
  3.7258504e-005 -3.7258504e-005
  8.7238527e-006 -8.7238527e-006
  1.3248217e-005 -1.3248217e-005
  8.0124187e-005 -8.0124187e-005
  1.0322460e-004 -1.0322460e-004
  6.8304279e-005 -6.8304279e-005
  4.7752154e-005 -4.7752154e-005
  4.0808937e-005 -4.0808937e-005
  2.7962568e-005 -2.7962568e-005
  1.1133126e-005 -1.1133126e-005
 -1.6209198e-005  1.6209198e-005
 -4.8484050e-005  4.8484050e-005
 -6.3638056e-005  6.3638056e-005
 -7.3508898e-005  7.3508898e-005
 -1.1970072e-004  1.1970072e-004
 -1.7241677e-004  1.7241677e-004
 -2.2834230e-004  2.2834230e-004
 -2.8419716e-004  2.8419716e-004
 -3.1958419e-004  3.1958419e-004
 -3.5615253e-004  3.5615253e-004
 -4.0355179e-004  4.0355179e-004
 -4.5798229e-004  4.5798229e-004
 -5.4403995e-004  5.4403995e-004
 -6.0253522e-004  6.0253522e-004
 -5.8474857e-004  5.8474857e-004
 -6.4766774e-004  6.4766774e-004
 -8.6115687e-004  8.6115687e-004
 -9.8948404e-004  9.8948404e-004
 -1.0060661e-003  1.0060661e-003
 -1.0337300e-003  1.0337300e-003
 -1.0717872e-003  1.0717872e-003
 -1.0724731e-003  1.0724731e-003
 -1.0482008e-003  1.0482008e-003
 -1.0896748e-003  1.0896748e-003
 -1.1616474e-003  1.1616474e-003
 -1.1710715e-003  1.1710715e-003
 -1.1614577e-003  1.1614577e-003
 -1.2012679e-003  1.2012679e-003
 -1.2497867e-003  1.2497867e-003
 -1.2889524e-003  1.2889524e-003
 -1.3265442e-003  1.3265442e-003
 -1.3123488e-003  1.3123488e-003
 -1.3011232e-003  1.3011232e-003
 -1.3163882e-003  1.3163882e-003
 -1.3404586e-003  1.3404586e-003
 -1.4034885e-003  1.4034885e-003
 -1.4815002e-003  1.4815002e-003
 -1.6004561e-003  1.6004561e-003
 -1.6919759e-003  1.6919759e-003
 -1.7328613e-003  1.7328613e-003
 -1.7607931e-003  1.7607931e-003
 -1.7718978e-003  1.7718978e-003
 -1.8025264e-003  1.8025264e-003
 -1.8512854e-003  1.8512854e-003
 -1.9106297e-003  1.9106297e-003
 -1.9769710e-003  1.9769710e-003
 -2.0366532e-003  2.0366532e-003
 -2.0932815e-003  2.0932815e-003
 -2.1825041e-003  2.1825041e-003
 -2.2815112e-003  2.2815112e-003
 -2.3100184e-003  2.3100184e-003
 -2.3263432e-003  2.3263432e-003
 -2.3353553e-003  2.3353553e-003
 -2.3439489e-003  2.3439489e-003
 -2.3565109e-003  2.3565109e-003
 -2.3664645e-003  2.3664645e-003
 -2.3537709e-003  2.3537709e-003
 -2.3281101e-003  2.3281101e-003
 -2.2460046e-003  2.2460046e-003
 -2.1478803e-003  2.1478803e-003
 -2.0065240e-003  2.0065240e-003
 -1.9418955e-003  1.9418955e-003
 -2.0173495e-003  2.0173495e-003
 -2.0688094e-003  2.0688094e-003
 -2.0894114e-003  2.0894114e-003
 -2.0960106e-003  2.0960106e-003
 -2.0897342e-003  2.0897342e-003
 -2.0845996e-003  2.0845996e-003
 -2.0802119e-003  2.0802119e-003
 -2.0680508e-003  2.0680508e-003
 -2.0523653e-003  2.0523653e-003
 -2.0080862e-003  2.0080862e-003
 -1.9553426e-003  1.9553426e-003
 -1.8797236e-003  1.8797236e-003
 -1.8002292e-003  1.8002292e-003
 -1.6351072e-003  1.6351072e-003
 -1.4664623e-003  1.4664623e-003
 -1.3890576e-003  1.3890576e-003
 -1.3157112e-003  1.3157112e-003
 -1.2766851e-003  1.2766851e-003
 -1.2487630e-003  1.2487630e-003
 -1.2684007e-003  1.2684007e-003
 -1.2764932e-003  1.2764932e-003
 -1.2538132e-003  1.2538132e-003
 -1.2446318e-003  1.2446318e-003
 -1.2598307e-003  1.2598307e-003
 -1.2813700e-003  1.2813700e-003
 -1.3109821e-003  1.3109821e-003
 -1.2492222e-003  1.2492222e-003
 -1.1042732e-003  1.1042732e-003
 -1.0240447e-003  1.0240447e-003
 -9.8572325e-004  9.8572325e-004
 -8.8042231e-004  8.8042231e-004
 -7.4510179e-004  7.4510179e-004
 -6.3219657e-004  6.3219657e-004
 -5.2583432e-004  5.2583432e-004
 -4.9974007e-004  4.9974007e-004
 -4.8697450e-004  4.8697450e-004
 -3.5143699e-004  3.5143699e-004
 -2.0913666e-004  2.0913666e-004
 -1.0306183e-004  1.0306183e-004
  6.6207130e-007 -6.6207130e-007
  8.5011547e-005 -8.5011547e-005
  1.7917482e-004 -1.7917482e-004
  3.1470440e-004 -3.1470440e-004
  4.4503065e-004 -4.4503065e-004
  5.6165892e-004 -5.6165892e-004
  6.2042142e-004 -6.2042142e-004
  5.7578654e-004 -5.7578654e-004
  5.8503123e-004 -5.8503123e-004
  6.6219465e-004 -6.6219465e-004
  7.9238928e-004 -7.9238928e-004
  9.7039049e-004 -9.7039049e-004
  1.0542652e-003 -1.0542652e-003
  1.0778200e-003 -1.0778200e-003
  1.2070435e-003 -1.2070435e-003
  1.3830817e-003 -1.3830817e-003
  1.5033489e-003 -1.5033489e-003
  1.6075657e-003 -1.6075657e-003
  1.7468952e-003 -1.7468952e-003
  1.8919379e-003 -1.8919379e-003
  1.9353530e-003 -1.9353530e-003
  1.9755939e-003 -1.9755939e-003
  2.1197920e-003 -2.1197920e-003
  2.2795886e-003 -2.2795886e-003
  2.5647213e-003 -2.5647213e-003
  2.8400108e-003 -2.8400108e-003
  3.0744621e-003 -3.0744621e-003
  3.2959138e-003 -3.2959138e-003
  3.4835628e-003 -3.4835628e-003
  3.7062576e-003 -3.7062576e-003
  3.9909072e-003 -3.9909072e-003
  4.1947802e-003 -4.1947802e-003
  4.2978419e-003 -4.2978419e-003
  4.5081271e-003 -4.5081271e-003
  4.8141201e-003 -4.8141201e-003
  4.9924980e-003 -4.9924980e-003
  5.0899399e-003 -5.0899399e-003
  5.2627547e-003 -5.2627547e-003
  5.4685766e-003 -5.4685766e-003
  5.6976033e-003 -5.6976033e-003
  5.9332136e-003 -5.9332136e-003
  6.0115895e-003 -6.0115895e-003
  6.0649051e-003 -6.0649051e-003
  6.2336451e-003 -6.2336451e-003
  6.4070146e-003 -6.4070146e-003
  6.5164562e-003 -6.5164562e-003
  6.6360612e-003 -6.6360612e-003
  6.8353287e-003 -6.8353287e-003
  7.0357555e-003 -7.0357555e-003
  7.2409174e-003 -7.2409174e-003
  7.4162979e-003 -7.4162979e-003
  7.5151823e-003 -7.5151823e-003
  7.6612717e-003 -7.6612717e-003
  7.8899249e-003 -7.8899249e-003
  8.1105349e-003 -8.1105349e-003
  8.3212067e-003 -8.3212067e-003
  8.4470360e-003 -8.4470360e-003
  8.4978812e-003 -8.4978812e-003
  8.6646280e-003 -8.6646280e-003
  8.9041214e-003 -8.9041214e-003
  9.1791598e-003 -9.1791598e-003
  9.4695833e-003 -9.4695833e-003
  9.5801494e-003 -9.5801494e-003
  9.6404165e-003 -9.6404165e-003
  9.7973328e-003 -9.7973328e-003
  9.9693335e-003 -9.9693335e-003
  1.0095675e-002 -1.0095675e-002
  1.0219930e-002 -1.0219930e-002
  1.0356000e-002 -1.0356000e-002
  1.0481536e-002 -1.0481536e-002
  1.0526491e-002 -1.0526491e-002
  1.0568053e-002 -1.0568053e-002
  1.0747472e-002 -1.0747472e-002
  1.0931334e-002 -1.0931334e-002
  1.1126471e-002 -1.1126471e-002
  1.1327227e-002 -1.1327227e-002
  1.1537707e-002 -1.1537707e-002
  1.1738076e-002 -1.1738076e-002
  1.1926074e-002 -1.1926074e-002
  1.1979848e-002 -1.1979848e-002
  1.2055037e-002 -1.2055037e-002
  1.2135609e-002 -1.2135609e-002
  1.2219524e-002 -1.2219524e-002
  1.2223469e-002 -1.2223469e-002
  1.2193204e-002 -1.2193204e-002
  1.2264325e-002 -1.2264325e-002
  1.2363392e-002 -1.2363392e-002
  1.2496884e-002 -1.2496884e-002
  1.2648262e-002 -1.2648262e-002
  1.2898040e-002 -1.2898040e-002
  1.3146564e-002 -1.3146564e-002
  1.3218305e-002 -1.3218305e-002
  1.3305960e-002 -1.3305960e-002
  1.3512470e-002 -1.3512470e-002
  1.3701205e-002 -1.3701205e-002
  1.3819553e-002 -1.3819553e-002
  1.3911744e-002 -1.3911744e-002
  1.3970009e-002 -1.3970009e-002
  1.4053158e-002 -1.4053158e-002
  1.4178914e-002 -1.4178914e-002
  1.4306151e-002 -1.4306151e-002
  1.4435183e-002 -1.4435183e-002
  1.4576292e-002 -1.4576292e-002
  1.4727865e-002 -1.4727865e-002
  1.4870051e-002 -1.4870051e-002
  1.5021987e-002 -1.5021987e-002
  1.5124480e-002 -1.5124480e-002
  1.5206069e-002 -1.5206069e-002
  1.5262992e-002 -1.5262992e-002
  1.5313214e-002 -1.5313214e-002
  1.5472173e-002 -1.5472173e-002
  1.5647389e-002 -1.5647389e-002
  1.5764708e-002 -1.5764708e-002
  1.5878087e-002 -1.5878087e-002
  1.5946463e-002 -1.5946463e-002
  1.6017552e-002 -1.6017552e-002
  1.6108428e-002 -1.6108428e-002
  1.6209313e-002 -1.6209313e-002
  1.6349229e-002 -1.6349229e-002
  1.6484897e-002 -1.6484897e-002
  1.6597417e-002 -1.6597417e-002
  1.6732560e-002 -1.6732560e-002
  1.6906033e-002 -1.6906033e-002
  1.7094433e-002 -1.7094433e-002
  1.7300735e-002 -1.7300735e-002
  1.7510968e-002 -1.7510968e-002
  1.7724573e-002 -1.7724573e-002
  1.7893023e-002 -1.7893023e-002
  1.8021381e-002 -1.8021381e-002
  1.8131200e-002 -1.8131200e-002
  1.8233273e-002 -1.8233273e-002
  1.8405958e-002 -1.8405958e-002
  1.8597542e-002 -1.8597542e-002
  1.8686119e-002 -1.8686119e-002
  1.8759630e-002 -1.8759630e-002
  1.8817982e-002 -1.8817982e-002
  1.8864123e-002 -1.8864123e-002
  1.8937329e-002 -1.8937329e-002
  1.9018771e-002 -1.9018771e-002
  1.9158927e-002 -1.9158927e-002
  1.9274850e-002 -1.9274850e-002
  1.9297685e-002 -1.9297685e-002
  1.9331419e-002 -1.9331419e-002
  1.9391823e-002 -1.9391823e-002
  1.9483361e-002 -1.9483361e-002
  1.9627096e-002 -1.9627096e-002
  1.9746400e-002 -1.9746400e-002
  1.9836696e-002 -1.9836696e-002
  1.9939387e-002 -1.9939387e-002
  2.0052607e-002 -2.0052607e-002
  2.0183440e-002 -2.0183440e-002
  2.0324874e-002 -2.0324874e-002
  2.0422128e-002 -2.0422128e-002
  2.0511566e-002 -2.0511566e-002
  2.0633927e-002 -2.0633927e-002
  2.0764970e-002 -2.0764970e-002
  2.0852288e-002 -2.0852288e-002
  2.0933352e-002 -2.0933352e-002
  2.1028570e-002 -2.1028570e-002
  2.1127450e-002 -2.1127450e-002
  2.1295952e-002 -2.1295952e-002
  2.1455459e-002 -2.1455459e-002
  2.1552284e-002 -2.1552284e-002
  2.1668957e-002 -2.1668957e-002
  2.1860740e-002 -2.1860740e-002
  2.2028317e-002 -2.2028317e-002
  2.2137362e-002 -2.2137362e-002
  2.2258623e-002 -2.2258623e-002
  2.2387524e-002 -2.2387524e-002
  2.2525994e-002 -2.2525994e-002
  2.2675713e-002 -2.2675713e-002
  2.2820844e-002 -2.2820844e-002
  2.2962117e-002 -2.2962117e-002
  2.3017329e-002 -2.3017329e-002
  2.3021282e-002 -2.3021282e-002
  2.3136330e-002 -2.3136330e-002
  2.3284074e-002 -2.3284074e-002
  2.3446221e-002 -2.3446221e-002
  2.3612109e-002 -2.3612109e-002
  2.3720417e-002 -2.3720417e-002
  2.3820673e-002 -2.3820673e-002
  2.3908118e-002 -2.3908118e-002
  2.3995283e-002 -2.3995283e-002
  2.4087648e-002 -2.4087648e-002
  2.4167684e-002 -2.4167684e-002
  2.4249731e-002 -2.4249731e-002
  2.4326221e-002 -2.4326221e-002
  2.4381998e-002 -2.4381998e-002
  2.4451286e-002 -2.4451286e-002
  2.4552861e-002 -2.4552861e-002
  2.4658293e-002 -2.4658293e-002
  2.4770055e-002 -2.4770055e-002
  2.4895058e-002 -2.4895058e-002
  2.5035471e-002 -2.5035471e-002
  2.5169350e-002 -2.5169350e-002
  2.5297787e-002 -2.5297787e-002
  2.5434830e-002 -2.5434830e-002
  2.5576945e-002 -2.5576945e-002
  2.5683016e-002 -2.5683016e-002
  2.5774560e-002 -2.5774560e-002
  2.5857200e-002 -2.5857200e-002
  2.5940791e-002 -2.5940791e-002
  2.6010012e-002 -2.6010012e-002
  2.6077269e-002 -2.6077269e-002
  2.6162555e-002 -2.6162555e-002
  2.6248582e-002 -2.6248582e-002
  2.6335730e-002 -2.6335730e-002
  2.6418610e-002 -2.6418610e-002
  2.6473029e-002 -2.6473029e-002
  2.6530942e-002 -2.6530942e-002
  2.6601696e-002 -2.6601696e-002
  2.6680768e-002 -2.6680768e-002
  2.6779485e-002 -2.6779485e-002
  2.6876221e-002 -2.6876221e-002
  2.6969741e-002 -2.6969741e-002
  2.7076153e-002 -2.7076153e-002
  2.7184798e-002 -2.7184798e-002
  2.7302727e-002 -2.7302727e-002
  2.7428311e-002 -2.7428311e-002
  2.7499980e-002 -2.7499980e-002
  2.7540209e-002 -2.7540209e-002
  2.7617832e-002 -2.7617832e-002
  2.7710347e-002 -2.7710347e-002
  2.7739409e-002 -2.7739409e-002
  2.7739856e-002 -2.7739856e-002
  2.7763228e-002 -2.7763228e-002
  2.7789660e-002 -2.7789660e-002
  2.7840863e-002 -2.7840863e-002
  2.7893016e-002 -2.7893016e-002
  2.7946567e-002 -2.7946567e-002
  2.8001558e-002 -2.8001558e-002
  2.8065943e-002 -2.8065943e-002
  2.8119227e-002 -2.8119227e-002
  2.8132320e-002 -2.8132320e-002
  2.8149372e-002 -2.8149372e-002
  2.8175664e-002 -2.8175664e-002
  2.8229934e-002 -2.8229934e-002
  2.8329183e-002 -2.8329183e-002
  2.8416858e-002 -2.8416858e-002
  2.8491325e-002 -2.8491325e-002
  2.8536745e-002 -2.8536745e-002
  2.8558455e-002 -2.8558455e-002
  2.8617657e-002 -2.8617657e-002
  2.8698493e-002 -2.8698493e-002
  2.8745325e-002 -2.8745325e-002
  2.8778778e-002 -2.8778778e-002
  2.8827142e-002 -2.8827142e-002
  2.8879204e-002 -2.8879204e-002
  2.8966496e-002 -2.8966496e-002
  2.9060023e-002 -2.9060023e-002
  2.9107631e-002 -2.9107631e-002
  2.9152238e-002 -2.9152238e-002
  2.9169443e-002 -2.9169443e-002
  2.9192873e-002 -2.9192873e-002
  2.9256079e-002 -2.9256079e-002
  2.9316040e-002 -2.9316040e-002
  2.9351799e-002 -2.9351799e-002
  2.9384219e-002 -2.9384219e-002
  2.9408937e-002 -2.9408937e-002
  2.9450433e-002 -2.9450433e-002
  2.9518621e-002 -2.9518621e-002
  2.9591671e-002 -2.9591671e-002
  2.9670214e-002 -2.9670214e-002
  2.9779161e-002 -2.9779161e-002
  2.9912678e-002 -2.9912678e-002
  2.9991271e-002 -2.9991271e-002
  3.0038508e-002 -3.0038508e-002
  3.0115694e-002 -3.0115694e-002
  3.0204518e-002 -3.0204518e-002
  3.0262687e-002 -3.0262687e-002
  3.0313366e-002 -3.0313366e-002
  3.0365577e-002 -3.0365577e-002
  3.0417984e-002 -3.0417984e-002
  3.0553034e-002 -3.0553034e-002
  3.0685765e-002 -3.0685765e-002
  3.0734669e-002 -3.0734669e-002
  3.0780466e-002 -3.0780466e-002
  3.0806820e-002 -3.0806820e-002
  3.0834862e-002 -3.0834862e-002
  3.0868839e-002 -3.0868839e-002
  3.0911185e-002 -3.0911185e-002
  3.1001392e-002 -3.1001392e-002
  3.1073145e-002 -3.1073145e-002
  3.1115847e-002 -3.1115847e-002
  3.1144828e-002 -3.1144828e-002
  3.1158460e-002 -3.1158460e-002
  3.1182060e-002 -3.1182060e-002
  3.1213635e-002 -3.1213635e-002
  3.1229757e-002 -3.1229757e-002
  3.1237152e-002 -3.1237152e-002
  3.1238480e-002 -3.1238480e-002
  3.1237480e-002 -3.1237480e-002
  3.1251057e-002 -3.1251057e-002
  3.1268139e-002 -3.1268139e-002
  3.1263532e-002 -3.1263532e-002
  3.1256236e-002 -3.1256236e-002
  3.1296325e-002 -3.1296325e-002
  3.1337810e-002 -3.1337810e-002
  3.1380791e-002 -3.1380791e-002
  3.1429546e-002 -3.1429546e-002
  3.1513687e-002 -3.1513687e-002
  3.1592759e-002 -3.1592759e-002
  3.1654253e-002 -3.1654253e-002
  3.1704729e-002 -3.1704729e-002
  3.1717750e-002 -3.1717750e-002
  3.1735839e-002 -3.1735839e-002
  3.1761827e-002 -3.1761827e-002
  3.1791788e-002 -3.1791788e-002
  3.1826151e-002 -3.1826151e-002
  3.1864160e-002 -3.1864160e-002
  3.1905058e-002 -3.1905058e-002
  3.1957221e-002 -3.1957221e-002
  3.2003054e-002 -3.2003054e-002
  3.2046443e-002 -3.2046443e-002
  3.2088906e-002 -3.2088906e-002
  3.2133618e-002 -3.2133618e-002
  3.2178863e-002 -3.2178863e-002
  3.2178774e-002 -3.2178774e-002
  3.2173205e-002 -3.2173205e-002
  3.2157294e-002 -3.2157294e-002
  3.2155808e-002 -3.2155808e-002
  3.2187035e-002 -3.2187035e-002
  3.2225303e-002 -3.2225303e-002
  3.2305849e-002 -3.2305849e-002
  3.2370607e-002 -3.2370607e-002
  3.2381385e-002 -3.2381385e-002
  3.2404010e-002 -3.2404010e-002
  3.2453026e-002 -3.2453026e-002
  3.2499955e-002 -3.2499955e-002
  3.2563135e-002 -3.2563135e-002
  3.2594492e-002 -3.2594492e-002
  3.2590947e-002 -3.2590947e-002
  3.2596801e-002 -3.2596801e-002
  3.2610028e-002 -3.2610028e-002
  3.2652729e-002 -3.2652729e-002
  3.2711724e-002 -3.2711724e-002
  3.2734661e-002 -3.2734661e-002
  3.2748821e-002 -3.2748821e-002
  3.2757278e-002 -3.2757278e-002
  3.2764405e-002 -3.2764405e-002
  3.2812473e-002 -3.2812473e-002
  3.2865365e-002 -3.2865365e-002
  3.2843931e-002 -3.2843931e-002
  3.2820232e-002 -3.2820232e-002
  3.2799958e-002 -3.2799958e-002
  3.2780651e-002 -3.2780651e-002
  3.2767026e-002 -3.2767026e-002
  3.2764245e-002 -3.2764245e-002
  3.2798025e-002 -3.2798025e-002
  3.2820179e-002 -3.2820179e-002
  3.2816733e-002 -3.2816733e-002
  3.2841790e-002 -3.2841790e-002
  3.2897726e-002 -3.2897726e-002
  3.2902323e-002 -3.2902323e-002
  3.2851164e-002 -3.2851164e-002
  3.2806072e-002 -3.2806072e-002
  3.2765690e-002 -3.2765690e-002
  3.2729487e-002 -3.2729487e-002
  3.2695570e-002 -3.2695570e-002
  3.2671210e-002 -3.2671210e-002
  3.2650385e-002 -3.2650385e-002
  3.2589298e-002 -3.2589298e-002
  3.2518982e-002 -3.2518982e-002
  3.2456371e-002 -3.2456371e-002
  3.2394644e-002 -3.2394644e-002
  3.2314247e-002 -3.2314247e-002
  3.2240448e-002 -3.2240448e-002
  3.2268318e-002 -3.2268318e-002
  3.2274625e-002 -3.2274625e-002
  3.2229359e-002 -3.2229359e-002
  3.2196803e-002 -3.2196803e-002
  3.2206504e-002 -3.2206504e-002
  3.2194653e-002 -3.2194653e-002
  3.2135882e-002 -3.2135882e-002
  3.2074816e-002 -3.2074816e-002
  3.2010282e-002 -3.2010282e-002
  3.1968061e-002 -3.1968061e-002
  3.1949835e-002 -3.1949835e-002
  3.1909065e-002 -3.1909065e-002
  3.1850964e-002 -3.1850964e-002
  3.1791680e-002 -3.1791680e-002
  3.1731757e-002 -3.1731757e-002
  3.1705748e-002 -3.1705748e-002
  3.1692127e-002 -3.1692127e-002
  3.1644742e-002 -3.1644742e-002
  3.1589743e-002 -3.1589743e-002
  3.1525619e-002 -3.1525619e-002
  3.1460476e-002 -3.1460476e-002
  3.1414552e-002 -3.1414552e-002
  3.1364727e-002 -3.1364727e-002
  3.1255601e-002 -3.1255601e-002
  3.1154132e-002 -3.1154132e-002
  3.1083376e-002 -3.1083376e-002
  3.1013345e-002 -3.1013345e-002
  3.0945696e-002 -3.0945696e-002
  3.0873100e-002 -3.0873100e-002
  3.0789854e-002 -3.0789854e-002
  3.0691743e-002 -3.0691743e-002
  3.0571407e-002 -3.0571407e-002
  3.0461675e-002 -3.0461675e-002
  3.0363237e-002 -3.0363237e-002
  3.0291959e-002 -3.0291959e-002
  3.0241350e-002 -3.0241350e-002
  3.0136203e-002 -3.0136203e-002
  3.0001867e-002 -3.0001867e-002
  2.9959779e-002 -2.9959779e-002
  2.9950963e-002 -2.9950963e-002
  2.9922633e-002 -2.9922633e-002
  2.9889975e-002 -2.9889975e-002
  2.9816378e-002 -2.9816378e-002
  2.9738334e-002 -2.9738334e-002
  2.9680751e-002 -2.9680751e-002
  2.9617619e-002 -2.9617619e-002
  2.9475669e-002 -2.9475669e-002
  2.9341887e-002 -2.9341887e-002
  2.9253458e-002 -2.9253458e-002
  2.9154893e-002 -2.9154893e-002
  2.9023549e-002 -2.9023549e-002
  2.8895604e-002 -2.8895604e-002
  2.8774891e-002 -2.8774891e-002
  2.8655763e-002 -2.8655763e-002
  2.8538980e-002 -2.8538980e-002
  2.8432301e-002 -2.8432301e-002
  2.8336276e-002 -2.8336276e-002
  2.8228775e-002 -2.8228775e-002
  2.8122139e-002 -2.8122139e-002
  2.8021245e-002 -2.8021245e-002
  2.7923389e-002 -2.7923389e-002
  2.7794317e-002 -2.7794317e-002
  2.7654127e-002 -2.7654127e-002
  2.7519334e-002 -2.7519334e-002
  2.7385718e-002 -2.7385718e-002
  2.7236174e-002 -2.7236174e-002
  2.7084948e-002 -2.7084948e-002
  2.6972462e-002 -2.6972462e-002
  2.6861298e-002 -2.6861298e-002
  2.6761181e-002 -2.6761181e-002
  2.6658949e-002 -2.6658949e-002
  2.6545191e-002 -2.6545191e-002
  2.6437095e-002 -2.6437095e-002
  2.6347069e-002 -2.6347069e-002
  2.6244408e-002 -2.6244408e-002
  2.6115163e-002 -2.6115163e-002
  2.5973845e-002 -2.5973845e-002
  2.5814844e-002 -2.5814844e-002
  2.5654513e-002 -2.5654513e-002
  2.5492793e-002 -2.5492793e-002
  2.5350015e-002 -2.5350015e-002
  2.5208739e-002 -2.5208739e-002
  2.5078607e-002 -2.5078607e-002
  2.4954311e-002 -2.4954311e-002
  2.4790994e-002 -2.4790994e-002
  2.4613958e-002 -2.4613958e-002
  2.4456282e-002 -2.4456282e-002
  2.4302759e-002 -2.4302759e-002
  2.4148506e-002 -2.4148506e-002
  2.3994178e-002 -2.3994178e-002
  2.3854528e-002 -2.3854528e-002
  2.3716016e-002 -2.3716016e-002
  2.3589996e-002 -2.3589996e-002
  2.3451950e-002 -2.3451950e-002
  2.3249609e-002 -2.3249609e-002
  2.3062877e-002 -2.3062877e-002
  2.2925284e-002 -2.2925284e-002
  2.2778942e-002 -2.2778942e-002
  2.2640664e-002 -2.2640664e-002
  2.2496215e-002 -2.2496215e-002
  2.2342818e-002 -2.2342818e-002
  2.2187041e-002 -2.2187041e-002
  2.2028806e-002 -2.2028806e-002
  2.1906575e-002 -2.1906575e-002
  2.1810930e-002 -2.1810930e-002
  2.1622378e-002 -2.1622378e-002
  2.1385705e-002 -2.1385705e-002
  2.1233297e-002 -2.1233297e-002
  2.1110138e-002 -2.1110138e-002
  2.0955991e-002 -2.0955991e-002
  2.0795311e-002 -2.0795311e-002
  2.0592059e-002 -2.0592059e-002
  2.0384566e-002 -2.0384566e-002
  2.0201756e-002 -2.0201756e-002
  2.0022073e-002 -2.0022073e-002
  1.9878021e-002 -1.9878021e-002
  1.9726661e-002 -1.9726661e-002
  1.9536939e-002 -1.9536939e-002
  1.9352189e-002 -1.9352189e-002
  1.9182881e-002 -1.9182881e-002
  1.9011039e-002 -1.9011039e-002
  1.8833982e-002 -1.8833982e-002
  1.8656140e-002 -1.8656140e-002
  1.8477173e-002 -1.8477173e-002
  1.8297548e-002 -1.8297548e-002
  1.8117250e-002 -1.8117250e-002
  1.7904077e-002 -1.7904077e-002
  1.7666875e-002 -1.7666875e-002
  1.7463289e-002 -1.7463289e-002
  1.7264299e-002 -1.7264299e-002
  1.6996812e-002 -1.6996812e-002
  1.6705853e-002 -1.6705853e-002
  1.6511118e-002 -1.6511118e-002
  1.6336324e-002 -1.6336324e-002
  1.6200731e-002 -1.6200731e-002
  1.6068926e-002 -1.6068926e-002
  1.5828058e-002 -1.5828058e-002
  1.5580306e-002 -1.5580306e-002
  1.5405392e-002 -1.5405392e-002
  1.5219588e-002 -1.5219588e-002
  1.4977656e-002 -1.4977656e-002
  1.4758142e-002 -1.4758142e-002
  1.4607327e-002 -1.4607327e-002
  1.4430296e-002 -1.4430296e-002
  1.4199933e-002 -1.4199933e-002
  1.3977893e-002 -1.3977893e-002
  1.3749739e-002 -1.3749739e-002
  1.3512039e-002 -1.3512039e-002
  1.3264663e-002 -1.3264663e-002
  1.3032243e-002 -1.3032243e-002
  1.2810645e-002 -1.2810645e-002
  1.2613982e-002 -1.2613982e-002
  1.2429952e-002 -1.2429952e-002
  1.2229987e-002 -1.2229987e-002
  1.2033173e-002 -1.2033173e-002
  1.1810132e-002 -1.1810132e-002
  1.1581748e-002 -1.1581748e-002
  1.1380603e-002 -1.1380603e-002
  1.1182010e-002 -1.1182010e-002
  1.1007388e-002 -1.1007388e-002
  1.0832770e-002 -1.0832770e-002
  1.0670255e-002 -1.0670255e-002
  1.0509639e-002 -1.0509639e-002
  1.0358636e-002 -1.0358636e-002
  1.0191849e-002 -1.0191849e-002
  9.9773281e-003 -9.9773281e-003
  9.7676461e-003 -9.7676461e-003
  9.5676982e-003 -9.5676982e-003
  9.3845640e-003 -9.3845640e-003
  9.1998252e-003 -9.1998252e-003
  9.0014509e-003 -9.0014509e-003
  8.7893929e-003 -8.7893929e-003
  8.5628363e-003 -8.5628363e-003
  8.3258945e-003 -8.3258945e-003
  8.1265019e-003 -8.1265019e-003
  7.9459241e-003 -7.9459241e-003
  7.7187027e-003 -7.7187027e-003
  7.4759110e-003 -7.4759110e-003
  7.2137600e-003 -7.2137600e-003
  6.9477353e-003 -6.9477353e-003
  6.7023059e-003 -6.7023059e-003
  6.4587529e-003 -6.4587529e-003
  6.2369807e-003 -6.2369807e-003
  6.0120204e-003 -6.0120204e-003
  5.7522426e-003 -5.7522426e-003
  5.4919246e-003 -5.4919246e-003
  5.2289200e-003 -5.2289200e-003
  4.9740238e-003 -4.9740238e-003
  4.7433280e-003 -4.7433280e-003
  4.4955358e-003 -4.4955358e-003
  4.2137303e-003 -4.2137303e-003
  3.9536891e-003 -3.9536891e-003
  3.7239461e-003 -3.7239461e-003
  3.4390452e-003 -3.4390452e-003
  3.1118795e-003 -3.1118795e-003
  2.8194272e-003 -2.8194272e-003
  2.5515885e-003 -2.5515885e-003
  2.3196084e-003 -2.3196084e-003
  2.1053972e-003 -2.1053972e-003
  1.9299230e-003 -1.9299230e-003
  1.7672102e-003 -1.7672102e-003
  1.4896463e-003 -1.4896463e-003
  1.1919901e-003 -1.1919901e-003
  9.6471844e-004 -9.6471844e-004
  7.4358646e-004 -7.4358646e-004
  5.0792226e-004 -5.0792226e-004
  2.6310208e-004 -2.6310208e-004
 -7.8590889e-005  7.8590889e-005
 -4.0412508e-004  4.0412508e-004
 -6.6333133e-004  6.6333133e-004
 -9.1736004e-004  9.1736004e-004
 -1.1561365e-003  1.1561365e-003
 -1.4184159e-003  1.4184159e-003
 -1.7269402e-003  1.7269402e-003
 -2.0694148e-003  2.0694148e-003
 -2.4586753e-003  2.4586753e-003
 -2.7976086e-003  2.7976086e-003
 -3.0996482e-003  3.0996482e-003
 -3.3779386e-003  3.3779386e-003
 -3.6395601e-003  3.6395601e-003
 -4.0005971e-003  4.0005971e-003
 -4.4103509e-003  4.4103509e-003
 -4.7995546e-003  4.7995546e-003
 -5.1820778e-003  5.1820778e-003
 -5.4699698e-003  5.4699698e-003
 -5.7395954e-003  5.7395954e-003
 -6.0779637e-003  6.0779637e-003
 -6.4222829e-003  6.4222829e-003
 -6.7881782e-003  6.7881782e-003
 -7.1458532e-003  7.1458532e-003
 -7.4191980e-003  7.4191980e-003
 -7.7064465e-003  7.7064465e-003
 -8.0604580e-003  8.0604580e-003
 -8.4080460e-003  8.4080460e-003
 -8.7002448e-003  8.7002448e-003
 -8.9934381e-003  8.9934381e-003
 -9.2885668e-003  9.2885668e-003
 -9.6083290e-003  9.6083290e-003
 -9.9616960e-003  9.9616960e-003
 -1.0384861e-002  1.0384861e-002
 -1.0876028e-002  1.0876028e-002
 -1.1317135e-002  1.1317135e-002
 -1.1705921e-002  1.1705921e-002
 -1.2073969e-002  1.2073969e-002
 -1.2431967e-002  1.2431967e-002
 -1.2822783e-002  1.2822783e-002
 -1.3224126e-002  1.3224126e-002
 -1.3521444e-002  1.3521444e-002
 -1.3799045e-002  1.3799045e-002
 -1.4188319e-002  1.4188319e-002
 -1.4586295e-002  1.4586295e-002
 -1.4925977e-002  1.4925977e-002
 -1.5269668e-002  1.5269668e-002
 -1.5653273e-002  1.5653273e-002
 -1.6035491e-002  1.6035491e-002
 -1.6411162e-002  1.6411162e-002
 -1.6732565e-002  1.6732565e-002
 -1.6910821e-002  1.6910821e-002
 -1.7099723e-002  1.7099723e-002
 -1.7309120e-002  1.7309120e-002
 -1.7564804e-002  1.7564804e-002
 -1.7882999e-002  1.7882999e-002
 -1.8202367e-002  1.8202367e-002
 -1.8522867e-002  1.8522867e-002
 -1.8862068e-002  1.8862068e-002
 -1.9239380e-002  1.9239380e-002
 -1.9575212e-002  1.9575212e-002
 -1.9891169e-002  1.9891169e-002
 -2.0166467e-002  2.0166467e-002
 -2.0428897e-002  2.0428897e-002
 -2.0768006e-002  2.0768006e-002
 -2.1121381e-002  2.1121381e-002
 -2.1341350e-002  2.1341350e-002
 -2.1565174e-002  2.1565174e-002
 -2.1961901e-002  2.1961901e-002
 -2.2349221e-002  2.2349221e-002
 -2.2645617e-002  2.2645617e-002
 -2.2962649e-002  2.2962649e-002
 -2.3375440e-002  2.3375440e-002
 -2.3753585e-002  2.3753585e-002
 -2.4033553e-002  2.4033553e-002
 -2.4357434e-002  2.4357434e-002
 -2.4740882e-002  2.4740882e-002
 -2.5099701e-002  2.5099701e-002
 -2.5425595e-002  2.5425595e-002
 -2.5719477e-002  2.5719477e-002
 -2.5982783e-002  2.5982783e-002
 -2.6299077e-002  2.6299077e-002
 -2.6651440e-002  2.6651440e-002
 -2.7157896e-002  2.7157896e-002
 -2.7731376e-002  2.7731376e-002
 -2.8263179e-002  2.8263179e-002
 -2.8781969e-002  2.8781969e-002
 -2.9191187e-002  2.9191187e-002
 -2.9580398e-002  2.9580398e-002
 -3.0002896e-002  3.0002896e-002
 -3.0428458e-002  3.0428458e-002
 -3.0907539e-002  3.0907539e-002
 -3.1369165e-002  3.1369165e-002
 -3.1666845e-002  3.1666845e-002
 -3.1989142e-002  3.1989142e-002
 -3.2423767e-002  3.2423767e-002
 -3.2819302e-002  3.2819302e-002
 -3.3105462e-002  3.3105462e-002
 -3.3387798e-002  3.3387798e-002
 -3.3675556e-002  3.3675556e-002
 -3.3972011e-002  3.3972011e-002
 -3.4279979e-002  3.4279979e-002
 -3.4601945e-002  3.4601945e-002
 -3.4937154e-002  3.4937154e-002
 -3.5264717e-002  3.5264717e-002
 -3.5587129e-002  3.5587129e-002
 -3.5863802e-002  3.5863802e-002
 -3.6131675e-002  3.6131675e-002
 -3.6497605e-002  3.6497605e-002
 -3.6893735e-002  3.6893735e-002
 -3.7304435e-002  3.7304435e-002
 -3.7717744e-002  3.7717744e-002
 -3.8165829e-002  3.8165829e-002
 -3.8616025e-002  3.8616025e-002
 -3.8893775e-002  3.8893775e-002
 -3.9171525e-002  3.9171525e-002
 -3.9449275e-002  3.9449275e-002
 -3.9727025e-002  3.9727025e-002
 -4.0004775e-002  4.0004775e-002
 -4.0282525e-002  4.0282525e-002
 -4.0560275e-002  4.0560275e-002
 -4.0838025e-002  4.0838025e-002
 -4.1115775e-002  4.1115775e-002
 -4.1406150e-002  4.1406150e-002
 -4.1696525e-002  4.1696525e-002
 -4.1986900e-002  4.1986900e-002
 -4.2277275e-002  4.2277275e-002
 -4.2567650e-002  4.2567650e-002
 -4.2858025e-002  4.2858025e-002
 -4.3148400e-002  4.3148400e-002
 -4.3438775e-002  4.3438775e-002
 -4.3716525e-002  4.3716525e-002
 -4.3994275e-002  4.3994275e-002
 -4.4272025e-002  4.4272025e-002
 -4.4549775e-002  4.4549775e-002
 -4.4827525e-002  4.4827525e-002
 -4.5105275e-002  4.5105275e-002
 -4.5383025e-002  4.5383025e-002
 -4.5660775e-002  4.5660775e-002
 -4.5938525e-002  4.5938525e-002
 -4.6216275e-002  4.6216275e-002
 -4.6494025e-002  4.6494025e-002
 -4.6771775e-002  4.6771775e-002
 -4.7049525e-002  4.7049525e-002
 -4.7327275e-002  4.7327275e-002
 -4.7605025e-002  4.7605025e-002
 -4.7727593e-002  4.7727593e-002
 -4.7850160e-002  4.7850160e-002
 -4.7972728e-002  4.7972728e-002
 -4.8095296e-002  4.8095296e-002
 -4.8217864e-002  4.8217864e-002
 -4.8340431e-002  4.8340431e-002
 -4.8462999e-002  4.8462999e-002
 -4.8585567e-002  4.8585567e-002
 -4.8708134e-002  4.8708134e-002
 -4.8830702e-002  4.8830702e-002
 -4.8953270e-002  4.8953270e-002
 -4.9075838e-002  4.9075838e-002
 -4.9198405e-002  4.9198405e-002
 -4.9320973e-002  4.9320973e-002
 -4.9443541e-002  4.9443541e-002
 -4.9566108e-002  4.9566108e-002
 -4.9688676e-002  4.9688676e-002
 -4.9811244e-002  4.9811244e-002
 -4.9933811e-002  4.9933811e-002
 -5.0056379e-002  5.0056379e-002
 -5.0178947e-002  5.0178947e-002
 -5.0301515e-002  5.0301515e-002
 -5.0424082e-002  5.0424082e-002
 -5.0546650e-002  5.0546650e-002
 -5.0669218e-002  5.0669218e-002
 -5.0791785e-002  5.0791785e-002
 -5.0914353e-002  5.0914353e-002
 -5.1036921e-002  5.1036921e-002
 -5.1159489e-002  5.1159489e-002
 -5.1282056e-002  5.1282056e-002
 -5.1404624e-002  5.1404624e-002
 -5.1527192e-002  5.1527192e-002
 -5.1649759e-002  5.1649759e-002
 -5.1772327e-002  5.1772327e-002
 -5.1894895e-002  5.1894895e-002
 -5.2017463e-002  5.2017463e-002
 -5.2140030e-002  5.2140030e-002
 -5.2262598e-002  5.2262598e-002
 -5.2385166e-002  5.2385166e-002
 -5.2507733e-002  5.2507733e-002
 -5.2630301e-002  5.2630301e-002
 -5.2752869e-002  5.2752869e-002
 -5.2875436e-002  5.2875436e-002
 -5.2998004e-002  5.2998004e-002
 -5.3120572e-002  5.3120572e-002
 -5.3243140e-002  5.3243140e-002
 -5.3365707e-002  5.3365707e-002
 -5.3488275e-002  5.3488275e-002
 -5.3610843e-002  5.3610843e-002
 -5.3733410e-002  5.3733410e-002
 -5.3855978e-002  5.3855978e-002
 -5.3978546e-002  5.3978546e-002
 -5.4101114e-002  5.4101114e-002
 -5.4223681e-002  5.4223681e-002
 -5.4346249e-002  5.4346249e-002
 -5.4468817e-002  5.4468817e-002
 -5.4591384e-002  5.4591384e-002
 -5.4713952e-002  5.4713952e-002
 -5.4836520e-002  5.4836520e-002
 -5.4959088e-002  5.4959088e-002
 -5.5081655e-002  5.5081655e-002
 -5.5204223e-002  5.5204223e-002
 -5.5326791e-002  5.5326791e-002
 -5.5449358e-002  5.5449358e-002
 -5.5571926e-002  5.5571926e-002
 -5.5694494e-002  5.5694494e-002
 -5.5817061e-002  5.5817061e-002
 -5.5939629e-002  5.5939629e-002
 -5.6062197e-002  5.6062197e-002
 -5.6184765e-002  5.6184765e-002
 -5.6307332e-002  5.6307332e-002
 -5.6429900e-002  5.6429900e-002
 -5.6552468e-002  5.6552468e-002
