  0.0000000e+000 -0.0000000e+000
  0.0000000e+000 -0.0000000e+000
  0.0000000e+000 -0.0000000e+000
  0.0000000e+000 -0.0000000e+000
  0.0000000e+000 -0.0000000e+000
  0.0000000e+000 -0.0000000e+000
  0.0000000e+000 -0.0000000e+000
  0.0000000e+000 -0.0000000e+000
  0.0000000e+000 -0.0000000e+000
  0.0000000e+000 -0.0000000e+000
  0.0000000e+000 -0.0000000e+000
  0.0000000e+000 -0.0000000e+000
  0.0000000e+000 -0.0000000e+000
  0.0000000e+000 -0.0000000e+000
  0.0000000e+000 -0.0000000e+000
  0.0000000e+000 -0.0000000e+000
  0.0000000e+000 -0.0000000e+000
  0.0000000e+000 -0.0000000e+000
  0.0000000e+000 -0.0000000e+000
  0.0000000e+000 -0.0000000e+000
  0.0000000e+000 -0.0000000e+000
  0.0000000e+000 -0.0000000e+000
  0.0000000e+000 -0.0000000e+000
  0.0000000e+000 -0.0000000e+000
  0.0000000e+000 -0.0000000e+000
  0.0000000e+000 -0.0000000e+000
  0.0000000e+000 -0.0000000e+000
  0.0000000e+000 -0.0000000e+000
  0.0000000e+000 -0.0000000e+000
  0.0000000e+000 -0.0000000e+000
  0.0000000e+000 -0.0000000e+000
  0.0000000e+000 -0.0000000e+000
  0.0000000e+000 -0.0000000e+000
  0.0000000e+000 -0.0000000e+000
  0.0000000e+000 -0.0000000e+000
  0.0000000e+000 -0.0000000e+000
  0.0000000e+000 -0.0000000e+000
  0.0000000e+000 -0.0000000e+000
  0.0000000e+000 -0.0000000e+000
  0.0000000e+000 -0.0000000e+000
  0.0000000e+000 -0.0000000e+000
  0.0000000e+000 -0.0000000e+000
  0.0000000e+000 -0.0000000e+000
  0.0000000e+000 -0.0000000e+000
  0.0000000e+000 -0.0000000e+000
  0.0000000e+000 -0.0000000e+000
  0.0000000e+000 -0.0000000e+000
  0.0000000e+000 -0.0000000e+000
  0.0000000e+000 -0.0000000e+000
  0.0000000e+000 -0.0000000e+000
  0.0000000e+000 -0.0000000e+000
  0.0000000e+000 -0.0000000e+000
  0.0000000e+000 -0.0000000e+000
  0.0000000e+000 -0.0000000e+000
  0.0000000e+000 -0.0000000e+000
  0.0000000e+000 -0.0000000e+000
  0.0000000e+000 -0.0000000e+000
  0.0000000e+000 -0.0000000e+000
  0.0000000e+000 -0.0000000e+000
  0.0000000e+000 -0.0000000e+000
  0.0000000e+000 -0.0000000e+000
  0.0000000e+000 -0.0000000e+000
  0.0000000e+000 -0.0000000e+000
  0.0000000e+000 -0.0000000e+000
  0.0000000e+000 -0.0000000e+000
  0.0000000e+000 -0.0000000e+000
  0.0000000e+000 -0.0000000e+000
  0.0000000e+000 -0.0000000e+000
  0.0000000e+000 -0.0000000e+000
  0.0000000e+000 -0.0000000e+000
  0.0000000e+000 -0.0000000e+000
  0.0000000e+000 -0.0000000e+000
  0.0000000e+000 -0.0000000e+000
  0.0000000e+000 -0.0000000e+000
  0.0000000e+000 -0.0000000e+000
  0.0000000e+000 -0.0000000e+000
  0.0000000e+000 -0.0000000e+000
  0.0000000e+000 -0.0000000e+000
  0.0000000e+000 -0.0000000e+000
  0.0000000e+000 -0.0000000e+000
  0.0000000e+000 -0.0000000e+000
  0.0000000e+000 -0.0000000e+000
  0.0000000e+000 -0.0000000e+000
  0.0000000e+000 -0.0000000e+000
  0.0000000e+000 -0.0000000e+000
  0.0000000e+000 -0.0000000e+000
  0.0000000e+000 -0.0000000e+000
  0.0000000e+000 -0.0000000e+000
  0.0000000e+000 -0.0000000e+000
 -6.4355004e-005  6.4355004e-005
 -1.4071438e-004  1.4071438e-004
 -1.2565827e-004  1.2565827e-004
 -1.0419187e-004  1.0419187e-004
 -1.6899509e-004  1.6899509e-004
 -2.2758711e-004  2.2758711e-004
 -2.2589494e-004  2.2589494e-004
 -2.4726041e-004  2.4726041e-004
 -3.7587652e-004  3.7587652e-004
 -4.7354158e-004  4.7354158e-004
 -4.8333720e-004  4.8333720e-004
 -4.6208877e-004  4.6208877e-004
 -3.8164655e-004  3.8164655e-004
 -3.4953011e-004  3.4953011e-004
 -3.8211382e-004  3.8211382e-004
 -4.2541308e-004  4.2541308e-004
 -4.7896236e-004  4.7896236e-004
 -4.5103757e-004  4.5103757e-004
 -3.6757309e-004  3.6757309e-004
 -3.8546179e-004  3.8546179e-004
 -4.5144599e-004  4.5144599e-004
 -5.0200496e-004  5.0200496e-004
 -5.4773863e-004  5.4773863e-004
 -6.6383890e-004  6.6383890e-004
 -7.9282121e-004  7.9282121e-004
 -7.2230392e-004  7.2230392e-004
 -6.3882097e-004  6.3882097e-004
 -7.4173917e-004  7.4173917e-004
 -8.2921854e-004  8.2921854e-004
 -7.7110623e-004  7.7110623e-004
 -7.4182069e-004  7.4182069e-004
 -8.4438003e-004  8.4438003e-004
 -9.3406970e-004  9.3406970e-004
 -9.8768621e-004  9.8768621e-004
 -1.0349696e-003  1.0349696e-003
 -1.0703084e-003  1.0703084e-003
 -1.0774606e-003  1.0774606e-003
 -1.0472538e-003  1.0472538e-003
 -1.0326173e-003  1.0326173e-003
 -1.0327285e-003  1.0327285e-003
 -9.9376323e-004  9.9376323e-004
 -9.2843169e-004  9.2843169e-004
 -9.1106132e-004  9.1106132e-004
 -9.1619379e-004  9.1619379e-004
 -9.9436286e-004  9.9436286e-004
 -1.0950696e-003  1.0950696e-003
 -1.1262686e-003  1.1262686e-003
 -1.1449822e-003  1.1449822e-003
 -1.2018916e-003  1.2018916e-003
 -1.2616846e-003  1.2616846e-003
 -1.3257553e-003  1.3257553e-003
 -1.3836919e-003  1.3836919e-003
 -1.3853866e-003  1.3853866e-003
 -1.4220226e-003  1.4220226e-003
 -1.6158279e-003  1.6158279e-003
 -1.7332627e-003  1.7332627e-003
 -1.6393339e-003  1.6393339e-003
 -1.6277699e-003  1.6277699e-003
 -1.7698710e-003  1.7698710e-003
 -1.8829258e-003  1.8829258e-003
 -1.9578677e-003  1.9578677e-003
 -2.1060821e-003  2.1060821e-003
 -2.3230149e-003  2.3230149e-003
 -2.4395076e-003  2.4395076e-003
 -2.4889221e-003  2.4889221e-003
 -2.5784047e-003  2.5784047e-003
 -2.6864743e-003  2.6864743e-003
 -2.7066821e-003  2.7066821e-003
 -2.7001475e-003  2.7001475e-003
 -2.7712336e-003  2.7712336e-003
 -2.8559967e-003  2.8559967e-003
 -2.8704901e-003  2.8704901e-003
 -2.8802745e-003  2.8802745e-003
 -2.9058804e-003  2.9058804e-003
 -2.9331227e-003  2.9331227e-003
 -2.9749616e-003  2.9749616e-003
 -3.0204753e-003  3.0204753e-003
 -3.0822479e-003  3.0822479e-003
 -3.0910973e-003  3.0910973e-003
 -2.9553124e-003  2.9553124e-003
 -2.8676794e-003  2.8676794e-003
 -2.8689131e-003  2.8689131e-003
 -2.8761819e-003  2.8761819e-003
 -2.8912907e-003  2.8912907e-003
 -2.9191478e-003  2.9191478e-003
 -2.9588434e-003  2.9588434e-003
 -3.0059100e-003  3.0059100e-003
 -3.0578489e-003  3.0578489e-003
 -3.0895773e-003  3.0895773e-003
 -3.1120368e-003  3.1120368e-003
 -3.0517106e-003  3.0517106e-003
 -2.9665333e-003  2.9665333e-003
 -2.9225716e-003  2.9225716e-003
 -2.8857319e-003  2.8857319e-003
 -2.7533390e-003  2.7533390e-003
 -2.6172743e-003  2.6172743e-003
 -2.6222611e-003  2.6222611e-003
 -2.6208310e-003  2.6208310e-003
 -2.5636852e-003  2.5636852e-003
 -2.4889032e-003  2.4889032e-003
 -2.3373532e-003  2.3373532e-003
 -2.2071636e-003  2.2071636e-003
 -2.1346226e-003  2.1346226e-003
 -2.0452928e-003  2.0452928e-003
 -1.9253118e-003  1.9253118e-003
 -1.8520814e-003  1.8520814e-003
 -1.8389753e-003  1.8389753e-003
 -1.7671164e-003  1.7671164e-003
 -1.6412349e-003  1.6412349e-003
 -1.6424154e-003  1.6424154e-003
 -1.7267237e-003  1.7267237e-003
 -1.7817325e-003  1.7817325e-003
 -1.8234573e-003  1.8234573e-003
 -1.8614905e-003  1.8614905e-003
 -1.8984310e-003  1.8984310e-003
 -1.8074667e-003  1.8074667e-003
 -1.6948333e-003  1.6948333e-003
 -1.5384748e-003  1.5384748e-003
 -1.3809458e-003  1.3809458e-003
 -1.2976848e-003  1.2976848e-003
 -1.2142354e-003  1.2142354e-003
 -1.1291940e-003  1.1291940e-003
 -1.0479201e-003  1.0479201e-003
 -9.8278299e-004  9.8278299e-004
 -9.0037025e-004  9.0037025e-004
 -7.7191127e-004  7.7191127e-004
 -6.1428301e-004  6.1428301e-004
 -4.0397084e-004  4.0397084e-004
 -2.6825125e-004  2.6825125e-004
 -2.2750626e-004  2.2750626e-004
 -1.1829867e-004  1.1829867e-004
  5.3240190e-005 -5.3240190e-005
  2.1644098e-004 -2.1644098e-004
  3.7424280e-004 -3.7424280e-004
  5.3100775e-004 -5.3100775e-004
  6.8730797e-004 -6.8730797e-004
  7.6711089e-004 -7.6711089e-004
  8.2458450e-004 -8.2458450e-004
  9.3271483e-004 -9.3271483e-004
  1.0492568e-003 -1.0492568e-003
  1.4464673e-003 -1.4464673e-003
  1.8529727e-003 -1.8529727e-003
  1.9329367e-003 -1.9329367e-003
  2.0377328e-003 -2.0377328e-003
  2.3242818e-003 -2.3242818e-003
  2.5858453e-003 -2.5858453e-003
  2.7420923e-003 -2.7420923e-003
  2.9205829e-003 -2.9205829e-003
  3.1576308e-003 -3.1576308e-003
  3.3565832e-003 -3.3565832e-003
  3.4874646e-003 -3.4874646e-003
  3.6358782e-003 -3.6358782e-003
  3.7900517e-003 -3.7900517e-003
  3.8582336e-003 -3.8582336e-003
  3.8488958e-003 -3.8488958e-003
  3.8942444e-003 -3.8942444e-003
  3.9746382e-003 -3.9746382e-003
  4.1242401e-003 -4.1242401e-003
  4.3045035e-003 -4.3045035e-003
  4.4714401e-003 -4.4714401e-003
  4.6270133e-003 -4.6270133e-003
  4.7619829e-003 -4.7619829e-003
  4.8936000e-003 -4.8936000e-003
  5.1007126e-003 -5.1007126e-003
  5.3130973e-003 -5.3130973e-003
  5.5527155e-003 -5.5527155e-003
  5.7938608e-003 -5.7938608e-003
  6.0847772e-003 -6.0847772e-003
  6.3477462e-003 -6.3477462e-003
  6.4947647e-003 -6.4947647e-003
  6.6907728e-003 -6.6907728e-003
  7.0141674e-003 -7.0141674e-003
  7.2791188e-003 -7.2791188e-003
  7.4407532e-003 -7.4407532e-003
  7.6960607e-003 -7.6960607e-003
  8.1099416e-003 -8.1099416e-003
  8.4004901e-003 -8.4004901e-003
  8.5809522e-003 -8.5809522e-003
  8.7657722e-003 -8.7657722e-003
  8.9533562e-003 -8.9533562e-003
  9.1569807e-003 -9.1569807e-003
  9.3676295e-003 -9.3676295e-003
  9.5451442e-003 -9.5451442e-003
  9.7458973e-003 -9.7458973e-003
  9.8730878e-003 -9.8730878e-003
  9.9885538e-003 -9.9885538e-003
  1.0105834e-002 -1.0105834e-002
  1.0225924e-002 -1.0225924e-002
  1.0434700e-002 -1.0434700e-002
  1.0640733e-002 -1.0640733e-002
  1.0825263e-002 -1.0825263e-002
  1.1009979e-002 -1.1009979e-002
  1.1114149e-002 -1.1114149e-002
  1.1245211e-002 -1.1245211e-002
  1.1445347e-002 -1.1445347e-002
  1.1611507e-002 -1.1611507e-002
  1.1718239e-002 -1.1718239e-002
  1.1930899e-002 -1.1930899e-002
  1.2274444e-002 -1.2274444e-002
  1.2508699e-002 -1.2508699e-002
  1.2634496e-002 -1.2634496e-002
  1.2837062e-002 -1.2837062e-002
  1.3087812e-002 -1.3087812e-002
  1.3322093e-002 -1.3322093e-002
  1.3549246e-002 -1.3549246e-002
  1.3797220e-002 -1.3797220e-002
  1.4051017e-002 -1.4051017e-002
  1.4075257e-002 -1.4075257e-002
  1.4062224e-002 -1.4062224e-002
  1.4149628e-002 -1.4149628e-002
  1.4246636e-002 -1.4246636e-002
  1.4469034e-002 -1.4469034e-002
  1.4677189e-002 -1.4677189e-002
  1.4776384e-002 -1.4776384e-002
  1.4877508e-002 -1.4877508e-002
  1.4988929e-002 -1.4988929e-002
  1.5074115e-002 -1.5074115e-002
  1.5092731e-002 -1.5092731e-002
  1.5133748e-002 -1.5133748e-002
  1.5213531e-002 -1.5213531e-002
  1.5346242e-002 -1.5346242e-002
  1.5543702e-002 -1.5543702e-002
  1.5727607e-002 -1.5727607e-002
  1.5893401e-002 -1.5893401e-002
  1.6059831e-002 -1.6059831e-002
  1.6226656e-002 -1.6226656e-002
  1.6429881e-002 -1.6429881e-002
  1.6648678e-002 -1.6648678e-002
  1.6871524e-002 -1.6871524e-002
  1.7095483e-002 -1.7095483e-002
  1.7199600e-002 -1.7199600e-002
  1.7280544e-002 -1.7280544e-002
  1.7313157e-002 -1.7313157e-002
  1.7348826e-002 -1.7348826e-002
  1.7539597e-002 -1.7539597e-002
  1.7732851e-002 -1.7732851e-002
  1.7944659e-002 -1.7944659e-002
  1.8137914e-002 -1.8137914e-002
  1.8257708e-002 -1.8257708e-002
  1.8398753e-002 -1.8398753e-002
  1.8600615e-002 -1.8600615e-002
  1.8781806e-002 -1.8781806e-002
  1.8927604e-002 -1.8927604e-002
  1.9053044e-002 -1.9053044e-002
  1.9153823e-002 -1.9153823e-002
  1.9206788e-002 -1.9206788e-002
  1.9218324e-002 -1.9218324e-002
  1.9316788e-002 -1.9316788e-002
  1.9472812e-002 -1.9472812e-002
  1.9623738e-002 -1.9623738e-002
  1.9772509e-002 -1.9772509e-002
  1.9824559e-002 -1.9824559e-002
  1.9850335e-002 -1.9850335e-002
  2.0012495e-002 -2.0012495e-002
  2.0195046e-002 -2.0195046e-002
  2.0402686e-002 -2.0402686e-002
  2.0606355e-002 -2.0606355e-002
  2.0665409e-002 -2.0665409e-002
  2.0727496e-002 -2.0727496e-002
  2.0811707e-002 -2.0811707e-002
  2.0919844e-002 -2.0919844e-002
  2.1121291e-002 -2.1121291e-002
  2.1314484e-002 -2.1314484e-002
  2.1480750e-002 -2.1480750e-002
  2.1661104e-002 -2.1661104e-002
  2.1865329e-002 -2.1865329e-002
  2.2026339e-002 -2.2026339e-002
  2.2135523e-002 -2.2135523e-002
  2.2279948e-002 -2.2279948e-002
  2.2454609e-002 -2.2454609e-002
  2.2658178e-002 -2.2658178e-002
  2.2872619e-002 -2.2872619e-002
  2.2980316e-002 -2.2980316e-002
  2.3043418e-002 -2.3043418e-002
  2.3184013e-002 -2.3184013e-002
  2.3345350e-002 -2.3345350e-002
  2.3524943e-002 -2.3524943e-002
  2.3707205e-002 -2.3707205e-002
  2.3833132e-002 -2.3833132e-002
  2.3953188e-002 -2.3953188e-002
  2.4162551e-002 -2.4162551e-002
  2.4354616e-002 -2.4354616e-002
  2.4423368e-002 -2.4423368e-002
  2.4513268e-002 -2.4513268e-002
  2.4684407e-002 -2.4684407e-002
  2.4837195e-002 -2.4837195e-002
  2.4945076e-002 -2.4945076e-002
  2.5031819e-002 -2.5031819e-002
  2.5095543e-002 -2.5095543e-002
  2.5183379e-002 -2.5183379e-002
  2.5299845e-002 -2.5299845e-002
  2.5439258e-002 -2.5439258e-002
  2.5598160e-002 -2.5598160e-002
  2.5683768e-002 -2.5683768e-002
  2.5725257e-002 -2.5725257e-002
  2.5855443e-002 -2.5855443e-002
  2.6024540e-002 -2.6024540e-002
  2.6270480e-002 -2.6270480e-002
  2.6536683e-002 -2.6536683e-002
  2.6725221e-002 -2.6725221e-002
  2.6902650e-002 -2.6902650e-002
  2.7071157e-002 -2.7071157e-002
  2.7240082e-002 -2.7240082e-002
  2.7419287e-002 -2.7419287e-002
  2.7610019e-002 -2.7610019e-002
  2.7881081e-002 -2.7881081e-002
  2.8130757e-002 -2.8130757e-002
  2.8299499e-002 -2.8299499e-002
  2.8446768e-002 -2.8446768e-002
  2.8542113e-002 -2.8542113e-002
  2.8659500e-002 -2.8659500e-002
  2.8806974e-002 -2.8806974e-002
  2.8913269e-002 -2.8913269e-002
  2.8971152e-002 -2.8971152e-002
  2.9089966e-002 -2.9089966e-002
  2.9260026e-002 -2.9260026e-002
  2.9428630e-002 -2.9428630e-002
  2.9596367e-002 -2.9596367e-002
  2.9797824e-002 -2.9797824e-002
  3.0006786e-002 -3.0006786e-002
  3.0143302e-002 -3.0143302e-002
  3.0260998e-002 -3.0260998e-002
  3.0420605e-002 -3.0420605e-002
  3.0586070e-002 -3.0586070e-002
  3.0764861e-002 -3.0764861e-002
  3.0946134e-002 -3.0946134e-002
  3.1169160e-002 -3.1169160e-002
  3.1367272e-002 -3.1367272e-002
  3.1455521e-002 -3.1455521e-002
  3.1561434e-002 -3.1561434e-002
  3.1733196e-002 -3.1733196e-002
  3.1888807e-002 -3.1888807e-002
  3.2005826e-002 -3.2005826e-002
  3.2133400e-002 -3.2133400e-002
  3.2278302e-002 -3.2278302e-002
  3.2378059e-002 -3.2378059e-002
  3.2432542e-002 -3.2432542e-002
  3.2569141e-002 -3.2569141e-002
  3.2774117e-002 -3.2774117e-002
  3.2987210e-002 -3.2987210e-002
  3.3205088e-002 -3.3205088e-002
  3.3370631e-002 -3.3370631e-002
  3.3515078e-002 -3.3515078e-002
  3.3656987e-002 -3.3656987e-002
  3.3799904e-002 -3.3799904e-002
  3.3995630e-002 -3.3995630e-002
  3.4198569e-002 -3.4198569e-002
  3.4305903e-002 -3.4305903e-002
  3.4410763e-002 -3.4410763e-002
  3.4539294e-002 -3.4539294e-002
  3.4669095e-002 -3.4669095e-002
  3.4799034e-002 -3.4799034e-002
  3.4930285e-002 -3.4930285e-002
  3.5066356e-002 -3.5066356e-002
  3.5233638e-002 -3.5233638e-002
  3.5474618e-002 -3.5474618e-002
  3.5671180e-002 -3.5671180e-002
  3.5795583e-002 -3.5795583e-002
  3.5967994e-002 -3.5967994e-002
  3.6190179e-002 -3.6190179e-002
  3.6337459e-002 -3.6337459e-002
  3.6422983e-002 -3.6422983e-002
  3.6598591e-002 -3.6598591e-002
  3.6826731e-002 -3.6826731e-002
  3.6961456e-002 -3.6961456e-002
  3.7058980e-002 -3.7058980e-002
  3.7206142e-002 -3.7206142e-002
  3.7356552e-002 -3.7356552e-002
  3.7536015e-002 -3.7536015e-002
  3.7719355e-002 -3.7719355e-002
  3.7766966e-002 -3.7766966e-002
  3.7814107e-002 -3.7814107e-002
  3.7944787e-002 -3.7944787e-002
  3.8068521e-002 -3.8068521e-002
  3.8146932e-002 -3.8146932e-002
  3.8210358e-002 -3.8210358e-002
  3.8242997e-002 -3.8242997e-002
  3.8282707e-002 -3.8282707e-002
  3.8338913e-002 -3.8338913e-002
  3.8396240e-002 -3.8396240e-002
  3.8455369e-002 -3.8455369e-002
  3.8540454e-002 -3.8540454e-002
  3.8655156e-002 -3.8655156e-002
  3.8804772e-002 -3.8804772e-002
  3.8988554e-002 -3.8988554e-002
  3.9144419e-002 -3.9144419e-002
  3.9284176e-002 -3.9284176e-002
  3.9423629e-002 -3.9423629e-002
  3.9562961e-002 -3.9562961e-002
  3.9685573e-002 -3.9685573e-002
  3.9804035e-002 -3.9804035e-002
  3.9915825e-002 -3.9915825e-002
  4.0027680e-002 -4.0027680e-002
  4.0174336e-002 -4.0174336e-002
  4.0318661e-002 -4.0318661e-002
  4.0399439e-002 -4.0399439e-002
  4.0489309e-002 -4.0489309e-002
  4.0637264e-002 -4.0637264e-002
  4.0777903e-002 -4.0777903e-002
  4.0883405e-002 -4.0883405e-002
  4.0993186e-002 -4.0993186e-002
  4.1112837e-002 -4.1112837e-002
  4.1240987e-002 -4.1240987e-002
  4.1382657e-002 -4.1382657e-002
  4.1504991e-002 -4.1504991e-002
  4.1605475e-002 -4.1605475e-002
  4.1662420e-002 -4.1662420e-002
  4.1678623e-002 -4.1678623e-002
  4.1712920e-002 -4.1712920e-002
  4.1757545e-002 -4.1757545e-002
  4.1863251e-002 -4.1863251e-002
  4.1992695e-002 -4.1992695e-002
  4.2075423e-002 -4.2075423e-002
  4.2146737e-002 -4.2146737e-002
  4.2238074e-002 -4.2238074e-002
  4.2323392e-002 -4.2323392e-002
  4.2441838e-002 -4.2441838e-002
  4.2558586e-002 -4.2558586e-002
  4.2628347e-002 -4.2628347e-002
  4.2706606e-002 -4.2706606e-002
  4.2838018e-002 -4.2838018e-002
  4.2942001e-002 -4.2942001e-002
  4.2949493e-002 -4.2949493e-002
  4.2980982e-002 -4.2980982e-002
  4.3086180e-002 -4.3086180e-002
  4.3197959e-002 -4.3197959e-002
  4.3320098e-002 -4.3320098e-002
  4.3460397e-002 -4.3460397e-002
  4.3621010e-002 -4.3621010e-002
  4.3742983e-002 -4.3742983e-002
  4.3834037e-002 -4.3834037e-002
  4.3903912e-002 -4.3903912e-002
  4.3966269e-002 -4.3966269e-002
  4.4005036e-002 -4.4005036e-002
  4.4034746e-002 -4.4034746e-002
  4.4103648e-002 -4.4103648e-002
  4.4181974e-002 -4.4181974e-002
  4.4298902e-002 -4.4298902e-002
  4.4420617e-002 -4.4420617e-002
  4.4546194e-002 -4.4546194e-002
  4.4672389e-002 -4.4672389e-002
  4.4804140e-002 -4.4804140e-002
  4.4927551e-002 -4.4927551e-002
  4.4999846e-002 -4.4999846e-002
  4.5068694e-002 -4.5068694e-002
  4.5125581e-002 -4.5125581e-002
  4.5198513e-002 -4.5198513e-002
  4.5298339e-002 -4.5298339e-002
  4.5368686e-002 -4.5368686e-002
  4.5393100e-002 -4.5393100e-002
  4.5455073e-002 -4.5455073e-002
  4.5558654e-002 -4.5558654e-002
  4.5668426e-002 -4.5668426e-002
  4.5783101e-002 -4.5783101e-002
  4.5884741e-002 -4.5884741e-002
  4.5972384e-002 -4.5972384e-002
  4.6029417e-002 -4.6029417e-002
  4.6074845e-002 -4.6074845e-002
  4.6145485e-002 -4.6145485e-002
  4.6222092e-002 -4.6222092e-002
  4.6304769e-002 -4.6304769e-002
  4.6388181e-002 -4.6388181e-002
  4.6424461e-002 -4.6424461e-002
  4.6453968e-002 -4.6453968e-002
  4.6515903e-002 -4.6515903e-002
  4.6579481e-002 -4.6579481e-002
  4.6652938e-002 -4.6652938e-002
  4.6718062e-002 -4.6718062e-002
  4.6754696e-002 -4.6754696e-002
  4.6799359e-002 -4.6799359e-002
  4.6861907e-002 -4.6861907e-002
  4.6930966e-002 -4.6930966e-002
  4.7024698e-002 -4.7024698e-002
  4.7065155e-002 -4.7065155e-002
  4.7047177e-002 -4.7047177e-002
  4.7018261e-002 -4.7018261e-002
  4.6980767e-002 -4.6980767e-002
  4.7036956e-002 -4.7036956e-002
  4.7144936e-002 -4.7144936e-002
  4.7249537e-002 -4.7249537e-002
  4.7356254e-002 -4.7356254e-002
  4.7395457e-002 -4.7395457e-002
  4.7418933e-002 -4.7418933e-002
  4.7485809e-002 -4.7485809e-002
  4.7557798e-002 -4.7557798e-002
  4.7544131e-002 -4.7544131e-002
  4.7531480e-002 -4.7531480e-002
  4.7556231e-002 -4.7556231e-002
  4.7589686e-002 -4.7589686e-002
  4.7674375e-002 -4.7674375e-002
  4.7759817e-002 -4.7759817e-002
  4.7847799e-002 -4.7847799e-002
  4.7921051e-002 -4.7921051e-002
  4.7961865e-002 -4.7961865e-002
  4.8045376e-002 -4.8045376e-002
  4.8185028e-002 -4.8185028e-002
  4.8281405e-002 -4.8281405e-002
  4.8330785e-002 -4.8330785e-002
  4.8370115e-002 -4.8370115e-002
  4.8401642e-002 -4.8401642e-002
  4.8414969e-002 -4.8414969e-002
  4.8418343e-002 -4.8418343e-002
  4.8478036e-002 -4.8478036e-002
  4.8550689e-002 -4.8550689e-002
  4.8640657e-002 -4.8640657e-002
  4.8734594e-002 -4.8734594e-002
  4.8740958e-002 -4.8740958e-002
  4.8737273e-002 -4.8737273e-002
  4.8871980e-002 -4.8871980e-002
  4.9005290e-002 -4.9005290e-002
  4.9078311e-002 -4.9078311e-002
  4.9137483e-002 -4.9137483e-002
  4.9170167e-002 -4.9170167e-002
  4.9211719e-002 -4.9211719e-002
  4.9282748e-002 -4.9282748e-002
  4.9366040e-002 -4.9366040e-002
  4.9476025e-002 -4.9476025e-002
  4.9563130e-002 -4.9563130e-002
  4.9615675e-002 -4.9615675e-002
  4.9655227e-002 -4.9655227e-002
  4.9687778e-002 -4.9687778e-002
  4.9734540e-002 -4.9734540e-002
  4.9792227e-002 -4.9792227e-002
  4.9801733e-002 -4.9801733e-002
  4.9785173e-002 -4.9785173e-002
  4.9770696e-002 -4.9770696e-002
  4.9756980e-002 -4.9756980e-002
  4.9782255e-002 -4.9782255e-002
  4.9819195e-002 -4.9819195e-002
  4.9821925e-002 -4.9821925e-002
  4.9820833e-002 -4.9820833e-002
  4.9800115e-002 -4.9800115e-002
  4.9780725e-002 -4.9780725e-002
  4.9784679e-002 -4.9784679e-002
  4.9791428e-002 -4.9791428e-002
  4.9807272e-002 -4.9807272e-002
  4.9812701e-002 -4.9812701e-002
  4.9783970e-002 -4.9783970e-002
  4.9773894e-002 -4.9773894e-002
  4.9803971e-002 -4.9803971e-002
  4.9798849e-002 -4.9798849e-002
  4.9741098e-002 -4.9741098e-002
  4.9723214e-002 -4.9723214e-002
  4.9738287e-002 -4.9738287e-002
  4.9760062e-002 -4.9760062e-002
  4.9786937e-002 -4.9786937e-002
  4.9806794e-002 -4.9806794e-002
  4.9822895e-002 -4.9822895e-002
  4.9838997e-002 -4.9838997e-002
  4.9855100e-002 -4.9855100e-002
  4.9823008e-002 -4.9823008e-002
  4.9771431e-002 -4.9771431e-002
  4.9788915e-002 -4.9788915e-002
  4.9813901e-002 -4.9813901e-002
  4.9828517e-002 -4.9828517e-002
  4.9843315e-002 -4.9843315e-002
  4.9862615e-002 -4.9862615e-002
  4.9877433e-002 -4.9877433e-002
  4.9867359e-002 -4.9867359e-002
  4.9847371e-002 -4.9847371e-002
  4.9829011e-002 -4.9829011e-002
  4.9806426e-002 -4.9806426e-002
  4.9774850e-002 -4.9774850e-002
  4.9726789e-002 -4.9726789e-002
  4.9654331e-002 -4.9654331e-002
  4.9618032e-002 -4.9618032e-002
  4.9619857e-002 -4.9619857e-002
  4.9632184e-002 -4.9632184e-002
  4.9658002e-002 -4.9658002e-002
  4.9613358e-002 -4.9613358e-002
  4.9531410e-002 -4.9531410e-002
  4.9455844e-002 -4.9455844e-002
  4.9382550e-002 -4.9382550e-002
  4.9365102e-002 -4.9365102e-002
  4.9359837e-002 -4.9359837e-002
  4.9394975e-002 -4.9394975e-002
  4.9435556e-002 -4.9435556e-002
  4.9407050e-002 -4.9407050e-002
  4.9381250e-002 -4.9381250e-002
  4.9401450e-002 -4.9401450e-002
  4.9425705e-002 -4.9425705e-002
  4.9472059e-002 -4.9472059e-002
  4.9512182e-002 -4.9512182e-002
  4.9522247e-002 -4.9522247e-002
  4.9513577e-002 -4.9513577e-002
  4.9465486e-002 -4.9465486e-002
  4.9441764e-002 -4.9441764e-002
  4.9453739e-002 -4.9453739e-002
  4.9408349e-002 -4.9408349e-002
  4.9303070e-002 -4.9303070e-002
  4.9253741e-002 -4.9253741e-002
  4.9237809e-002 -4.9237809e-002
  4.9191545e-002 -4.9191545e-002
  4.9129398e-002 -4.9129398e-002
  4.9074568e-002 -4.9074568e-002
  4.9022311e-002 -4.9022311e-002
  4.8977476e-002 -4.8977476e-002
  4.8934233e-002 -4.8934233e-002
  4.8884588e-002 -4.8884588e-002
  4.8822480e-002 -4.8822480e-002
  4.8781351e-002 -4.8781351e-002
  4.8739418e-002 -4.8739418e-002
  4.8684911e-002 -4.8684911e-002
  4.8636222e-002 -4.8636222e-002
  4.8618629e-002 -4.8618629e-002
  4.8589883e-002 -4.8589883e-002
  4.8526030e-002 -4.8526030e-002
  4.8473245e-002 -4.8473245e-002
  4.8460826e-002 -4.8460826e-002
  4.8399320e-002 -4.8399320e-002
  4.8266638e-002 -4.8266638e-002
  4.8166551e-002 -4.8166551e-002
  4.8100160e-002 -4.8100160e-002
  4.8032130e-002 -4.8032130e-002
  4.7962891e-002 -4.7962891e-002
  4.7928084e-002 -4.7928084e-002
  4.7916387e-002 -4.7916387e-002
  4.7867405e-002 -4.7867405e-002
  4.7805484e-002 -4.7805484e-002
  4.7760195e-002 -4.7760195e-002
  4.7718413e-002 -4.7718413e-002
  4.7603403e-002 -4.7603403e-002
  4.7481098e-002 -4.7481098e-002
  4.7421132e-002 -4.7421132e-002
  4.7360817e-002 -4.7360817e-002
  4.7289999e-002 -4.7289999e-002
  4.7229975e-002 -4.7229975e-002
  4.7226602e-002 -4.7226602e-002
  4.7206580e-002 -4.7206580e-002
  4.7134850e-002 -4.7134850e-002
  4.7056294e-002 -4.7056294e-002
  4.6955124e-002 -4.6955124e-002
  4.6874056e-002 -4.6874056e-002
  4.6821838e-002 -4.6821838e-002
  4.6775328e-002 -4.6775328e-002
  4.6734661e-002 -4.6734661e-002
  4.6629798e-002 -4.6629798e-002
  4.6478013e-002 -4.6478013e-002
  4.6388491e-002 -4.6388491e-002
  4.6318132e-002 -4.6318132e-002
  4.6250835e-002 -4.6250835e-002
  4.6184588e-002 -4.6184588e-002
  4.6048086e-002 -4.6048086e-002
  4.5897026e-002 -4.5897026e-002
  4.5810458e-002 -4.5810458e-002
  4.5730122e-002 -4.5730122e-002
  4.5762457e-002 -4.5762457e-002
  4.5774333e-002 -4.5774333e-002
  4.5641392e-002 -4.5641392e-002
  4.5516358e-002 -4.5516358e-002
  4.5432070e-002 -4.5432070e-002
  4.5343587e-002 -4.5343587e-002
  4.5242249e-002 -4.5242249e-002
  4.5168547e-002 -4.5168547e-002
  4.5151067e-002 -4.5151067e-002
  4.5138384e-002 -4.5138384e-002
  4.5148632e-002 -4.5148632e-002
  4.5107160e-002 -4.5107160e-002
  4.5013270e-002 -4.5013270e-002
  4.4906952e-002 -4.4906952e-002
  4.4791642e-002 -4.4791642e-002
  4.4700307e-002 -4.4700307e-002
  4.4621120e-002 -4.4621120e-002
  4.4529448e-002 -4.4529448e-002
  4.4437154e-002 -4.4437154e-002
  4.4281721e-002 -4.4281721e-002
  4.4113429e-002 -4.4113429e-002
  4.4045065e-002 -4.4045065e-002
  4.3986063e-002 -4.3986063e-002
  4.3886651e-002 -4.3886651e-002
  4.3782415e-002 -4.3782415e-002
  4.3614302e-002 -4.3614302e-002
  4.3459678e-002 -4.3459678e-002
  4.3373340e-002 -4.3373340e-002
  4.3285965e-002 -4.3285965e-002
  4.3195453e-002 -4.3195453e-002
  4.3096140e-002 -4.3096140e-002
  4.2979122e-002 -4.2979122e-002
  4.2859839e-002 -4.2859839e-002
  4.2728112e-002 -4.2728112e-002
  4.2603640e-002 -4.2603640e-002
  4.2486449e-002 -4.2486449e-002
  4.2321690e-002 -4.2321690e-002
  4.2122857e-002 -4.2122857e-002
  4.1982047e-002 -4.1982047e-002
  4.1870310e-002 -4.1870310e-002
  4.1778162e-002 -4.1778162e-002
  4.1680978e-002 -4.1680978e-002
  4.1591657e-002 -4.1591657e-002
  4.1503908e-002 -4.1503908e-002
  4.1356294e-002 -4.1356294e-002
  4.1203247e-002 -4.1203247e-002
  4.1048221e-002 -4.1048221e-002
  4.0900234e-002 -4.0900234e-002
  4.0829111e-002 -4.0829111e-002
  4.0747889e-002 -4.0747889e-002
  4.0667095e-002 -4.0667095e-002
  4.0562406e-002 -4.0562406e-002
  4.0386397e-002 -4.0386397e-002
  4.0228618e-002 -4.0228618e-002
  4.0107106e-002 -4.0107106e-002
  3.9992302e-002 -3.9992302e-002
  3.9886837e-002 -3.9886837e-002
  3.9764799e-002 -3.9764799e-002
  3.9635724e-002 -3.9635724e-002
  3.9516103e-002 -3.9516103e-002
  3.9403186e-002 -3.9403186e-002
  3.9259974e-002 -3.9259974e-002
  3.9101750e-002 -3.9101750e-002
  3.8979672e-002 -3.8979672e-002
  3.8869501e-002 -3.8869501e-002
  3.8757523e-002 -3.8757523e-002
  3.8646964e-002 -3.8646964e-002
  3.8533294e-002 -3.8533294e-002
  3.8419136e-002 -3.8419136e-002
  3.8229467e-002 -3.8229467e-002
  3.8046349e-002 -3.8046349e-002
  3.7932552e-002 -3.7932552e-002
  3.7826635e-002 -3.7826635e-002
  3.7747650e-002 -3.7747650e-002
  3.7660743e-002 -3.7660743e-002
  3.7550497e-002 -3.7550497e-002
  3.7440626e-002 -3.7440626e-002
  3.7331497e-002 -3.7331497e-002
  3.7197971e-002 -3.7197971e-002
  3.7030829e-002 -3.7030829e-002
  3.6871873e-002 -3.6871873e-002
  3.6713797e-002 -3.6713797e-002
  3.6555248e-002 -3.6555248e-002
  3.6396365e-002 -3.6396365e-002
  3.6232781e-002 -3.6232781e-002
  3.6066893e-002 -3.6066893e-002
  3.5920203e-002 -3.5920203e-002
  3.5779754e-002 -3.5779754e-002
  3.5529280e-002 -3.5529280e-002
  3.5248308e-002 -3.5248308e-002
  3.5127107e-002 -3.5127107e-002
  3.5019239e-002 -3.5019239e-002
  3.4867842e-002 -3.4867842e-002
  3.4710609e-002 -3.4710609e-002
  3.4493504e-002 -3.4493504e-002
  3.4279915e-002 -3.4279915e-002
  3.4083202e-002 -3.4083202e-002
  3.3899550e-002 -3.3899550e-002
  3.3774737e-002 -3.3774737e-002
  3.3643609e-002 -3.3643609e-002
  3.3500193e-002 -3.3500193e-002
  3.3343804e-002 -3.3343804e-002
  3.3169719e-002 -3.3169719e-002
  3.3042454e-002 -3.3042454e-002
  3.2960806e-002 -3.2960806e-002
  3.2821795e-002 -3.2821795e-002
  3.2649043e-002 -3.2649043e-002
  3.2470609e-002 -3.2470609e-002
  3.2289423e-002 -3.2289423e-002
  3.2137001e-002 -3.2137001e-002
  3.1993806e-002 -3.1993806e-002
  3.1809450e-002 -3.1809450e-002
  3.1617293e-002 -3.1617293e-002
  3.1425083e-002 -3.1425083e-002
  3.1232809e-002 -3.1232809e-002
  3.0972269e-002 -3.0972269e-002
  3.0722064e-002 -3.0722064e-002
  3.0574733e-002 -3.0574733e-002
  3.0402088e-002 -3.0402088e-002
  3.0109966e-002 -3.0109966e-002
  2.9843175e-002 -2.9843175e-002
  2.9643538e-002 -2.9643538e-002
  2.9440875e-002 -2.9440875e-002
  2.9232385e-002 -2.9232385e-002
  2.9034538e-002 -2.9034538e-002
  2.8851060e-002 -2.8851060e-002
  2.8684010e-002 -2.8684010e-002
  2.8532810e-002 -2.8532810e-002
  2.8390080e-002 -2.8390080e-002
  2.8249707e-002 -2.8249707e-002
  2.8039403e-002 -2.8039403e-002
  2.7795592e-002 -2.7795592e-002
  2.7621247e-002 -2.7621247e-002
  2.7468885e-002 -2.7468885e-002
  2.7245651e-002 -2.7245651e-002
  2.7009230e-002 -2.7009230e-002
  2.6797277e-002 -2.6797277e-002
  2.6583668e-002 -2.6583668e-002
  2.6448072e-002 -2.6448072e-002
  2.6313514e-002 -2.6313514e-002
  2.6188993e-002 -2.6188993e-002
  2.6058424e-002 -2.6058424e-002
  2.5899798e-002 -2.5899798e-002
  2.5713043e-002 -2.5713043e-002
  2.5446575e-002 -2.5446575e-002
  2.5204881e-002 -2.5204881e-002
  2.5008587e-002 -2.5008587e-002
  2.4828606e-002 -2.4828606e-002
  2.4670435e-002 -2.4670435e-002
  2.4493073e-002 -2.4493073e-002
  2.4297382e-002 -2.4297382e-002
  2.4119501e-002 -2.4119501e-002
  2.3953745e-002 -2.3953745e-002
  2.3704206e-002 -2.3704206e-002
  2.3416067e-002 -2.3416067e-002
  2.3225628e-002 -2.3225628e-002
  2.3065693e-002 -2.3065693e-002
  2.2766820e-002 -2.2766820e-002
  2.2442578e-002 -2.2442578e-002
  2.2211931e-002 -2.2211931e-002
  2.1989280e-002 -2.1989280e-002
  2.1834507e-002 -2.1834507e-002
  2.1676584e-002 -2.1676584e-002
  2.1489074e-002 -2.1489074e-002
  2.1286185e-002 -2.1286185e-002
  2.1013134e-002 -2.1013134e-002
  2.0750990e-002 -2.0750990e-002
  2.0519367e-002 -2.0519367e-002
  2.0287538e-002 -2.0287538e-002
  2.0059257e-002 -2.0059257e-002
  1.9733993e-002 -1.9733993e-002
  1.9280367e-002 -1.9280367e-002
  1.8971903e-002 -1.8971903e-002
  1.8800735e-002 -1.8800735e-002
  1.8627761e-002 -1.8627761e-002
  1.8453568e-002 -1.8453568e-002
  1.8254433e-002 -1.8254433e-002
  1.8045696e-002 -1.8045696e-002
  1.7801896e-002 -1.7801896e-002
  1.7547296e-002 -1.7547296e-002
  1.7305668e-002 -1.7305668e-002
  1.7066363e-002 -1.7066363e-002
  1.6841711e-002 -1.6841711e-002
  1.6617569e-002 -1.6617569e-002
  1.6245347e-002 -1.6245347e-002
  1.5877060e-002 -1.5877060e-002
  1.5508773e-002 -1.5508773e-002
  1.5140486e-002 -1.5140486e-002
  1.4772199e-002 -1.4772199e-002
  1.4403912e-002 -1.4403912e-002
  1.4035625e-002 -1.4035625e-002
  1.3667337e-002 -1.3667337e-002
  1.3299050e-002 -1.3299050e-002
  1.2934467e-002 -1.2934467e-002
  1.2569884e-002 -1.2569884e-002
  1.2205300e-002 -1.2205300e-002
  1.1840717e-002 -1.1840717e-002
  1.1476134e-002 -1.1476134e-002
  1.1111550e-002 -1.1111550e-002
  1.0746967e-002 -1.0746967e-002
  1.0382384e-002 -1.0382384e-002
  1.0020115e-002 -1.0020115e-002
  9.6578471e-003 -9.6578471e-003
  9.2955781e-003 -9.2955781e-003
  8.9333101e-003 -8.9333101e-003
  8.5710411e-003 -8.5710411e-003
  8.2087731e-003 -8.2087731e-003
  7.8465041e-003 -7.8465041e-003
  7.4842361e-003 -7.4842361e-003
  7.1219671e-003 -7.1219671e-003
  6.7596991e-003 -6.7596991e-003
  6.3974301e-003 -6.3974301e-003
  6.0351621e-003 -6.0351621e-003
  5.6728931e-003 -5.6728931e-003
  5.3106251e-003 -5.3106251e-003
  4.9483561e-003 -4.9483561e-003
  4.6660957e-003 -4.6660957e-003
  4.3838353e-003 -4.3838353e-003
  4.1015749e-003 -4.1015749e-003
  3.8193145e-003 -3.8193145e-003
  3.5370541e-003 -3.5370541e-003
  3.2547937e-003 -3.2547937e-003
  2.9725333e-003 -2.9725333e-003
  2.6902729e-003 -2.6902729e-003
  2.4080125e-003 -2.4080125e-003
  2.1257521e-003 -2.1257521e-003
  1.8434917e-003 -1.8434917e-003
  1.5612313e-003 -1.5612313e-003
  1.2789709e-003 -1.2789709e-003
  9.9671051e-004 -9.9671051e-004
  7.1445011e-004 -7.1445011e-004
  4.3218971e-004 -4.3218971e-004
  1.4992931e-004 -1.4992931e-004
 -1.3233109e-004  1.3233109e-004
 -4.1459149e-004  4.1459149e-004
 -6.9685189e-004  6.9685189e-004
 -9.7911229e-004  9.7911229e-004
 -1.2613727e-003  1.2613727e-003
 -1.5436331e-003  1.5436331e-003
 -1.8258935e-003  1.8258935e-003
 -2.1081539e-003  2.1081539e-003
 -2.3904143e-003  2.3904143e-003
 -2.6726747e-003  2.6726747e-003
 -2.9549351e-003  2.9549351e-003
 -3.2371955e-003  3.2371955e-003
 -3.5194559e-003  3.5194559e-003
 -3.8017163e-003  3.8017163e-003
 -4.0839767e-003  4.0839767e-003
 -4.3662371e-003  4.3662371e-003
 -4.6484975e-003  4.6484975e-003
 -4.9307579e-003  4.9307579e-003
 -5.2130183e-003  5.2130183e-003
 -5.4952787e-003  5.4952787e-003
 -5.7775391e-003  5.7775391e-003
 -6.0597995e-003  6.0597995e-003
 -6.3420599e-003  6.3420599e-003
 -6.6243203e-003  6.6243203e-003
 -6.9065807e-003  6.9065807e-003
 -7.1888411e-003  7.1888411e-003
 -7.4711015e-003  7.4711015e-003
 -7.7533619e-003  7.7533619e-003
 -8.0356223e-003  8.0356223e-003
 -8.3178827e-003  8.3178827e-003
 -8.6001431e-003  8.6001431e-003
 -8.8824035e-003  8.8824035e-003
 -9.1646639e-003  9.1646639e-003
 -9.4469243e-003  9.4469243e-003
 -9.7291847e-003  9.7291847e-003
 -1.0011445e-002  1.0011445e-002
 -1.0293705e-002  1.0293705e-002
 -1.0575966e-002  1.0575966e-002
 -1.0858226e-002  1.0858226e-002
 -1.1140487e-002  1.1140487e-002
 -1.1422747e-002  1.1422747e-002
 -1.1705007e-002  1.1705007e-002
 -1.1987268e-002  1.1987268e-002
 -1.2269528e-002  1.2269528e-002
 -1.2551789e-002  1.2551789e-002
 -1.2834049e-002  1.2834049e-002
 -1.3116309e-002  1.3116309e-002
 -1.3398570e-002  1.3398570e-002
 -1.3680830e-002  1.3680830e-002
 -1.3963091e-002  1.3963091e-002
 -1.4245351e-002  1.4245351e-002
 -1.4527611e-002  1.4527611e-002
 -1.4809872e-002  1.4809872e-002
 -1.5092132e-002  1.5092132e-002
 -1.5374393e-002  1.5374393e-002
 -1.5656653e-002  1.5656653e-002
