 -1.0000000e+000  1.0000000e+000
 -1.0000000e+000  1.0000000e+000
 -1.0000000e+000  1.0000000e+000
 -1.0000000e+000  1.0000000e+000
 -1.0000000e+000  1.0000000e+000
 -1.0000000e+000  1.0000000e+000
 -1.0000000e+000  1.0000000e+000
 -1.0000000e+000  1.0000000e+000
 -1.0000000e+000  1.0000000e+000
 -1.0000000e+000  1.0000000e+000
 -1.0000000e+000  1.0000000e+000
 -1.0000000e+000  1.0000000e+000
 -1.0000000e+000  1.0000000e+000
 -1.0000000e+000  1.0000000e+000
 -1.0000000e+000  1.0000000e+000
 -1.0000000e+000  1.0000000e+000
 -1.0000000e+000  1.0000000e+000
 -1.0000000e+000  1.0000000e+000
 -1.0000000e+000  1.0000000e+000
 -1.0000000e+000  1.0000000e+000
 -1.0000000e+000  1.0000000e+000
 -1.0000000e+000  1.0000000e+000
 -1.0000000e+000  1.0000000e+000
 -1.0000000e+000  1.0000000e+000
 -1.0000000e+000  1.0000000e+000
 -1.0000000e+000  1.0000000e+000
 -1.0000000e+000  1.0000000e+000
 -1.0000000e+000  1.0000000e+000
 -1.0000000e+000  1.0000000e+000
 -1.0000000e+000  1.0000000e+000
 -1.0000000e+000  1.0000000e+000
 -1.0000000e+000  1.0000000e+000
 -1.0000000e+000  1.0000000e+000
 -1.0000000e+000  1.0000000e+000
 -1.0000000e+000  1.0000000e+000
 -1.0000000e+000  1.0000000e+000
 -1.0000000e+000  1.0000000e+000
 -1.0000000e+000  1.0000000e+000
 -1.0000000e+000  1.0000000e+000
 -1.0000000e+000  1.0000000e+000
 -1.0000000e+000  1.0000000e+000
 -1.0000000e+000  1.0000000e+000
 -1.0000000e+000  1.0000000e+000
 -1.0000000e+000  1.0000000e+000
 -1.0000000e+000  1.0000000e+000
 -1.0000000e+000  1.0000000e+000
 -1.0000000e+000  1.0000000e+000
 -1.0000000e+000  1.0000000e+000
 -1.0000000e+000  1.0000000e+000
 -1.0000000e+000  1.0000000e+000
 -1.0000000e+000  1.0000000e+000
 -1.0000000e+000  1.0000000e+000
 -1.0000000e+000  1.0000000e+000
 -1.0000000e+000  1.0000000e+000
 -1.0000000e+000  1.0000000e+000
 -1.0000000e+000  1.0000000e+000
 -1.0000000e+000  1.0000000e+000
 -1.0000000e+000  1.0000000e+000
 -1.0000000e+000  1.0000000e+000
 -1.0000000e+000  1.0000000e+000
 -1.0000000e+000  1.0000000e+000
 -1.0000000e+000  1.0000000e+000
 -1.0000000e+000  1.0000000e+000
 -1.0000000e+000  1.0000000e+000
 -1.0000000e+000  1.0000000e+000
 -1.0000000e+000  1.0000000e+000
 -1.0000000e+000  1.0000000e+000
 -1.0000000e+000  1.0000000e+000
 -1.0000000e+000  1.0000000e+000
 -1.0000000e+000  1.0000000e+000
 -1.0000000e+000  1.0000000e+000
 -1.0000000e+000  1.0000000e+000
 -1.0000000e+000  1.0000000e+000
 -1.0000000e+000  1.0000000e+000
 -1.0000000e+000  1.0000000e+000
 -1.0000000e+000  1.0000000e+000
 -1.0000000e+000  1.0000000e+000
 -1.0000000e+000  1.0000000e+000
 -1.0000000e+000  1.0000000e+000
 -1.0000000e+000  1.0000000e+000
 -1.0000000e+000  1.0000000e+000
 -1.0000000e+000  1.0000000e+000
 -1.0000000e+000  1.0000000e+000
 -1.0000000e+000  1.0000000e+000
 -1.0000000e+000  1.0000000e+000
 -1.0000000e+000  1.0000000e+000
 -1.0000000e+000  1.0000000e+000
 -1.0000000e+000  1.0000000e+000
 -1.0000000e+000  1.0000000e+000
 -1.0000000e+000  1.0000000e+000
 -1.0000000e+000  1.0000000e+000
 -1.0000000e+000  1.0000000e+000
 -1.0000000e+000  1.0000000e+000
 -1.0000000e+000  1.0000000e+000
 -1.0000000e+000  1.0000000e+000
 -1.0000000e+000  1.0000000e+000
 -1.0000000e+000  1.0000000e+000
 -1.0000000e+000  1.0000000e+000
 -1.0000000e+000  1.0000000e+000
 -1.0000000e+000  1.0000000e+000
 -1.0000000e+000  1.0000000e+000
 -1.0000000e+000  1.0000000e+000
 -1.0000000e+000  1.0000000e+000
 -1.0000000e+000  1.0000000e+000
 -1.0000000e+000  1.0000000e+000
 -1.0000000e+000  1.0000000e+000
 -1.0000000e+000  1.0000000e+000
 -1.0000000e+000  1.0000000e+000
 -1.0000000e+000  1.0000000e+000
 -1.0000000e+000  1.0000000e+000
 -1.0000000e+000  1.0000000e+000
 -1.0000000e+000  1.0000000e+000
 -1.0000000e+000  1.0000000e+000
 -1.0000000e+000  1.0000000e+000
 -1.0000000e+000  1.0000000e+000
 -1.0000000e+000  1.0000000e+000
 -1.0000000e+000  1.0000000e+000
 -1.0000000e+000  1.0000000e+000
 -1.0000000e+000  1.0000000e+000
 -1.0000000e+000  1.0000000e+000
 -1.0000000e+000  1.0000000e+000
 -1.0000000e+000  1.0000000e+000
 -1.0000000e+000  1.0000000e+000
 -1.0000000e+000  1.0000000e+000
 -1.0000000e+000  1.0000000e+000
 -1.0000000e+000  1.0000000e+000
 -1.0000000e+000  1.0000000e+000
 -1.0000000e+000  1.0000000e+000
 -1.0000000e+000  1.0000000e+000
 -1.0000000e+000  1.0000000e+000
 -1.0000000e+000  1.0000000e+000
 -1.0000000e+000  1.0000000e+000
 -1.0000000e+000  1.0000000e+000
 -1.0000000e+000  1.0000000e+000
 -1.0000000e+000  1.0000000e+000
 -1.0000000e+000  1.0000000e+000
 -1.0000000e+000  1.0000000e+000
 -1.0000000e+000  1.0000000e+000
 -1.0000000e+000  1.0000000e+000
 -1.0000000e+000  1.0000000e+000
 -1.0000000e+000  1.0000000e+000
 -1.0000000e+000  1.0000000e+000
 -1.0000000e+000  1.0000000e+000
 -1.0000000e+000  1.0000000e+000
 -1.0000000e+000  1.0000000e+000
 -1.0000000e+000  1.0000000e+000
 -1.0000000e+000  1.0000000e+000
 -1.0000000e+000  1.0000000e+000
 -1.0000871e+000  1.0000871e+000
 -1.0002886e+000  1.0002886e+000
 -1.0003848e+000  1.0003848e+000
 -1.0003823e+000  1.0003823e+000
 -1.0004976e+000  1.0004976e+000
 -1.0006917e+000  1.0006917e+000
 -1.0008825e+000  1.0008825e+000
 -1.0010719e+000  1.0010719e+000
 -1.0018465e+000  1.0018465e+000
 -1.0027999e+000  1.0027999e+000
 -1.0035714e+000  1.0035714e+000
 -1.0043111e+000  1.0043111e+000
 -1.0041616e+000  1.0041616e+000
 -1.0039618e+000  1.0039618e+000
 -1.0044926e+000  1.0044926e+000
 -1.0050227e+000  1.0050227e+000
 -1.0055440e+000  1.0055440e+000
 -1.0060294e+000  1.0060294e+000
 -1.0063553e+000  1.0063553e+000
 -1.0067275e+000  1.0067275e+000
 -1.0072263e+000  1.0072263e+000
 -1.0077207e+000  1.0077207e+000
 -1.0082069e+000  1.0082069e+000
 -1.0085378e+000  1.0085378e+000
 -1.0086670e+000  1.0086670e+000
 -1.0086129e+000  1.0086129e+000
 -1.0083887e+000  1.0083887e+000
 -1.0085804e+000  1.0085804e+000
 -1.0090471e+000  1.0090471e+000
 -1.0092756e+000  1.0092756e+000
 -1.0093949e+000  1.0093949e+000
 -1.0100293e+000  1.0100293e+000
 -1.0108189e+000  1.0108189e+000
 -1.0113094e+000  1.0113094e+000
 -1.0117485e+000  1.0117485e+000
 -1.0117183e+000  1.0117183e+000
 -1.0116528e+000  1.0116528e+000
 -1.0114245e+000  1.0114245e+000
 -1.0112469e+000  1.0112469e+000
 -1.0115087e+000  1.0115087e+000
 -1.0119193e+000  1.0119193e+000
 -1.0129775e+000  1.0129775e+000
 -1.0137309e+000  1.0137309e+000
 -1.0136593e+000  1.0136593e+000
 -1.0137547e+000  1.0137547e+000
 -1.0141553e+000  1.0141553e+000
 -1.0145513e+000  1.0145513e+000
 -1.0149414e+000  1.0149414e+000
 -1.0150085e+000  1.0150085e+000
 -1.0147784e+000  1.0147784e+000
 -1.0148268e+000  1.0148268e+000
 -1.0150574e+000  1.0150574e+000
 -1.0153860e+000  1.0153860e+000
 -1.0157590e+000  1.0157590e+000
 -1.0158994e+000  1.0158994e+000
 -1.0159710e+000  1.0159710e+000
 -1.0159136e+000  1.0159136e+000
 -1.0158345e+000  1.0158345e+000
 -1.0164428e+000  1.0164428e+000
 -1.0170932e+000  1.0170932e+000
 -1.0175952e+000  1.0175952e+000
 -1.0180807e+000  1.0180807e+000
 -1.0184245e+000  1.0184245e+000
 -1.0187410e+000  1.0187410e+000
 -1.0189395e+000  1.0189395e+000
 -1.0190988e+000  1.0190988e+000
 -1.0191533e+000  1.0191533e+000
 -1.0192549e+000  1.0192549e+000
 -1.0194418e+000  1.0194418e+000
 -1.0196883e+000  1.0196883e+000
 -1.0200107e+000  1.0200107e+000
 -1.0202621e+000  1.0202621e+000
 -1.0204489e+000  1.0204489e+000
 -1.0208797e+000  1.0208797e+000
 -1.0214688e+000  1.0214688e+000
 -1.0216787e+000  1.0216787e+000
 -1.0217186e+000  1.0217186e+000
 -1.0219630e+000  1.0219630e+000
 -1.0222672e+000  1.0222672e+000
 -1.0229087e+000  1.0229087e+000
 -1.0236067e+000  1.0236067e+000
 -1.0237938e+000  1.0237938e+000
 -1.0239588e+000  1.0239588e+000
 -1.0245125e+000  1.0245125e+000
 -1.0250648e+000  1.0250648e+000
 -1.0256039e+000  1.0256039e+000
 -1.0260439e+000  1.0260439e+000
 -1.0260649e+000  1.0260649e+000
 -1.0262260e+000  1.0262260e+000
 -1.0267559e+000  1.0267559e+000
 -1.0273728e+000  1.0273728e+000
 -1.0281450e+000  1.0281450e+000
 -1.0286347e+000  1.0286347e+000
 -1.0287677e+000  1.0287677e+000
 -1.0290948e+000  1.0290948e+000
 -1.0295971e+000  1.0295971e+000
 -1.0299453e+000  1.0299453e+000
 -1.0301946e+000  1.0301946e+000
 -1.0305247e+000  1.0305247e+000
 -1.0308906e+000  1.0308906e+000
 -1.0308760e+000  1.0308760e+000
 -1.0307518e+000  1.0307518e+000
 -1.0309404e+000  1.0309404e+000
 -1.0311799e+000  1.0311799e+000
 -1.0312993e+000  1.0312993e+000
 -1.0314244e+000  1.0314244e+000
 -1.0320123e+000  1.0320123e+000
 -1.0325214e+000  1.0325214e+000
 -1.0323949e+000  1.0323949e+000
 -1.0323819e+000  1.0323819e+000
 -1.0328399e+000  1.0328399e+000
 -1.0332327e+000  1.0332327e+000
 -1.0334553e+000  1.0334553e+000
 -1.0338005e+000  1.0338005e+000
 -1.0343628e+000  1.0343628e+000
 -1.0348722e+000  1.0348722e+000
 -1.0353156e+000  1.0353156e+000
 -1.0357546e+000  1.0357546e+000
 -1.0361897e+000  1.0361897e+000
 -1.0364817e+000  1.0364817e+000
 -1.0366828e+000  1.0366828e+000
 -1.0370393e+000  1.0370393e+000
 -1.0374640e+000  1.0374640e+000
 -1.0377959e+000  1.0377959e+000
 -1.0381016e+000  1.0381016e+000
 -1.0382138e+000  1.0382138e+000
 -1.0382951e+000  1.0382951e+000
 -1.0383748e+000  1.0383748e+000
 -1.0384543e+000  1.0384543e+000
 -1.0385329e+000  1.0385329e+000
 -1.0386360e+000  1.0386360e+000
 -1.0389312e+000  1.0389312e+000
 -1.0392467e+000  1.0392467e+000
 -1.0396446e+000  1.0396446e+000
 -1.0400724e+000  1.0400724e+000
 -1.0405769e+000  1.0405769e+000
 -1.0409228e+000  1.0409228e+000
 -1.0409907e+000  1.0409907e+000
 -1.0410113e+000  1.0410113e+000
 -1.0409732e+000  1.0409732e+000
 -1.0409902e+000  1.0409902e+000
 -1.0410559e+000  1.0410559e+000
 -1.0411846e+000  1.0411846e+000
 -1.0413527e+000  1.0413527e+000
 -1.0415934e+000  1.0415934e+000
 -1.0418654e+000  1.0418654e+000
 -1.0420562e+000  1.0420562e+000
 -1.0422243e+000  1.0422243e+000
 -1.0421224e+000  1.0421224e+000
 -1.0419785e+000  1.0419785e+000
 -1.0423173e+000  1.0423173e+000
 -1.0426788e+000  1.0426788e+000
 -1.0429345e+000  1.0429345e+000
 -1.0431906e+000  1.0431906e+000
 -1.0434495e+000  1.0434495e+000
 -1.0437472e+000  1.0437472e+000
 -1.0442009e+000  1.0442009e+000
 -1.0445692e+000  1.0445692e+000
 -1.0447206e+000  1.0447206e+000
 -1.0449783e+000  1.0449783e+000
 -1.0454200e+000  1.0454200e+000
 -1.0456407e+000  1.0456407e+000
 -1.0455908e+000  1.0455908e+000
 -1.0455932e+000  1.0455932e+000
 -1.0456415e+000  1.0456415e+000
 -1.0458669e+000  1.0458669e+000
 -1.0462024e+000  1.0462024e+000
 -1.0463357e+000  1.0463357e+000
 -1.0463824e+000  1.0463824e+000
 -1.0467227e+000  1.0467227e+000
 -1.0471440e+000  1.0471440e+000
 -1.0474010e+000  1.0474010e+000
 -1.0476329e+000  1.0476329e+000
 -1.0479501e+000  1.0479501e+000
 -1.0482652e+000  1.0482652e+000
 -1.0483977e+000  1.0483977e+000
 -1.0485623e+000  1.0485623e+000
 -1.0489669e+000  1.0489669e+000
 -1.0492781e+000  1.0492781e+000
 -1.0492189e+000  1.0492189e+000
 -1.0492121e+000  1.0492121e+000
 -1.0493369e+000  1.0493369e+000
 -1.0495292e+000  1.0495292e+000
 -1.0498372e+000  1.0498372e+000
 -1.0501422e+000  1.0501422e+000
 -1.0504435e+000  1.0504435e+000
 -1.0505038e+000  1.0505038e+000
 -1.0503552e+000  1.0503552e+000
 -1.0505395e+000  1.0505395e+000
 -1.0509285e+000  1.0509285e+000
 -1.0511864e+000  1.0511864e+000
 -1.0513890e+000  1.0513890e+000
 -1.0515234e+000  1.0515234e+000
 -1.0516395e+000  1.0516395e+000
 -1.0519819e+000  1.0519819e+000
 -1.0523584e+000  1.0523584e+000
 -1.0528168e+000  1.0528168e+000
 -1.0532630e+000  1.0532630e+000
 -1.0532832e+000  1.0532832e+000
 -1.0533343e+000  1.0533343e+000
 -1.0536109e+000  1.0536109e+000
 -1.0537998e+000  1.0537998e+000
 -1.0536466e+000  1.0536466e+000
 -1.0535933e+000  1.0535933e+000
 -1.0537876e+000  1.0537876e+000
 -1.0539778e+000  1.0539778e+000
 -1.0541609e+000  1.0541609e+000
 -1.0544217e+000  1.0544217e+000
 -1.0547755e+000  1.0547755e+000
 -1.0551765e+000  1.0551765e+000
 -1.0556181e+000  1.0556181e+000
 -1.0559503e+000  1.0559503e+000
 -1.0562160e+000  1.0562160e+000
 -1.0562971e+000  1.0562971e+000
 -1.0563010e+000  1.0563010e+000
 -1.0563109e+000  1.0563109e+000
 -1.0563224e+000  1.0563224e+000
 -1.0564038e+000  1.0564038e+000
 -1.0564953e+000  1.0564953e+000
 -1.0567433e+000  1.0567433e+000
 -1.0570012e+000  1.0570012e+000
 -1.0572538e+000  1.0572538e+000
 -1.0575465e+000  1.0575465e+000
 -1.0581250e+000  1.0581250e+000
 -1.0586189e+000  1.0586189e+000
 -1.0587873e+000  1.0587873e+000
 -1.0589075e+000  1.0589075e+000
 -1.0589104e+000  1.0589104e+000
 -1.0589748e+000  1.0589748e+000
 -1.0591377e+000  1.0591377e+000
 -1.0593352e+000  1.0593352e+000
 -1.0595737e+000  1.0595737e+000
 -1.0598553e+000  1.0598553e+000
 -1.0601736e+000  1.0601736e+000
 -1.0604907e+000  1.0604907e+000
 -1.0608069e+000  1.0608069e+000
 -1.0610683e+000  1.0610683e+000
 -1.0613040e+000  1.0613040e+000
 -1.0615967e+000  1.0615967e+000
 -1.0619047e+000  1.0619047e+000
 -1.0622081e+000  1.0622081e+000
 -1.0625109e+000  1.0625109e+000
 -1.0628163e+000  1.0628163e+000
 -1.0631209e+000  1.0631209e+000
 -1.0634178e+000  1.0634178e+000
 -1.0637053e+000  1.0637053e+000
 -1.0639274e+000  1.0639274e+000
 -1.0642272e+000  1.0642272e+000
 -1.0648214e+000  1.0648214e+000
 -1.0652604e+000  1.0652604e+000
 -1.0653241e+000  1.0653241e+000
 -1.0654599e+000  1.0654599e+000
 -1.0657537e+000  1.0657537e+000
 -1.0659046e+000  1.0659046e+000
 -1.0658875e+000  1.0658875e+000
 -1.0661984e+000  1.0661984e+000
 -1.0667855e+000  1.0667855e+000
 -1.0672719e+000  1.0672719e+000
 -1.0676982e+000  1.0676982e+000
 -1.0680511e+000  1.0680511e+000
 -1.0684165e+000  1.0684165e+000
 -1.0685894e+000  1.0685894e+000
 -1.0687124e+000  1.0687124e+000
 -1.0690259e+000  1.0690259e+000
 -1.0693661e+000  1.0693661e+000
 -1.0694296e+000  1.0694296e+000
 -1.0695069e+000  1.0695069e+000
 -1.0701228e+000  1.0701228e+000
 -1.0706855e+000  1.0706855e+000
 -1.0707237e+000  1.0707237e+000
 -1.0708112e+000  1.0708112e+000
 -1.0710829e+000  1.0710829e+000
 -1.0714774e+000  1.0714774e+000
 -1.0721659e+000  1.0721659e+000
 -1.0727413e+000  1.0727413e+000
 -1.0731310e+000  1.0731310e+000
 -1.0735018e+000  1.0735018e+000
 -1.0738184e+000  1.0738184e+000
 -1.0741773e+000  1.0741773e+000
 -1.0745715e+000  1.0745715e+000
 -1.0749593e+000  1.0749593e+000
 -1.0753436e+000  1.0753436e+000
 -1.0758697e+000  1.0758697e+000
 -1.0764533e+000  1.0764533e+000
 -1.0767717e+000  1.0767717e+000
 -1.0770133e+000  1.0770133e+000
 -1.0772488e+000  1.0772488e+000
 -1.0774836e+000  1.0774836e+000
 -1.0778490e+000  1.0778490e+000
 -1.0782100e+000  1.0782100e+000
 -1.0783790e+000  1.0783790e+000
 -1.0785611e+000  1.0785611e+000
 -1.0788544e+000  1.0788544e+000
 -1.0791478e+000  1.0791478e+000
 -1.0794416e+000  1.0794416e+000
 -1.0797582e+000  1.0797582e+000
 -1.0801288e+000  1.0801288e+000
 -1.0806245e+000  1.0806245e+000
 -1.0813235e+000  1.0813235e+000
 -1.0818207e+000  1.0818207e+000
 -1.0821100e+000  1.0821100e+000
 -1.0823232e+000  1.0823232e+000
 -1.0824737e+000  1.0824737e+000
 -1.0828372e+000  1.0828372e+000
 -1.0833254e+000  1.0833254e+000
 -1.0837123e+000  1.0837123e+000
 -1.0840588e+000  1.0840588e+000
 -1.0845470e+000  1.0845470e+000
 -1.0850975e+000  1.0850975e+000
 -1.0853467e+000  1.0853467e+000
 -1.0855557e+000  1.0855557e+000
 -1.0858247e+000  1.0858247e+000
 -1.0861181e+000  1.0861181e+000
 -1.0868425e+000  1.0868425e+000
 -1.0875055e+000  1.0875055e+000
 -1.0877642e+000  1.0877642e+000
 -1.0880729e+000  1.0880729e+000
 -1.0884661e+000  1.0884661e+000
 -1.0888764e+000  1.0888764e+000
 -1.0893264e+000  1.0893264e+000
 -1.0897016e+000  1.0897016e+000
 -1.0899564e+000  1.0899564e+000
 -1.0902692e+000  1.0902692e+000
 -1.0906482e+000  1.0906482e+000
 -1.0910013e+000  1.0910013e+000
 -1.0913138e+000  1.0913138e+000
 -1.0915886e+000  1.0915886e+000
 -1.0918417e+000  1.0918417e+000
 -1.0923156e+000  1.0923156e+000
 -1.0928766e+000  1.0928766e+000
 -1.0934433e+000  1.0934433e+000
 -1.0940116e+000  1.0940116e+000
 -1.0941224e+000  1.0941224e+000
 -1.0941713e+000  1.0941713e+000
 -1.0947661e+000  1.0947661e+000
 -1.0953598e+000  1.0953598e+000
 -1.0956029e+000  1.0956029e+000
 -1.0958777e+000  1.0958777e+000
 -1.0963562e+000  1.0963562e+000
 -1.0967766e+000  1.0967766e+000
 -1.0970111e+000  1.0970111e+000
 -1.0973378e+000  1.0973378e+000
 -1.0978771e+000  1.0978771e+000
 -1.0983410e+000  1.0983410e+000
 -1.0986845e+000  1.0986845e+000
 -1.0990016e+000  1.0990016e+000
 -1.0992886e+000  1.0992886e+000
 -1.0996723e+000  1.0996723e+000
 -1.1001474e+000  1.1001474e+000
 -1.1005347e+000  1.1005347e+000
 -1.1008719e+000  1.1008719e+000
 -1.1012941e+000  1.1012941e+000
 -1.1017496e+000  1.1017496e+000
 -1.1022538e+000  1.1022538e+000
 -1.1027702e+000  1.1027702e+000
 -1.1031529e+000  1.1031529e+000
 -1.1035455e+000  1.1035455e+000
 -1.1038253e+000  1.1038253e+000
 -1.1041172e+000  1.1041172e+000
 -1.1046780e+000  1.1046780e+000
 -1.1052311e+000  1.1052311e+000
 -1.1057354e+000  1.1057354e+000
 -1.1061697e+000  1.1061697e+000
 -1.1063575e+000  1.1063575e+000
 -1.1065649e+000  1.1065649e+000
 -1.1067701e+000  1.1067701e+000
 -1.1071289e+000  1.1071289e+000
 -1.1077298e+000  1.1077298e+000
 -1.1081426e+000  1.1081426e+000
 -1.1083448e+000  1.1083448e+000
 -1.1088653e+000  1.1088653e+000
 -1.1096410e+000  1.1096410e+000
 -1.1100882e+000  1.1100882e+000
 -1.1103425e+000  1.1103425e+000
 -1.1107992e+000  1.1107992e+000
 -1.1113336e+000  1.1113336e+000
 -1.1116318e+000  1.1116318e+000
 -1.1118730e+000  1.1118730e+000
 -1.1124728e+000  1.1124728e+000
 -1.1131171e+000  1.1131171e+000
 -1.1136501e+000  1.1136501e+000
 -1.1141727e+000  1.1141727e+000
 -1.1145853e+000  1.1145853e+000
 -1.1149716e+000  1.1149716e+000
 -1.1151969e+000  1.1151969e+000
 -1.1155122e+000  1.1155122e+000
 -1.1161399e+000  1.1161399e+000
 -1.1167583e+000  1.1167583e+000
 -1.1173823e+000  1.1173823e+000
 -1.1178963e+000  1.1178963e+000
 -1.1182382e+000  1.1182382e+000
 -1.1186320e+000  1.1186320e+000
 -1.1190831e+000  1.1190831e+000
 -1.1195582e+000  1.1195582e+000
 -1.1200520e+000  1.1200520e+000
 -1.1204703e+000  1.1204703e+000
 -1.1208626e+000  1.1208626e+000
 -1.1212830e+000  1.1212830e+000
 -1.1217138e+000  1.1217138e+000
 -1.1222329e+000  1.1222329e+000
 -1.1227731e+000  1.1227731e+000
 -1.1233169e+000  1.1233169e+000
 -1.1238611e+000  1.1238611e+000
 -1.1244404e+000  1.1244404e+000
 -1.1250359e+000  1.1250359e+000
 -1.1255693e+000  1.1255693e+000
 -1.1260697e+000  1.1260697e+000
 -1.1263722e+000  1.1263722e+000
 -1.1267368e+000  1.1267368e+000
 -1.1273140e+000  1.1273140e+000
 -1.1279039e+000  1.1279039e+000
 -1.1285224e+000  1.1285224e+000
 -1.1291122e+000  1.1291122e+000
 -1.1296325e+000  1.1296325e+000
 -1.1303020e+000  1.1303020e+000
 -1.1311353e+000  1.1311353e+000
 -1.1317210e+000  1.1317210e+000
 -1.1321122e+000  1.1321122e+000
 -1.1327083e+000  1.1327083e+000
 -1.1334180e+000  1.1334180e+000
 -1.1339146e+000  1.1339146e+000
 -1.1343206e+000  1.1343206e+000
 -1.1350561e+000  1.1350561e+000
 -1.1358686e+000  1.1358686e+000
 -1.1362002e+000  1.1362002e+000
 -1.1364749e+000  1.1364749e+000
 -1.1372204e+000  1.1372204e+000
 -1.1379718e+000  1.1379718e+000
 -1.1386664e+000  1.1386664e+000
 -1.1393149e+000  1.1393149e+000
 -1.1396918e+000  1.1396918e+000
 -1.1401519e+000  1.1401519e+000
 -1.1408931e+000  1.1408931e+000
 -1.1416180e+000  1.1416180e+000
 -1.1423067e+000  1.1423067e+000
 -1.1429002e+000  1.1429002e+000
 -1.1433715e+000  1.1433715e+000
 -1.1439402e+000  1.1439402e+000
 -1.1446145e+000  1.1446145e+000
 -1.1453226e+000  1.1453226e+000
 -1.1460570e+000  1.1460570e+000
 -1.1467757e+000  1.1467757e+000
 -1.1474858e+000  1.1474858e+000
 -1.1480671e+000  1.1480671e+000
 -1.1486366e+000  1.1486366e+000
 -1.1493147e+000  1.1493147e+000
 -1.1500177e+000  1.1500177e+000
 -1.1506911e+000  1.1506911e+000
 -1.1513611e+000  1.1513611e+000
 -1.1521525e+000  1.1521525e+000
 -1.1529332e+000  1.1529332e+000
 -1.1535239e+000  1.1535239e+000
 -1.1541151e+000  1.1541151e+000
 -1.1546577e+000  1.1546577e+000
 -1.1552792e+000  1.1552792e+000
 -1.1561634e+000  1.1561634e+000
 -1.1569868e+000  1.1569868e+000
 -1.1576774e+000  1.1576774e+000
 -1.1583565e+000  1.1583565e+000
 -1.1590185e+000  1.1590185e+000
 -1.1597419e+000  1.1597419e+000
 -1.1605140e+000  1.1605140e+000
 -1.1610605e+000  1.1610605e+000
 -1.1614333e+000  1.1614333e+000
 -1.1622191e+000  1.1622191e+000
 -1.1632287e+000  1.1632287e+000
 -1.1639072e+000  1.1639072e+000
 -1.1644644e+000  1.1644644e+000
 -1.1651895e+000  1.1651895e+000
 -1.1659435e+000  1.1659435e+000
 -1.1665949e+000  1.1665949e+000
 -1.1672346e+000  1.1672346e+000
 -1.1682240e+000  1.1682240e+000
 -1.1691894e+000  1.1691894e+000
 -1.1697318e+000  1.1697318e+000
 -1.1703138e+000  1.1703138e+000
 -1.1711423e+000  1.1711423e+000
 -1.1719576e+000  1.1719576e+000
 -1.1727298e+000  1.1727298e+000
 -1.1735015e+000  1.1735015e+000
 -1.1742718e+000  1.1742718e+000
 -1.1750607e+000  1.1750607e+000
 -1.1758775e+000  1.1758775e+000
 -1.1766584e+000  1.1766584e+000
 -1.1774280e+000  1.1774280e+000
 -1.1781927e+000  1.1781927e+000
 -1.1789540e+000  1.1789540e+000
 -1.1798386e+000  1.1798386e+000
 -1.1807895e+000  1.1807895e+000
 -1.1814858e+000  1.1814858e+000
 -1.1820903e+000  1.1820903e+000
 -1.1829975e+000  1.1829975e+000
 -1.1839870e+000  1.1839870e+000
 -1.1846537e+000  1.1846537e+000
 -1.1852852e+000  1.1852852e+000
 -1.1860104e+000  1.1860104e+000
 -1.1867411e+000  1.1867411e+000
 -1.1875275e+000  1.1875275e+000
 -1.1883366e+000  1.1883366e+000
 -1.1892715e+000  1.1892715e+000
 -1.1901628e+000  1.1901628e+000
 -1.1907821e+000  1.1907821e+000
 -1.1914878e+000  1.1914878e+000
 -1.1923781e+000  1.1923781e+000
 -1.1933860e+000  1.1933860e+000
 -1.1945680e+000  1.1945680e+000
 -1.1954833e+000  1.1954833e+000
 -1.1961170e+000  1.1961170e+000
 -1.1968658e+000  1.1968658e+000
 -1.1976825e+000  1.1976825e+000
 -1.1985036e+000  1.1985036e+000
 -1.1993269e+000  1.1993269e+000
 -1.2002436e+000  1.2002436e+000
 -1.2011935e+000  1.2011935e+000
 -1.2021845e+000  1.2021845e+000
 -1.2031844e+000  1.2031844e+000
 -1.2040257e+000  1.2040257e+000
 -1.2048467e+000  1.2048467e+000
 -1.2056945e+000  1.2056945e+000
 -1.2065497e+000  1.2065497e+000
 -1.2074951e+000  1.2074951e+000
 -1.2084323e+000  1.2084323e+000
 -1.2093250e+000  1.2093250e+000
 -1.2102093e+000  1.2102093e+000
 -1.2110964e+000  1.2110964e+000
 -1.2119962e+000  1.2119962e+000
 -1.2129223e+000  1.2129223e+000
 -1.2137890e+000  1.2137890e+000
 -1.2145688e+000  1.2145688e+000
 -1.2155039e+000  1.2155039e+000
 -1.2166018e+000  1.2166018e+000
 -1.2175320e+000  1.2175320e+000
 -1.2183665e+000  1.2183665e+000
 -1.2193610e+000  1.2193610e+000
 -1.2204392e+000  1.2204392e+000
 -1.2214083e+000  1.2214083e+000
 -1.2223390e+000  1.2223390e+000
 -1.2232785e+000  1.2232785e+000
 -1.2242200e+000  1.2242200e+000
 -1.2250633e+000  1.2250633e+000
 -1.2259214e+000  1.2259214e+000
 -1.2271461e+000  1.2271461e+000
 -1.2283511e+000  1.2283511e+000
 -1.2292601e+000  1.2292601e+000
 -1.2301625e+000  1.2301625e+000
 -1.2310292e+000  1.2310292e+000
 -1.2319754e+000  1.2319754e+000
 -1.2331729e+000  1.2331729e+000
 -1.2343495e+000  1.2343495e+000
 -1.2353742e+000  1.2353742e+000
 -1.2364215e+000  1.2364215e+000
 -1.2375020e+000  1.2375020e+000
 -1.2384625e+000  1.2384625e+000
 -1.2392992e+000  1.2392992e+000
 -1.2403931e+000  1.2403931e+000
 -1.2416778e+000  1.2416778e+000
 -1.2426545e+000  1.2426545e+000
 -1.2434550e+000  1.2434550e+000
 -1.2445284e+000  1.2445284e+000
 -1.2456968e+000  1.2456968e+000
 -1.2466890e+000  1.2466890e+000
 -1.2476439e+000  1.2476439e+000
 -1.2488588e+000  1.2488588e+000
 -1.2500999e+000  1.2500999e+000
 -1.2509619e+000  1.2509619e+000
 -1.2518451e+000  1.2518451e+000
 -1.2530234e+000  1.2530234e+000
 -1.2541753e+000  1.2541753e+000
 -1.2551867e+000  1.2551867e+000
 -1.2562285e+000  1.2562285e+000
 -1.2573652e+000  1.2573652e+000
 -1.2585739e+000  1.2585739e+000
 -1.2599939e+000  1.2599939e+000
 -1.2612745e+000  1.2612745e+000
 -1.2623545e+000  1.2623545e+000
 -1.2634985e+000  1.2634985e+000
 -1.2647078e+000  1.2647078e+000
 -1.2659269e+000  1.2659269e+000
 -1.2671532e+000  1.2671532e+000
 -1.2684395e+000  1.2684395e+000
 -1.2697851e+000  1.2697851e+000
 -1.2710408e+000  1.2710408e+000
 -1.2722657e+000  1.2722657e+000
 -1.2733768e+000  1.2733768e+000
 -1.2744641e+000  1.2744641e+000
 -1.2759128e+000  1.2759128e+000
 -1.2773970e+000  1.2773970e+000
 -1.2785884e+000  1.2785884e+000
 -1.2798540e+000  1.2798540e+000
 -1.2813613e+000  1.2813613e+000
 -1.2827798e+000  1.2827798e+000
 -1.2837370e+000  1.2837370e+000
 -1.2848215e+000  1.2848215e+000
 -1.2862977e+000  1.2862977e+000
 -1.2876853e+000  1.2876853e+000
 -1.2888913e+000  1.2888913e+000
 -1.2900822e+000  1.2900822e+000
 -1.2912115e+000  1.2912115e+000
 -1.2923781e+000  1.2923781e+000
 -1.2935827e+000  1.2935827e+000
 -1.2948407e+000  1.2948407e+000
 -1.2961371e+000  1.2961371e+000
 -1.2975110e+000  1.2975110e+000
 -1.2989246e+000  1.2989246e+000
 -1.3004265e+000  1.3004265e+000
 -1.3019375e+000  1.3019375e+000
 -1.3034927e+000  1.3034927e+000
 -1.3050575e+000  1.3050575e+000
 -1.3063169e+000  1.3063169e+000
 -1.3075475e+000  1.3075475e+000
 -1.3093520e+000  1.3093520e+000
 -1.3111215e+000  1.3111215e+000
 -1.3125215e+000  1.3125215e+000
 -1.3139015e+000  1.3139015e+000
 -1.3151797e+000  1.3151797e+000
 -1.3164791e+000  1.3164791e+000
 -1.3178432e+000  1.3178432e+000
 -1.3192688e+000  1.3192688e+000
 -1.3208182e+000  1.3208182e+000
 -1.3223234e+000  1.3223234e+000
 -1.3238276e+000  1.3238276e+000
 -1.3253809e+000  1.3253809e+000
 -1.3269837e+000  1.3269837e+000
 -1.3285375e+000  1.3285375e+000
 -1.3300562e+000  1.3300562e+000
 -1.3314915e+000  1.3314915e+000
 -1.3328850e+000  1.3328850e+000
 -1.3344557e+000  1.3344557e+000
 -1.3361487e+000  1.3361487e+000
 -1.3379782e+000  1.3379782e+000
 -1.3398360e+000  1.3398360e+000
 -1.3415094e+000  1.3415094e+000
 -1.3431664e+000  1.3431664e+000
 -1.3445985e+000  1.3445985e+000
 -1.3460273e+000  1.3460273e+000
 -1.3474226e+000  1.3474226e+000
 -1.3488493e+000  1.3488493e+000
 -1.3501418e+000  1.3501418e+000
 -1.3516020e+000  1.3516020e+000
 -1.3535649e+000  1.3535649e+000
 -1.3554598e+000  1.3554598e+000
 -1.3572183e+000  1.3572183e+000
 -1.3589783e+000  1.3589783e+000
 -1.3607402e+000  1.3607402e+000
 -1.3625258e+000  1.3625258e+000
 -1.3642653e+000  1.3642653e+000
 -1.3659873e+000  1.3659873e+000
 -1.3676971e+000  1.3676971e+000
 -1.3695381e+000  1.3695381e+000
 -1.3714446e+000  1.3714446e+000
 -1.3730478e+000  1.3730478e+000
 -1.3745506e+000  1.3745506e+000
 -1.3762853e+000  1.3762853e+000
 -1.3780498e+000  1.3780498e+000
 -1.3800936e+000  1.3800936e+000
 -1.3821627e+000  1.3821627e+000
 -1.3842052e+000  1.3842052e+000
 -1.3862186e+000  1.3862186e+000
 -1.3879154e+000  1.3879154e+000
 -1.3896423e+000  1.3896423e+000
 -1.3916074e+000  1.3916074e+000
 -1.3936666e+000  1.3936666e+000
 -1.3960021e+000  1.3960021e+000
 -1.3983215e+000  1.3983215e+000
 -1.4006072e+000  1.4006072e+000
 -1.4029039e+000  1.4029039e+000
 -1.4052151e+000  1.4052151e+000
 -1.4075708e+000  1.4075708e+000
 -1.4100484e+000  1.4100484e+000
 -1.4122243e+000  1.4122243e+000
 -1.4141876e+000  1.4141876e+000
 -1.4158286e+000  1.4158286e+000
 -1.4173108e+000  1.4173108e+000
 -1.4189910e+000  1.4189910e+000
 -1.4207355e+000  1.4207355e+000
 -1.4225307e+000  1.4225307e+000
 -1.4244258e+000  1.4244258e+000
 -1.4263631e+000  1.4263631e+000
 -1.4283033e+000  1.4283033e+000
 -1.4301170e+000  1.4301170e+000
 -1.4319444e+000  1.4319444e+000
 -1.4339141e+000  1.4339141e+000
 -1.4358675e+000  1.4358675e+000
 -1.4377432e+000  1.4377432e+000
 -1.4400267e+000  1.4400267e+000
 -1.4431373e+000  1.4431373e+000
 -1.4459451e+000  1.4459451e+000
 -1.4481575e+000  1.4481575e+000
 -1.4508826e+000  1.4508826e+000
 -1.4543099e+000  1.4543099e+000
 -1.4568362e+000  1.4568362e+000
 -1.4584802e+000  1.4584802e+000
 -1.4600885e+000  1.4600885e+000
 -1.4615888e+000  1.4615888e+000
 -1.4633219e+000  1.4633219e+000
 -1.4651674e+000  1.4651674e+000
 -1.4670506e+000  1.4670506e+000
 -1.4689452e+000  1.4689452e+000
 -1.4708233e+000  1.4708233e+000
 -1.4726974e+000  1.4726974e+000
 -1.4747514e+000  1.4747514e+000
 -1.4768099e+000  1.4768099e+000
 -1.4791425e+000  1.4791425e+000
 -1.4814548e+000  1.4814548e+000
 -1.4835635e+000  1.4835635e+000
 -1.4855780e+000  1.4855780e+000
 -1.4871497e+000  1.4871497e+000
 -1.4887935e+000  1.4887935e+000
 -1.4907800e+000  1.4907800e+000
 -1.4927132e+000  1.4927132e+000
 -1.4945450e+000  1.4945450e+000
 -1.4964345e+000  1.4964345e+000
 -1.4984029e+000  1.4984029e+000
 -1.5005523e+000  1.5005523e+000
 -1.5028772e+000  1.5028772e+000
 -1.5046821e+000  1.5046821e+000
 -1.5063081e+000  1.5063081e+000
 -1.5080666e+000  1.5080666e+000
 -1.5098874e+000  1.5098874e+000
 -1.5114310e+000  1.5114310e+000
 -1.5128845e+000  1.5128845e+000
 -1.5149582e+000  1.5149582e+000
 -1.5171465e+000  1.5171465e+000
 -1.5190056e+000  1.5190056e+000
 -1.5210069e+000  1.5210069e+000
 -1.5230858e+000  1.5230858e+000
 -1.5251502e+000  1.5251502e+000
 -1.5270955e+000  1.5270955e+000
 -1.5289222e+000  1.5289222e+000
 -1.5302070e+000  1.5302070e+000
 -1.5321033e+000  1.5321033e+000
 -1.5357447e+000  1.5357447e+000
 -1.5389656e+000  1.5389656e+000
 -1.5409657e+000  1.5409657e+000
 -1.5429319e+000  1.5429319e+000
 -1.5448534e+000  1.5448534e+000
 -1.5466572e+000  1.5466572e+000
 -1.5483478e+000  1.5483478e+000
 -1.5504096e+000  1.5504096e+000
 -1.5527244e+000  1.5527244e+000
 -1.5549397e+000  1.5549397e+000
 -1.5569929e+000  1.5569929e+000
 -1.5595682e+000  1.5595682e+000
 -1.5623056e+000  1.5623056e+000
 -1.5651364e+000  1.5651364e+000
 -1.5679830e+000  1.5679830e+000
 -1.5703956e+000  1.5703956e+000
 -1.5727768e+000  1.5727768e+000
 -1.5757716e+000  1.5757716e+000
 -1.5787459e+000  1.5787459e+000
 -1.5815453e+000  1.5815453e+000
 -1.5842967e+000  1.5842967e+000
 -1.5868388e+000  1.5868388e+000
 -1.5891868e+000  1.5891868e+000
 -1.5909970e+000  1.5909970e+000
 -1.5928738e+000  1.5928738e+000
 -1.5952162e+000  1.5952162e+000
 -1.5975712e+000  1.5975712e+000
 -1.5999450e+000  1.5999450e+000
 -1.6019195e+000  1.6019195e+000
 -1.6035145e+000  1.6035145e+000
 -1.6053981e+000  1.6053981e+000
 -1.6074748e+000  1.6074748e+000
 -1.6089143e+000  1.6089143e+000
 -1.6104387e+000  1.6104387e+000
 -1.6123428e+000  1.6123428e+000
 -1.6143584e+000  1.6143584e+000
 -1.6161610e+000  1.6161610e+000
 -1.6179183e+000  1.6179183e+000
 -1.6194662e+000  1.6194662e+000
 -1.6209838e+000  1.6209838e+000
 -1.6220713e+000  1.6220713e+000
 -1.6235961e+000  1.6235961e+000
 -1.6250795e+000  1.6250795e+000
 -1.6266067e+000  1.6266067e+000
 -1.6283711e+000  1.6283711e+000
 -1.6301956e+000  1.6301956e+000
 -1.6322058e+000  1.6322058e+000
 -1.6339693e+000  1.6339693e+000
 -1.6352813e+000  1.6352813e+000
 -1.6370197e+000  1.6370197e+000
 -1.6385847e+000  1.6385847e+000
 -1.6402259e+000  1.6402259e+000
 -1.6419376e+000  1.6419376e+000
 -1.6432004e+000  1.6432004e+000
 -1.6441583e+000  1.6441583e+000
 -1.6450276e+000  1.6450276e+000
 -1.6458479e+000  1.6458479e+000
 -1.6472368e+000  1.6472368e+000
 -1.6410000e+000  1.6410000e+000
 -1.6464560e+000  1.6464560e+000
 -1.6519121e+000  1.6519121e+000
 -1.6573681e+000  1.6573681e+000
 -1.6628242e+000  1.6628242e+000
 -1.6682802e+000  1.6682802e+000
 -1.6737363e+000  1.6737363e+000
 -1.6801113e+000  1.6801113e+000
 -1.6864863e+000  1.6864863e+000
 -1.6928613e+000  1.6928613e+000
 -1.6992363e+000  1.6992363e+000
 -1.7056113e+000  1.7056113e+000
 -1.7119863e+000  1.7119863e+000
 -1.7183613e+000  1.7183613e+000
 -1.7247363e+000  1.7247363e+000
 -1.7315810e+000  1.7315810e+000
 -1.7384258e+000  1.7384258e+000
 -1.7452706e+000  1.7452706e+000
 -1.7521154e+000  1.7521154e+000
 -1.7589602e+000  1.7589602e+000
 -1.7658049e+000  1.7658049e+000
 -1.7726497e+000  1.7726497e+000
 -1.7794945e+000  1.7794945e+000
 -1.7870124e+000  1.7870124e+000
 -1.7945302e+000  1.7945302e+000
 -1.8020481e+000  1.8020481e+000
 -1.8095659e+000  1.8095659e+000
 -1.8170838e+000  1.8170838e+000
 -1.8246016e+000  1.8246016e+000
 -1.8321195e+000  1.8321195e+000
 -1.8396374e+000  1.8396374e+000
 -1.8480989e+000  1.8480989e+000
 -1.8565604e+000  1.8565604e+000
 -1.8650220e+000  1.8650220e+000
 -1.8734835e+000  1.8734835e+000
 -1.8819451e+000  1.8819451e+000
 -1.8904066e+000  1.8904066e+000
 -1.8988681e+000  1.8988681e+000
 -1.9073297e+000  1.9073297e+000
 -1.9171030e+000  1.9171030e+000
 -1.9268764e+000  1.9268764e+000
 -1.9366497e+000  1.9366497e+000
 -1.9464231e+000  1.9464231e+000
 -1.9561964e+000  1.9561964e+000
 -1.9659698e+000  1.9659698e+000
 -1.9757431e+000  1.9757431e+000
 -1.9855165e+000  1.9855165e+000
 -1.9962816e+000  1.9962816e+000
 -2.0000000e+000  2.0000000e+000
 -2.0000000e+000  2.0000000e+000
 -2.0000000e+000  2.0000000e+000
 -2.0000000e+000  2.0000000e+000
 -2.0000000e+000  2.0000000e+000
 -2.0000000e+000  2.0000000e+000
 -2.0000000e+000  2.0000000e+000
 -2.0000000e+000  2.0000000e+000
 -2.0000000e+000  2.0000000e+000
 -2.0000000e+000  2.0000000e+000
 -2.0000000e+000  2.0000000e+000
 -2.0000000e+000  2.0000000e+000
 -2.0000000e+000  2.0000000e+000
 -2.0000000e+000  2.0000000e+000
 -2.0000000e+000  2.0000000e+000
 -2.0000000e+000  2.0000000e+000
 -2.0000000e+000  2.0000000e+000
 -2.0000000e+000  2.0000000e+000
 -2.0000000e+000  2.0000000e+000
 -2.0000000e+000  2.0000000e+000
 -2.0000000e+000  2.0000000e+000
 -2.0000000e+000  2.0000000e+000
 -2.0000000e+000  2.0000000e+000
 -2.0000000e+000  2.0000000e+000
 -2.0000000e+000  2.0000000e+000
 -2.0000000e+000  2.0000000e+000
 -2.0000000e+000  2.0000000e+000
 -2.0000000e+000  2.0000000e+000
 -2.0000000e+000  2.0000000e+000
 -2.0000000e+000  2.0000000e+000
 -2.0000000e+000  2.0000000e+000
 -2.0000000e+000  2.0000000e+000
 -2.0000000e+000  2.0000000e+000
 -2.0000000e+000  2.0000000e+000
 -2.0000000e+000  2.0000000e+000
 -2.0000000e+000  2.0000000e+000
 -2.0000000e+000  2.0000000e+000
 -2.0000000e+000  2.0000000e+000
 -2.0000000e+000  2.0000000e+000
