 -0.0000000e+000  0.0000000e+000
 -0.0000000e+000  0.0000000e+000
 -0.0000000e+000  0.0000000e+000
 -0.0000000e+000  0.0000000e+000
 -0.0000000e+000  0.0000000e+000
 -0.0000000e+000  0.0000000e+000
 -0.0000000e+000  0.0000000e+000
 -0.0000000e+000  0.0000000e+000
 -0.0000000e+000  0.0000000e+000
 -0.0000000e+000  0.0000000e+000
 -0.0000000e+000  0.0000000e+000
 -0.0000000e+000  0.0000000e+000
 -0.0000000e+000  0.0000000e+000
 -0.0000000e+000  0.0000000e+000
 -0.0000000e+000  0.0000000e+000
 -0.0000000e+000  0.0000000e+000
 -0.0000000e+000  0.0000000e+000
 -0.0000000e+000  0.0000000e+000
 -0.0000000e+000  0.0000000e+000
 -0.0000000e+000  0.0000000e+000
 -0.0000000e+000  0.0000000e+000
 -0.0000000e+000  0.0000000e+000
 -0.0000000e+000  0.0000000e+000
 -0.0000000e+000  0.0000000e+000
 -0.0000000e+000  0.0000000e+000
 -0.0000000e+000  0.0000000e+000
 -0.0000000e+000  0.0000000e+000
 -0.0000000e+000  0.0000000e+000
 -0.0000000e+000  0.0000000e+000
 -0.0000000e+000  0.0000000e+000
 -0.0000000e+000  0.0000000e+000
 -0.0000000e+000  0.0000000e+000
 -0.0000000e+000  0.0000000e+000
 -0.0000000e+000  0.0000000e+000
 -0.0000000e+000  0.0000000e+000
 -0.0000000e+000  0.0000000e+000
 -0.0000000e+000  0.0000000e+000
 -0.0000000e+000  0.0000000e+000
 -0.0000000e+000  0.0000000e+000
 -0.0000000e+000  0.0000000e+000
 -0.0000000e+000  0.0000000e+000
 -0.0000000e+000  0.0000000e+000
 -0.0000000e+000  0.0000000e+000
 -0.0000000e+000  0.0000000e+000
 -0.0000000e+000  0.0000000e+000
 -0.0000000e+000  0.0000000e+000
 -0.0000000e+000  0.0000000e+000
 -0.0000000e+000  0.0000000e+000
 -0.0000000e+000  0.0000000e+000
 -0.0000000e+000  0.0000000e+000
 -0.0000000e+000  0.0000000e+000
 -0.0000000e+000  0.0000000e+000
 -0.0000000e+000  0.0000000e+000
 -0.0000000e+000  0.0000000e+000
 -0.0000000e+000  0.0000000e+000
 -0.0000000e+000  0.0000000e+000
 -0.0000000e+000  0.0000000e+000
 -0.0000000e+000  0.0000000e+000
 -0.0000000e+000  0.0000000e+000
 -0.0000000e+000  0.0000000e+000
 -0.0000000e+000  0.0000000e+000
 -0.0000000e+000  0.0000000e+000
 -0.0000000e+000  0.0000000e+000
 -0.0000000e+000  0.0000000e+000
 -0.0000000e+000  0.0000000e+000
 -0.0000000e+000  0.0000000e+000
 -0.0000000e+000  0.0000000e+000
 -0.0000000e+000  0.0000000e+000
 -0.0000000e+000  0.0000000e+000
 -0.0000000e+000  0.0000000e+000
 -0.0000000e+000  0.0000000e+000
 -0.0000000e+000  0.0000000e+000
 -0.0000000e+000  0.0000000e+000
 -0.0000000e+000  0.0000000e+000
 -0.0000000e+000  0.0000000e+000
 -0.0000000e+000  0.0000000e+000
 -0.0000000e+000  0.0000000e+000
 -0.0000000e+000  0.0000000e+000
 -0.0000000e+000  0.0000000e+000
 -0.0000000e+000  0.0000000e+000
 -0.0000000e+000  0.0000000e+000
 -0.0000000e+000  0.0000000e+000
 -0.0000000e+000  0.0000000e+000
 -0.0000000e+000  0.0000000e+000
 -0.0000000e+000  0.0000000e+000
 -0.0000000e+000  0.0000000e+000
 -0.0000000e+000  0.0000000e+000
 -0.0000000e+000  0.0000000e+000
 -0.0000000e+000  0.0000000e+000
 -0.0000000e+000  0.0000000e+000
 -0.0000000e+000  0.0000000e+000
 -2.9713971e-005  2.9713971e-005
 -6.1457414e-005  6.1457414e-005
 -5.9727130e-005  5.9727130e-005
 -6.3486169e-005  6.3486169e-005
 -1.2052310e-004  1.2052310e-004
 -1.6577423e-004  1.6577423e-004
 -1.5620476e-004  1.5620476e-004
 -1.4794025e-004  1.4794025e-004
 -1.4338049e-004  1.4338049e-004
 -1.4686558e-004  1.4686558e-004
 -1.6569034e-004  1.6569034e-004
 -2.0826480e-004  2.0826480e-004
 -2.8263617e-004  2.8263617e-004
 -3.1111685e-004  3.1111685e-004
 -2.9570061e-004  2.9570061e-004
 -2.4972540e-004  2.4972540e-004
 -1.8291857e-004  1.8291857e-004
 -1.8603587e-004  1.8603587e-004
 -2.2233453e-004  2.2233453e-004
 -2.7476975e-004  2.7476975e-004
 -3.3225280e-004  3.3225280e-004
 -3.3509191e-004  3.3509191e-004
 -3.2792735e-004  3.2792735e-004
 -2.5531707e-004  2.5531707e-004
 -1.7898320e-004  1.7898320e-004
 -2.0621369e-004  2.0621369e-004
 -2.3226878e-004  2.3226878e-004
 -2.4723954e-004  2.4723954e-004
 -2.7792882e-004  2.7792882e-004
 -3.8050989e-004  3.8050989e-004
 -4.4576642e-004  4.4576642e-004
 -4.0640373e-004  4.0640373e-004
 -3.7332408e-004  3.7332408e-004
 -3.5209470e-004  3.5209470e-004
 -3.5345733e-004  3.5345733e-004
 -3.8476372e-004  3.8476372e-004
 -3.9286420e-004  3.9286420e-004
 -3.7898508e-004  3.7898508e-004
 -4.0891778e-004  4.0891778e-004
 -4.6841192e-004  4.6841192e-004
 -4.2192986e-004  4.2192986e-004
 -3.2572496e-004  3.2572496e-004
 -3.0691576e-004  3.0691576e-004
 -3.1198939e-004  3.1198939e-004
 -3.3081150e-004  3.3081150e-004
 -3.5210321e-004  3.5210321e-004
 -3.8057643e-004  3.8057643e-004
 -4.1030332e-004  4.1030332e-004
 -4.8818800e-004  4.8818800e-004
 -5.5687315e-004  5.5687315e-004
 -5.4121186e-004  5.4121186e-004
 -5.5666844e-004  5.5666844e-004
 -7.1209602e-004  7.1209602e-004
 -8.4898526e-004  8.4898526e-004
 -9.3456764e-004  9.3456764e-004
 -9.6692715e-004  9.6692715e-004
 -8.9999063e-004  8.9999063e-004
 -8.9827940e-004  8.9827940e-004
 -9.8215344e-004  9.8215344e-004
 -1.0506614e-003  1.0506614e-003
 -1.1047585e-003  1.1047585e-003
 -1.2493214e-003  1.2493214e-003
 -1.4543015e-003  1.4543015e-003
 -1.4827318e-003  1.4827318e-003
 -1.4292636e-003  1.4292636e-003
 -1.4057982e-003  1.4057982e-003
 -1.3914647e-003  1.3914647e-003
 -1.3638183e-003  1.3638183e-003
 -1.3338261e-003  1.3338261e-003
 -1.2792721e-003  1.2792721e-003
 -1.2246165e-003  1.2246165e-003
 -1.2633658e-003  1.2633658e-003
 -1.2992536e-003  1.2992536e-003
 -1.3096179e-003  1.3096179e-003
 -1.2975977e-003  1.2975977e-003
 -1.1865367e-003  1.1865367e-003
 -1.1230970e-003  1.1230970e-003
 -1.1898020e-003  1.1898020e-003
 -1.2593690e-003  1.2593690e-003
 -1.3342179e-003  1.3342179e-003
 -1.4453886e-003  1.4453886e-003
 -1.6037426e-003  1.6037426e-003
 -1.6999394e-003  1.6999394e-003
 -1.7384156e-003  1.7384156e-003
 -1.6976948e-003  1.6976948e-003
 -1.6046238e-003  1.6046238e-003
 -1.6211185e-003  1.6211185e-003
 -1.6878616e-003  1.6878616e-003
 -1.7257255e-003  1.7257255e-003
 -1.7549204e-003  1.7549204e-003
 -1.8106631e-003  1.8106631e-003
 -1.8709932e-003  1.8709932e-003
 -1.8409198e-003  1.8409198e-003
 -1.8047735e-003  1.8047735e-003
 -1.7729993e-003  1.7729993e-003
 -1.7425882e-003  1.7425882e-003
 -1.7240122e-003  1.7240122e-003
 -1.7151699e-003  1.7151699e-003
 -1.7486975e-003  1.7486975e-003
 -1.7736668e-003  1.7736668e-003
 -1.7755387e-003  1.7755387e-003
 -1.7838909e-003  1.7838909e-003
 -1.8040743e-003  1.8040743e-003
 -1.8352462e-003  1.8352462e-003
 -1.8805499e-003  1.8805499e-003
 -1.8692850e-003  1.8692850e-003
 -1.8060057e-003  1.8060057e-003
 -1.7299151e-003  1.7299151e-003
 -1.6454429e-003  1.6454429e-003
 -1.5938252e-003  1.5938252e-003
 -1.5571032e-003  1.5571032e-003
 -1.5163214e-003  1.5163214e-003
 -1.4743378e-003  1.4743378e-003
 -1.4964175e-003  1.4964175e-003
 -1.5293506e-003  1.5293506e-003
 -1.4535492e-003  1.4535492e-003
 -1.3705493e-003  1.3705493e-003
 -1.2834268e-003  1.2834268e-003
 -1.1965039e-003  1.1965039e-003
 -1.1112699e-003  1.1112699e-003
 -1.0276741e-003  1.0276741e-003
 -9.5109484e-004  9.5109484e-004
 -8.5898937e-004  8.5898937e-004
 -7.2550048e-004  7.2550048e-004
 -6.4058504e-004  6.4058504e-004
 -6.4340023e-004  6.4340023e-004
 -6.1632693e-004  6.1632693e-004
 -5.5119829e-004  5.5119829e-004
 -4.8065635e-004  4.8065635e-004
 -4.0518592e-004  4.0518592e-004
 -3.4963747e-004  3.4963747e-004
 -3.0698862e-004  3.0698862e-004
 -2.6004792e-004  2.6004792e-004
 -2.1118365e-004  2.1118365e-004
 -2.2977123e-004  2.2977123e-004
 -2.6804779e-004  2.6804779e-004
 -3.0366282e-004  3.0366282e-004
 -3.3883589e-004  3.3883589e-004
 -1.2186608e-004  1.2186608e-004
  1.0819368e-004 -1.0819368e-004
  2.3226309e-004 -2.3226309e-004
  3.5590667e-004 -3.5590667e-004
  4.7604089e-004 -4.7604089e-004
  6.0509255e-004 -6.0509255e-004
  7.7173225e-004 -7.7173225e-004
  8.9833357e-004 -8.9833357e-004
  9.1953212e-004 -9.1953212e-004
  9.7190350e-004 -9.7190350e-004
  1.0799760e-003 -1.0799760e-003
  1.1505982e-003 -1.1505982e-003
  1.1740118e-003 -1.1740118e-003
  1.2623105e-003 -1.2623105e-003
  1.4091018e-003 -1.4091018e-003
  1.5623622e-003 -1.5623622e-003
  1.7197683e-003 -1.7197683e-003
  1.7188586e-003 -1.7188586e-003
  1.6478095e-003 -1.6478095e-003
  1.7276855e-003 -1.7276855e-003
  1.8509966e-003 -1.8509966e-003
  1.8687274e-003 -1.8687274e-003
  1.8692795e-003 -1.8692795e-003
  1.9835798e-003 -1.9835798e-003
  2.1055730e-003 -2.1055730e-003
  2.2596149e-003 -2.2596149e-003
  2.4241279e-003 -2.4241279e-003
  2.6741664e-003 -2.6741664e-003
  2.9146825e-003 -2.9146825e-003
  3.1156916e-003 -3.1156916e-003
  3.2920341e-003 -3.2920341e-003
  3.4042369e-003 -3.4042369e-003
  3.5594983e-003 -3.5594983e-003
  3.7908796e-003 -3.7908796e-003
  4.1038792e-003 -4.1038792e-003
  4.5275372e-003 -4.5275372e-003
  4.8097896e-003 -4.8097896e-003
  4.9658233e-003 -4.9658233e-003
  5.1373144e-003 -5.1373144e-003
  5.3186088e-003 -5.3186088e-003
  5.4260963e-003 -5.4260963e-003
  5.5012627e-003 -5.5012627e-003
  5.5750207e-003 -5.5750207e-003
  5.6706014e-003 -5.6706014e-003
  5.7903863e-003 -5.7903863e-003
  5.9140289e-003 -5.9140289e-003
  5.9955223e-003 -5.9955223e-003
  6.0752631e-003 -6.0752631e-003
  6.1763103e-003 -6.1763103e-003
  6.3000515e-003 -6.3000515e-003
  6.6016708e-003 -6.6016708e-003
  6.8735414e-003 -6.8735414e-003
  6.9170757e-003 -6.9170757e-003
  7.0437043e-003 -7.0437043e-003
  7.3837665e-003 -7.3837665e-003
  7.6628364e-003 -7.6628364e-003
  7.8352279e-003 -7.8352279e-003
  8.0036650e-003 -8.0036650e-003
  8.1672159e-003 -8.1672159e-003
  8.2785351e-003 -8.2785351e-003
  8.3234378e-003 -8.3234378e-003
  8.4178645e-003 -8.4178645e-003
  8.5433754e-003 -8.5433754e-003
  8.6921840e-003 -8.6921840e-003
  8.8510767e-003 -8.8510767e-003
  8.9774694e-003 -8.9774694e-003
  9.0947732e-003 -9.0947732e-003
  9.3270000e-003 -9.3270000e-003
  9.5748873e-003 -9.5748873e-003
  9.5988116e-003 -9.5988116e-003
  9.6127653e-003 -9.6127653e-003
  9.6925355e-003 -9.6925355e-003
  9.7801818e-003 -9.7801818e-003
  9.9280759e-003 -9.9280759e-003
  1.0069124e-002 -1.0069124e-002
  1.0192130e-002 -1.0192130e-002
  1.0327485e-002 -1.0327485e-002
  1.0494175e-002 -1.0494175e-002
  1.0667182e-002 -1.0667182e-002
  1.0851121e-002 -1.0851121e-002
  1.0963112e-002 -1.0963112e-002
  1.0987084e-002 -1.0987084e-002
  1.1057680e-002 -1.1057680e-002
  1.1179956e-002 -1.1179956e-002
  1.1349890e-002 -1.1349890e-002
  1.1549425e-002 -1.1549425e-002
  1.1693520e-002 -1.1693520e-002
  1.1813898e-002 -1.1813898e-002
  1.1934466e-002 -1.1934466e-002
  1.2055085e-002 -1.2055085e-002
  1.2292978e-002 -1.2292978e-002
  1.2548095e-002 -1.2548095e-002
  1.2759027e-002 -1.2759027e-002
  1.2960582e-002 -1.2960582e-002
  1.2963666e-002 -1.2963666e-002
  1.2969866e-002 -1.2969866e-002
  1.2999337e-002 -1.2999337e-002
  1.3048626e-002 -1.3048626e-002
  1.3176387e-002 -1.3176387e-002
  1.3299956e-002 -1.3299956e-002
  1.3424041e-002 -1.3424041e-002
  1.3579912e-002 -1.3579912e-002
  1.3790209e-002 -1.3790209e-002
  1.3936519e-002 -1.3936519e-002
  1.4005326e-002 -1.4005326e-002
  1.4093595e-002 -1.4093595e-002
  1.4198727e-002 -1.4198727e-002
  1.4336284e-002 -1.4336284e-002
  1.4498752e-002 -1.4498752e-002
  1.4657992e-002 -1.4657992e-002
  1.4815868e-002 -1.4815868e-002
  1.4998601e-002 -1.4998601e-002
  1.5188086e-002 -1.5188086e-002
  1.5278191e-002 -1.5278191e-002
  1.5353437e-002 -1.5353437e-002
  1.5378150e-002 -1.5378150e-002
  1.5402566e-002 -1.5402566e-002
  1.5468715e-002 -1.5468715e-002
  1.5543052e-002 -1.5543052e-002
  1.5677119e-002 -1.5677119e-002
  1.5789483e-002 -1.5789483e-002
  1.5817204e-002 -1.5817204e-002
  1.5870596e-002 -1.5870596e-002
  1.5976689e-002 -1.5976689e-002
  1.6105033e-002 -1.6105033e-002
  1.6271075e-002 -1.6271075e-002
  1.6369740e-002 -1.6369740e-002
  1.6387604e-002 -1.6387604e-002
  1.6474166e-002 -1.6474166e-002
  1.6619663e-002 -1.6619663e-002
  1.6740664e-002 -1.6740664e-002
  1.6835654e-002 -1.6835654e-002
  1.6923396e-002 -1.6923396e-002
  1.7008110e-002 -1.7008110e-002
  1.7099504e-002 -1.7099504e-002
  1.7192686e-002 -1.7192686e-002
  1.7244988e-002 -1.7244988e-002
  1.7291311e-002 -1.7291311e-002
  1.7398462e-002 -1.7398462e-002
  1.7490908e-002 -1.7490908e-002
  1.7388283e-002 -1.7388283e-002
  1.7309906e-002 -1.7309906e-002
  1.7404399e-002 -1.7404399e-002
  1.7501392e-002 -1.7501392e-002
  1.7607990e-002 -1.7607990e-002
  1.7664650e-002 -1.7664650e-002
  1.7599104e-002 -1.7599104e-002
  1.7569280e-002 -1.7569280e-002
  1.7618745e-002 -1.7618745e-002
  1.7667782e-002 -1.7667782e-002
  1.7716309e-002 -1.7716309e-002
  1.7784018e-002 -1.7784018e-002
  1.7868020e-002 -1.7868020e-002
  1.7937170e-002 -1.7937170e-002
  1.7997381e-002 -1.7997381e-002
  1.8075905e-002 -1.8075905e-002
  1.8166768e-002 -1.8166768e-002
  1.8203428e-002 -1.8203428e-002
  1.8225795e-002 -1.8225795e-002
  1.8297376e-002 -1.8297376e-002
  1.8375996e-002 -1.8375996e-002
  1.8444896e-002 -1.8444896e-002
  1.8511423e-002 -1.8511423e-002
  1.8521779e-002 -1.8521779e-002
  1.8545438e-002 -1.8545438e-002
  1.8661805e-002 -1.8661805e-002
  1.8774171e-002 -1.8774171e-002
  1.8871399e-002 -1.8871399e-002
  1.8959395e-002 -1.8959395e-002
  1.9025064e-002 -1.9025064e-002
  1.9117808e-002 -1.9117808e-002
  1.9245974e-002 -1.9245974e-002
  1.9380182e-002 -1.9380182e-002
  1.9521490e-002 -1.9521490e-002
  1.9689615e-002 -1.9689615e-002
  1.9880290e-002 -1.9880290e-002
  1.9971191e-002 -1.9971191e-002
  2.0002665e-002 -2.0002665e-002
  2.0086749e-002 -2.0086749e-002
  2.0182573e-002 -2.0182573e-002
  2.0236644e-002 -2.0236644e-002
  2.0279869e-002 -2.0279869e-002
  2.0426403e-002 -2.0426403e-002
  2.0587381e-002 -2.0587381e-002
  2.0667030e-002 -2.0667030e-002
  2.0741251e-002 -2.0741251e-002
  2.0769933e-002 -2.0769933e-002
  2.0797758e-002 -2.0797758e-002
  2.0897048e-002 -2.0897048e-002
  2.0990691e-002 -2.0990691e-002
  2.1063273e-002 -2.1063273e-002
  2.1129959e-002 -2.1129959e-002
  2.1182557e-002 -2.1182557e-002
  2.1224337e-002 -2.1224337e-002
  2.1248360e-002 -2.1248360e-002
  2.1262421e-002 -2.1262421e-002
  2.1275665e-002 -2.1275665e-002
  2.1232475e-002 -2.1232475e-002
  2.1142293e-002 -2.1142293e-002
  2.1156684e-002 -2.1156684e-002
  2.1232708e-002 -2.1232708e-002
  2.1244734e-002 -2.1244734e-002
  2.1230964e-002 -2.1230964e-002
  2.1225638e-002 -2.1225638e-002
  2.1225139e-002 -2.1225139e-002
  2.1314858e-002 -2.1314858e-002
  2.1416902e-002 -2.1416902e-002
  2.1455247e-002 -2.1455247e-002
  2.1490302e-002 -2.1490302e-002
  2.1507753e-002 -2.1507753e-002
  2.1523752e-002 -2.1523752e-002
  2.1521041e-002 -2.1521041e-002
  2.1510371e-002 -2.1510371e-002
  2.1470464e-002 -2.1470464e-002
  2.1458461e-002 -2.1458461e-002
  2.1512349e-002 -2.1512349e-002
  2.1564102e-002 -2.1564102e-002
  2.1612384e-002 -2.1612384e-002
  2.1683878e-002 -2.1683878e-002
  2.1772171e-002 -2.1772171e-002
  2.1786721e-002 -2.1786721e-002
  2.1740475e-002 -2.1740475e-002
  2.1780950e-002 -2.1780950e-002
  2.1871996e-002 -2.1871996e-002
  2.1898436e-002 -2.1898436e-002
  2.1899148e-002 -2.1899148e-002
  2.1888473e-002 -2.1888473e-002
  2.1866365e-002 -2.1866365e-002
  2.1847625e-002 -2.1847625e-002
  2.1829335e-002 -2.1829335e-002
  2.1898409e-002 -2.1898409e-002
  2.1963472e-002 -2.1963472e-002
  2.1891668e-002 -2.1891668e-002
  2.1829365e-002 -2.1829365e-002
  2.1829054e-002 -2.1829054e-002
  2.1823198e-002 -2.1823198e-002
  2.1830792e-002 -2.1830792e-002
  2.1841935e-002 -2.1841935e-002
  2.1861362e-002 -2.1861362e-002
  2.1858829e-002 -2.1858829e-002
  2.1820993e-002 -2.1820993e-002
  2.1767289e-002 -2.1767289e-002
  2.1695479e-002 -2.1695479e-002
  2.1630033e-002 -2.1630033e-002
  2.1575641e-002 -2.1575641e-002
  2.1597393e-002 -2.1597393e-002
  2.1663080e-002 -2.1663080e-002
  2.1699891e-002 -2.1699891e-002
  2.1725343e-002 -2.1725343e-002
  2.1804972e-002 -2.1804972e-002
  2.1898043e-002 -2.1898043e-002
  2.1930119e-002 -2.1930119e-002
  2.1955665e-002 -2.1955665e-002
  2.1882888e-002 -2.1882888e-002
  2.1810943e-002 -2.1810943e-002
  2.1813177e-002 -2.1813177e-002
  2.1814573e-002 -2.1814573e-002
  2.1810616e-002 -2.1810616e-002
  2.1809109e-002 -2.1809109e-002
  2.1808701e-002 -2.1808701e-002
  2.1808274e-002 -2.1808274e-002
  2.1807802e-002 -2.1807802e-002
  2.1815536e-002 -2.1815536e-002
  2.1836325e-002 -2.1836325e-002
  2.1794040e-002 -2.1794040e-002
  2.1680486e-002 -2.1680486e-002
  2.1609565e-002 -2.1609565e-002
  2.1564071e-002 -2.1564071e-002
  2.1538768e-002 -2.1538768e-002
  2.1524990e-002 -2.1524990e-002
  2.1430097e-002 -2.1430097e-002
  2.1303678e-002 -2.1303678e-002
  2.1249401e-002 -2.1249401e-002
  2.1212750e-002 -2.1212750e-002
  2.1192838e-002 -2.1192838e-002
  2.1167185e-002 -2.1167185e-002
  2.1053502e-002 -2.1053502e-002
  2.0943070e-002 -2.0943070e-002
  2.0935512e-002 -2.0935512e-002
  2.0917857e-002 -2.0917857e-002
  2.0837032e-002 -2.0837032e-002
  2.0766800e-002 -2.0766800e-002
  2.0733825e-002 -2.0733825e-002
  2.0688848e-002 -2.0688848e-002
  2.0631815e-002 -2.0631815e-002
  2.0599141e-002 -2.0599141e-002
  2.0604820e-002 -2.0604820e-002
  2.0571888e-002 -2.0571888e-002
  2.0495760e-002 -2.0495760e-002
  2.0422318e-002 -2.0422318e-002
  2.0351024e-002 -2.0351024e-002
  2.0292142e-002 -2.0292142e-002
  2.0245893e-002 -2.0245893e-002
  2.0207303e-002 -2.0207303e-002
  2.0171654e-002 -2.0171654e-002
  2.0119707e-002 -2.0119707e-002
  2.0063841e-002 -2.0063841e-002
  2.0086913e-002 -2.0086913e-002
  2.0119775e-002 -2.0119775e-002
  1.9986457e-002 -1.9986457e-002
  1.9852042e-002 -1.9852042e-002
  1.9772458e-002 -1.9772458e-002
  1.9699037e-002 -1.9699037e-002
  1.9663378e-002 -1.9663378e-002
  1.9624463e-002 -1.9624463e-002
  1.9574254e-002 -1.9574254e-002
  1.9538601e-002 -1.9538601e-002
  1.9527648e-002 -1.9527648e-002
  1.9502533e-002 -1.9502533e-002
  1.9455353e-002 -1.9455353e-002
  1.9405597e-002 -1.9405597e-002
  1.9352988e-002 -1.9352988e-002
  1.9314775e-002 -1.9314775e-002
  1.9287965e-002 -1.9287965e-002
  1.9237795e-002 -1.9237795e-002
  1.9166238e-002 -1.9166238e-002
  1.9122085e-002 -1.9122085e-002
  1.9088325e-002 -1.9088325e-002
  1.9010346e-002 -1.9010346e-002
  1.8921899e-002 -1.8921899e-002
  1.8862404e-002 -1.8862404e-002
  1.8806408e-002 -1.8806408e-002
  1.8772749e-002 -1.8772749e-002
  1.8730062e-002 -1.8730062e-002
  1.8645438e-002 -1.8645438e-002
  1.8559146e-002 -1.8559146e-002
  1.8462846e-002 -1.8462846e-002
  1.8381051e-002 -1.8381051e-002
  1.8348852e-002 -1.8348852e-002
  1.8313580e-002 -1.8313580e-002
  1.8271463e-002 -1.8271463e-002
  1.8201146e-002 -1.8201146e-002
  1.8098410e-002 -1.8098410e-002
  1.8022662e-002 -1.8022662e-002
  1.7976516e-002 -1.7976516e-002
  1.7929065e-002 -1.7929065e-002
  1.7880589e-002 -1.7880589e-002
  1.7804937e-002 -1.7804937e-002
  1.7714260e-002 -1.7714260e-002
  1.7675072e-002 -1.7675072e-002
  1.7658114e-002 -1.7658114e-002
  1.7618250e-002 -1.7618250e-002
  1.7573050e-002 -1.7573050e-002
  1.7512632e-002 -1.7512632e-002
  1.7450422e-002 -1.7450422e-002
  1.7350963e-002 -1.7350963e-002
  1.7248999e-002 -1.7248999e-002
  1.7115337e-002 -1.7115337e-002
  1.6976874e-002 -1.6976874e-002
  1.6810147e-002 -1.6810147e-002
  1.6663672e-002 -1.6663672e-002
  1.6585478e-002 -1.6585478e-002
  1.6514417e-002 -1.6514417e-002
  1.6459067e-002 -1.6459067e-002
  1.6382976e-002 -1.6382976e-002
  1.6265969e-002 -1.6265969e-002
  1.6118280e-002 -1.6118280e-002
  1.5937266e-002 -1.5937266e-002
  1.5799156e-002 -1.5799156e-002
  1.5694359e-002 -1.5694359e-002
  1.5571834e-002 -1.5571834e-002
  1.5439614e-002 -1.5439614e-002
  1.5357303e-002 -1.5357303e-002
  1.5288592e-002 -1.5288592e-002
  1.5217392e-002 -1.5217392e-002
  1.5145621e-002 -1.5145621e-002
  1.5090561e-002 -1.5090561e-002
  1.5037419e-002 -1.5037419e-002
  1.4901430e-002 -1.4901430e-002
  1.4765675e-002 -1.4765675e-002
  1.4657216e-002 -1.4657216e-002
  1.4536730e-002 -1.4536730e-002
  1.4388247e-002 -1.4388247e-002
  1.4257158e-002 -1.4257158e-002
  1.4183895e-002 -1.4183895e-002
  1.4081736e-002 -1.4081736e-002
  1.3916668e-002 -1.3916668e-002
  1.3788550e-002 -1.3788550e-002
  1.3716250e-002 -1.3716250e-002
  1.3610720e-002 -1.3610720e-002
  1.3478168e-002 -1.3478168e-002
  1.3331927e-002 -1.3331927e-002
  1.3175162e-002 -1.3175162e-002
  1.3013158e-002 -1.3013158e-002
  1.2848319e-002 -1.2848319e-002
  1.2711259e-002 -1.2711259e-002
  1.2584345e-002 -1.2584345e-002
  1.2482900e-002 -1.2482900e-002
  1.2388504e-002 -1.2388504e-002
  1.2249118e-002 -1.2249118e-002
  1.2104708e-002 -1.2104708e-002
  1.1971757e-002 -1.1971757e-002
  1.1847294e-002 -1.1847294e-002
  1.1839000e-002 -1.1839000e-002
  1.1806379e-002 -1.1806379e-002
  1.1630060e-002 -1.1630060e-002
  1.1460959e-002 -1.1460959e-002
  1.1315521e-002 -1.1315521e-002
  1.1181742e-002 -1.1181742e-002
  1.1073052e-002 -1.1073052e-002
  1.0942962e-002 -1.0942962e-002
  1.0780876e-002 -1.0780876e-002
  1.0611295e-002 -1.0611295e-002
  1.0426788e-002 -1.0426788e-002
  1.0255403e-002 -1.0255403e-002
  1.0094004e-002 -1.0094004e-002
  9.9284938e-003 -9.9284938e-003
  9.7607830e-003 -9.7607830e-003
  9.6061755e-003 -9.6061755e-003
  9.4562940e-003 -9.4562940e-003
  9.2754039e-003 -9.2754039e-003
  9.0811552e-003 -9.0811552e-003
  9.0011443e-003 -9.0011443e-003
  8.9335454e-003 -8.9335454e-003
  8.8189929e-003 -8.8189929e-003
  8.7046034e-003 -8.7046034e-003
  8.6017060e-003 -8.6017060e-003
  8.4873676e-003 -8.4873676e-003
  8.3095132e-003 -8.3095132e-003
  8.1276786e-003 -8.1276786e-003
  7.9561809e-003 -7.9561809e-003
  7.7979115e-003 -7.7979115e-003
  7.6677942e-003 -7.6677942e-003
  7.5493266e-003 -7.5493266e-003
  7.4480989e-003 -7.4480989e-003
  7.3352459e-003 -7.3352459e-003
  7.2101349e-003 -7.2101349e-003
  7.0671907e-003 -7.0671907e-003
  6.9148239e-003 -6.9148239e-003
  6.7735984e-003 -6.7735984e-003
  6.6382700e-003 -6.6382700e-003
  6.4747252e-003 -6.4747252e-003
  6.3011315e-003 -6.3011315e-003
  6.1604847e-003 -6.1604847e-003
  6.0270257e-003 -6.0270257e-003
  5.8493222e-003 -5.8493222e-003
  5.6677771e-003 -5.6677771e-003
  5.4476392e-003 -5.4476392e-003
  5.2363097e-003 -5.2363097e-003
  5.1453681e-003 -5.1453681e-003
  5.0518777e-003 -5.0518777e-003
  4.9445024e-003 -4.9445024e-003
  4.8381380e-003 -4.8381380e-003
  4.7296777e-003 -4.7296777e-003
  4.6202014e-003 -4.6202014e-003
  4.5085873e-003 -4.5085873e-003
  4.3290824e-003 -4.3290824e-003
  4.0501257e-003 -4.0501257e-003
  3.8272863e-003 -3.8272863e-003
  3.6630312e-003 -3.6630312e-003
  3.4879658e-003 -3.4879658e-003
  3.2997452e-003 -3.2997452e-003
  3.1177317e-003 -3.1177317e-003
  2.9389675e-003 -2.9389675e-003
  2.7766249e-003 -2.7766249e-003
  2.6200549e-003 -2.6200549e-003
  2.4075198e-003 -2.4075198e-003
  2.1829804e-003 -2.1829804e-003
  1.9816875e-003 -1.9816875e-003
  1.7744458e-003 -1.7744458e-003
  1.5616876e-003 -1.5616876e-003
  1.3499884e-003 -1.3499884e-003
  1.1522146e-003 -1.1522146e-003
  9.5761616e-004 -9.5761616e-004
  7.7999721e-004 -7.7999721e-004
  5.8785927e-004 -5.8785927e-004
  3.5002250e-004 -3.5002250e-004
  1.1510977e-004 -1.1510977e-004
 -1.0601713e-004  1.0601713e-004
 -3.0121622e-004  3.0121622e-004
 -4.5882395e-004  4.5882395e-004
 -6.3627033e-004  6.3627033e-004
 -8.3422614e-004  8.3422614e-004
 -1.0455897e-003  1.0455897e-003
 -1.2668538e-003  1.2668538e-003
 -1.4994402e-003  1.4994402e-003
 -1.7339326e-003  1.7339326e-003
 -1.9102552e-003  1.9102552e-003
 -2.0663873e-003  2.0663873e-003
 -2.2569275e-003  2.2569275e-003
 -2.4547229e-003  2.4547229e-003
 -2.6933102e-003  2.6933102e-003
 -2.9359601e-003  2.9359601e-003
 -3.2006027e-003  3.2006027e-003
 -3.4607239e-003  3.4607239e-003
 -3.6648026e-003  3.6648026e-003
 -3.8571003e-003  3.8571003e-003
 -3.9875586e-003  3.9875586e-003
 -4.1480269e-003  4.1480269e-003
 -4.4016982e-003  4.4016982e-003
 -4.6548795e-003  4.6548795e-003
 -4.9126121e-003  4.9126121e-003
 -5.1684972e-003  5.1684972e-003
 -5.4217334e-003  5.4217334e-003
 -5.6249509e-003  5.6249509e-003
 -5.7769737e-003  5.7769737e-003
 -5.9608637e-003  5.9608637e-003
 -6.1680488e-003  6.1680488e-003
 -6.4238891e-003  6.4238891e-003
 -6.7118316e-003  6.7118316e-003
 -6.9520231e-003  6.9520231e-003
 -7.1758539e-003  7.1758539e-003
 -7.4294107e-003  7.4294107e-003
 -7.6891280e-003  7.6891280e-003
 -7.9908463e-003  7.9908463e-003
 -8.2966226e-003  8.2966226e-003
 -8.5160990e-003  8.5160990e-003
 -8.7406674e-003  8.7406674e-003
 -8.9671832e-003  8.9671832e-003
 -9.1972736e-003  9.1972736e-003
 -9.4457946e-003  9.4457946e-003
 -9.6973590e-003  9.6973590e-003
 -9.9582534e-003  9.9582534e-003
 -1.0208034e-002  1.0208034e-002
 -1.0435204e-002  1.0435204e-002
 -1.0647584e-002  1.0647584e-002
 -1.0830729e-002  1.0830729e-002
 -1.1062744e-002  1.1062744e-002
 -1.1344288e-002  1.1344288e-002
 -1.1593439e-002  1.1593439e-002
 -1.1819154e-002  1.1819154e-002
 -1.2073711e-002  1.2073711e-002
 -1.2342882e-002  1.2342882e-002
 -1.2569912e-002  1.2569912e-002
 -1.2780577e-002  1.2780577e-002
 -1.3056534e-002  1.3056534e-002
 -1.3345789e-002  1.3345789e-002
 -1.3575750e-002  1.3575750e-002
 -1.3800158e-002  1.3800158e-002
 -1.4042981e-002  1.4042981e-002
 -1.4285580e-002  1.4285580e-002
 -1.4529374e-002  1.4529374e-002
 -1.4771242e-002  1.4771242e-002
 -1.5003369e-002  1.5003369e-002
 -1.5243855e-002  1.5243855e-002
 -1.5509627e-002  1.5509627e-002
 -1.5759973e-002  1.5759973e-002
 -1.5979289e-002  1.5979289e-002
 -1.6199797e-002  1.6199797e-002
 -1.6429853e-002  1.6429853e-002
 -1.6642221e-002  1.6642221e-002
 -1.6836840e-002  1.6836840e-002
 -1.7044984e-002  1.7044984e-002
 -1.7262818e-002  1.7262818e-002
 -1.7458815e-002  1.7458815e-002
 -1.7643870e-002  1.7643870e-002
 -1.7832454e-002  1.7832454e-002
 -1.8026611e-002  1.8026611e-002
 -1.8249780e-002  1.8249780e-002
 -1.8478754e-002  1.8478754e-002
 -1.8668848e-002  1.8668848e-002
 -1.8855425e-002  1.8855425e-002
 -1.9069213e-002  1.9069213e-002
 -1.9286947e-002  1.9286947e-002
 -1.9547788e-002  1.9547788e-002
 -1.9810633e-002  1.9810633e-002
 -2.0047759e-002  2.0047759e-002
 -2.0286511e-002  2.0286511e-002
 -2.0530120e-002  2.0530120e-002
 -2.0780630e-002  2.0780630e-002
 -2.1044873e-002  2.1044873e-002
 -2.1362404e-002  2.1362404e-002
 -2.1754116e-002  2.1754116e-002
 -2.2076116e-002  2.2076116e-002
 -2.2323780e-002  2.2323780e-002
 -2.2601914e-002  2.2601914e-002
 -2.2901652e-002  2.2901652e-002
 -2.3174308e-002  2.3174308e-002
 -2.3433544e-002  2.3433544e-002
 -2.3719849e-002  2.3719849e-002
 -2.4015073e-002  2.4015073e-002
 -2.4239137e-002  2.4239137e-002
 -2.4448079e-002  2.4448079e-002
 -2.4762667e-002  2.4762667e-002
 -2.5086295e-002  2.5086295e-002
 -2.5326312e-002  2.5326312e-002
 -2.5569712e-002  2.5569712e-002
 -2.5848896e-002  2.5848896e-002
 -2.6116071e-002  2.6116071e-002
 -2.6331748e-002  2.6331748e-002
 -2.6606404e-002  2.6606404e-002
 -2.7054800e-002  2.7054800e-002
 -2.7439458e-002  2.7439458e-002
 -2.7698704e-002  2.7698704e-002
 -2.7951263e-002  2.7951263e-002
 -2.8194607e-002  2.8194607e-002
 -2.8463541e-002  2.8463541e-002
 -2.8763441e-002  2.8763441e-002
 -2.9096424e-002  2.9096424e-002
 -2.9452628e-002  2.9452628e-002
 -2.9723221e-002  2.9723221e-002
 -2.9951859e-002  2.9951859e-002
 -3.0201645e-002  3.0201645e-002
 -3.0458307e-002  3.0458307e-002
 -3.0749336e-002  3.0749336e-002
 -3.1053481e-002  3.1053481e-002
 -3.1344218e-002  3.1344218e-002
 -3.1633457e-002  3.1633457e-002
 -3.1855047e-002  3.1855047e-002
 -3.2077944e-002  3.2077944e-002
 -3.2314239e-002  3.2314239e-002
 -3.2552136e-002  3.2552136e-002
 -3.2797728e-002  3.2797728e-002
 -3.3095096e-002  3.3095096e-002
 -3.3524171e-002  3.3524171e-002
 -3.3888104e-002  3.3888104e-002
 -3.4125264e-002  3.4125264e-002
 -3.4415211e-002  3.4415211e-002
 -3.4777167e-002  3.4777167e-002
 -3.5102813e-002  3.5102813e-002
 -3.5393085e-002  3.5393085e-002
 -3.5652335e-002  3.5652335e-002
 -3.5884890e-002  3.5884890e-002
 -3.6183861e-002  3.6183861e-002
 -3.6515018e-002  3.6515018e-002
 -3.6740433e-002  3.6740433e-002
 -3.6931927e-002  3.6931927e-002
 -3.7208784e-002  3.7208784e-002
 -3.7501818e-002  3.7501818e-002
 -3.7670702e-002  3.7670702e-002
 -3.7830006e-002  3.7830006e-002
 -3.8119707e-002  3.8119707e-002
 -3.8409596e-002  3.8409596e-002
 -3.8701362e-002  3.8701362e-002
 -3.8971154e-002  3.8971154e-002
 -3.9137239e-002  3.9137239e-002
 -3.9364258e-002  3.9364258e-002
 -3.9776841e-002  3.9776841e-002
 -4.0104901e-002  4.0104901e-002
 -4.0270274e-002  4.0270274e-002
 -4.0505907e-002  4.0505907e-002
 -4.0836428e-002  4.0836428e-002
 -4.1185928e-002  4.1185928e-002
 -4.1553738e-002  4.1553738e-002
 -4.1809796e-002  4.1809796e-002
 -4.1995718e-002  4.1995718e-002
 -4.2255658e-002  4.2255658e-002
 -4.2551066e-002  4.2551066e-002
 -4.2778215e-002  4.2778215e-002
 -4.2983761e-002  4.2983761e-002
 -4.3324862e-002  4.3324862e-002
 -4.3691184e-002  4.3691184e-002
 -4.3944323e-002  4.3944323e-002
 -4.4196980e-002  4.4196980e-002
 -4.4373374e-002  4.4373374e-002
 -4.4558165e-002  4.4558165e-002
 -4.4824122e-002  4.4824122e-002
 -4.5104472e-002  4.5104472e-002
 -4.5451608e-002  4.5451608e-002
 -4.5800195e-002  4.5800195e-002
 -4.6152885e-002  4.6152885e-002
 -4.6515324e-002  4.6515324e-002
 -4.6880015e-002  4.6880015e-002
 -4.7211246e-002  4.7211246e-002
 -4.7497744e-002  4.7497744e-002
 -4.7787550e-002  4.7787550e-002
 -4.8080517e-002  4.8080517e-002
 -4.8407126e-002  4.8407126e-002
 -4.8756633e-002  4.8756633e-002
 -4.9076190e-002  4.9076190e-002
 -4.9377282e-002  4.9377282e-002
 -4.9597696e-002  4.9597696e-002
 -4.9792922e-002  4.9792922e-002
 -5.0158487e-002  5.0158487e-002
 -5.0555152e-002  5.0555152e-002
 -5.0701215e-002  5.0701215e-002
 -5.0828683e-002  5.0828683e-002
 -5.1006520e-002  5.1006520e-002
 -5.1193648e-002  5.1193648e-002
 -5.1468113e-002  5.1468113e-002
 -5.1748497e-002  5.1748497e-002
 -5.2055932e-002  5.2055932e-002
 -5.2326257e-002  5.2326257e-002
 -5.2492715e-002  5.2492715e-002
 -5.2715824e-002  5.2715824e-002
 -5.3058358e-002  5.3058358e-002
 -5.3410525e-002  5.3410525e-002
 -5.3775465e-002  5.3775465e-002
 -5.4133721e-002  5.4133721e-002
 -5.4485676e-002  5.4485676e-002
 -5.4871805e-002  5.4871805e-002
 -5.5280976e-002  5.5280976e-002
 -5.5625541e-002  5.5625541e-002
 -5.5949577e-002  5.5949577e-002
 -5.6346090e-002  5.6346090e-002
 -5.6764915e-002  5.6764915e-002
 -5.7063710e-002  5.7063710e-002
 -5.7341001e-002  5.7341001e-002
 -5.7747422e-002  5.7747422e-002
 -5.8162437e-002  5.8162437e-002
 -5.8624477e-002  5.8624477e-002
 -5.9099247e-002  5.9099247e-002
 -5.9574017e-002  5.9574017e-002
 -6.0048777e-002  6.0048777e-002
 -6.0523547e-002  6.0523547e-002
 -6.0998317e-002  6.0998317e-002
 -6.1473087e-002  6.1473087e-002
 -6.1947857e-002  6.1947857e-002
 -6.2422627e-002  6.2422627e-002
 -6.2907117e-002  6.2907117e-002
 -6.3391607e-002  6.3391607e-002
 -6.3876097e-002  6.3876097e-002
 -6.4360587e-002  6.4360587e-002
 -6.4845077e-002  6.4845077e-002
 -6.5329567e-002  6.5329567e-002
 -6.5814057e-002  6.5814057e-002
 -6.6298547e-002  6.6298547e-002
 -6.6794617e-002  6.6794617e-002
 -6.7290677e-002  6.7290677e-002
 -6.7786747e-002  6.7786747e-002
 -6.8282807e-002  6.8282807e-002
 -6.8778877e-002  6.8778877e-002
 -6.9274937e-002  6.9274937e-002
 -6.9771007e-002  6.9771007e-002
 -7.0267067e-002  7.0267067e-002
 -7.0773777e-002  7.0773777e-002
 -7.1280497e-002  7.1280497e-002
 -7.1787207e-002  7.1787207e-002
 -7.2293917e-002  7.2293917e-002
 -7.2800637e-002  7.2800637e-002
 -7.3307347e-002  7.3307347e-002
 -7.3814057e-002  7.3814057e-002
 -7.4058042e-002  7.4058042e-002
 -7.4302026e-002  7.4302026e-002
 -7.4546011e-002  7.4546011e-002
 -7.4789995e-002  7.4789995e-002
 -7.5033980e-002  7.5033980e-002
 -7.5277965e-002  7.5277965e-002
 -7.5521949e-002  7.5521949e-002
 -7.5765934e-002  7.5765934e-002
 -7.6009919e-002  7.6009919e-002
 -7.6253903e-002  7.6253903e-002
 -7.6497888e-002  7.6497888e-002
 -7.6741872e-002  7.6741872e-002
 -7.6985857e-002  7.6985857e-002
 -7.7229842e-002  7.7229842e-002
 -7.7473826e-002  7.7473826e-002
 -7.7717811e-002  7.7717811e-002
 -7.7961795e-002  7.7961795e-002
 -7.8205780e-002  7.8205780e-002
 -7.8449765e-002  7.8449765e-002
 -7.8693749e-002  7.8693749e-002
 -7.8937734e-002  7.8937734e-002
 -7.9181719e-002  7.9181719e-002
 -7.9425703e-002  7.9425703e-002
 -7.9669688e-002  7.9669688e-002
 -7.9913672e-002  7.9913672e-002
 -8.0157657e-002  8.0157657e-002
 -8.0401642e-002  8.0401642e-002
 -8.0645626e-002  8.0645626e-002
 -8.0889611e-002  8.0889611e-002
 -8.1133595e-002  8.1133595e-002
 -8.1377580e-002  8.1377580e-002
 -8.1621565e-002  8.1621565e-002
 -8.1865549e-002  8.1865549e-002
 -8.2109534e-002  8.2109534e-002
 -8.2353519e-002  8.2353519e-002
 -8.2597503e-002  8.2597503e-002
 -8.2841488e-002  8.2841488e-002
 -8.3085472e-002  8.3085472e-002
 -8.3329457e-002  8.3329457e-002
 -8.3573442e-002  8.3573442e-002
 -8.3817426e-002  8.3817426e-002
 -8.4061411e-002  8.4061411e-002
 -8.4305395e-002  8.4305395e-002
 -8.4549380e-002  8.4549380e-002
 -8.4793365e-002  8.4793365e-002
 -8.5037349e-002  8.5037349e-002
 -8.5281334e-002  8.5281334e-002
 -8.5525319e-002  8.5525319e-002
 -8.5769303e-002  8.5769303e-002
 -8.6013288e-002  8.6013288e-002
 -8.6257272e-002  8.6257272e-002
 -8.6501257e-002  8.6501257e-002
 -8.6745242e-002  8.6745242e-002
 -8.6989226e-002  8.6989226e-002
 -8.7233211e-002  8.7233211e-002
 -8.7477195e-002  8.7477195e-002
 -8.7721180e-002  8.7721180e-002
 -8.7965165e-002  8.7965165e-002
 -8.8209149e-002  8.8209149e-002
 -8.8453134e-002  8.8453134e-002
 -8.8697119e-002  8.8697119e-002
 -8.8941103e-002  8.8941103e-002
 -8.9185088e-002  8.9185088e-002
 -8.9429072e-002  8.9429072e-002
 -8.9673057e-002  8.9673057e-002
 -8.9917042e-002  8.9917042e-002
 -9.0161026e-002  9.0161026e-002
 -9.0405011e-002  9.0405011e-002
 -9.0648995e-002  9.0648995e-002
 -9.0892980e-002  9.0892980e-002
 -9.1136965e-002  9.1136965e-002
 -9.1380949e-002  9.1380949e-002
 -9.1624934e-002  9.1624934e-002
