  0.0000000e+000 -0.0000000e+000
  0.0000000e+000 -0.0000000e+000
  0.0000000e+000 -0.0000000e+000
  0.0000000e+000 -0.0000000e+000
  0.0000000e+000 -0.0000000e+000
  0.0000000e+000 -0.0000000e+000
  0.0000000e+000 -0.0000000e+000
  0.0000000e+000 -0.0000000e+000
  0.0000000e+000 -0.0000000e+000
  0.0000000e+000 -0.0000000e+000
  0.0000000e+000 -0.0000000e+000
  0.0000000e+000 -0.0000000e+000
  0.0000000e+000 -0.0000000e+000
  0.0000000e+000 -0.0000000e+000
  0.0000000e+000 -0.0000000e+000
  0.0000000e+000 -0.0000000e+000
  0.0000000e+000 -0.0000000e+000
  0.0000000e+000 -0.0000000e+000
  0.0000000e+000 -0.0000000e+000
  0.0000000e+000 -0.0000000e+000
  0.0000000e+000 -0.0000000e+000
  0.0000000e+000 -0.0000000e+000
  0.0000000e+000 -0.0000000e+000
  0.0000000e+000 -0.0000000e+000
  0.0000000e+000 -0.0000000e+000
  0.0000000e+000 -0.0000000e+000
  0.0000000e+000 -0.0000000e+000
  0.0000000e+000 -0.0000000e+000
  0.0000000e+000 -0.0000000e+000
  0.0000000e+000 -0.0000000e+000
  0.0000000e+000 -0.0000000e+000
  0.0000000e+000 -0.0000000e+000
  0.0000000e+000 -0.0000000e+000
  0.0000000e+000 -0.0000000e+000
  0.0000000e+000 -0.0000000e+000
  0.0000000e+000 -0.0000000e+000
  0.0000000e+000 -0.0000000e+000
  0.0000000e+000 -0.0000000e+000
  0.0000000e+000 -0.0000000e+000
  0.0000000e+000 -0.0000000e+000
  0.0000000e+000 -0.0000000e+000
  0.0000000e+000 -0.0000000e+000
  0.0000000e+000 -0.0000000e+000
  0.0000000e+000 -0.0000000e+000
  0.0000000e+000 -0.0000000e+000
  0.0000000e+000 -0.0000000e+000
  0.0000000e+000 -0.0000000e+000
  0.0000000e+000 -0.0000000e+000
  0.0000000e+000 -0.0000000e+000
  0.0000000e+000 -0.0000000e+000
  0.0000000e+000 -0.0000000e+000
  0.0000000e+000 -0.0000000e+000
  0.0000000e+000 -0.0000000e+000
  0.0000000e+000 -0.0000000e+000
  0.0000000e+000 -0.0000000e+000
  0.0000000e+000 -0.0000000e+000
  0.0000000e+000 -0.0000000e+000
  0.0000000e+000 -0.0000000e+000
  0.0000000e+000 -0.0000000e+000
  0.0000000e+000 -0.0000000e+000
  0.0000000e+000 -0.0000000e+000
  0.0000000e+000 -0.0000000e+000
  0.0000000e+000 -0.0000000e+000
  0.0000000e+000 -0.0000000e+000
  0.0000000e+000 -0.0000000e+000
  0.0000000e+000 -0.0000000e+000
  0.0000000e+000 -0.0000000e+000
  0.0000000e+000 -0.0000000e+000
  0.0000000e+000 -0.0000000e+000
  0.0000000e+000 -0.0000000e+000
  0.0000000e+000 -0.0000000e+000
  0.0000000e+000 -0.0000000e+000
  0.0000000e+000 -0.0000000e+000
  0.0000000e+000 -0.0000000e+000
  0.0000000e+000 -0.0000000e+000
  0.0000000e+000 -0.0000000e+000
  0.0000000e+000 -0.0000000e+000
  0.0000000e+000 -0.0000000e+000
  0.0000000e+000 -0.0000000e+000
  0.0000000e+000 -0.0000000e+000
  0.0000000e+000 -0.0000000e+000
  0.0000000e+000 -0.0000000e+000
  0.0000000e+000 -0.0000000e+000
  0.0000000e+000 -0.0000000e+000
  0.0000000e+000 -0.0000000e+000
  0.0000000e+000 -0.0000000e+000
  0.0000000e+000 -0.0000000e+000
  0.0000000e+000 -0.0000000e+000
  0.0000000e+000 -0.0000000e+000
  0.0000000e+000 -0.0000000e+000
  0.0000000e+000 -0.0000000e+000
  0.0000000e+000 -0.0000000e+000
  0.0000000e+000 -0.0000000e+000
  0.0000000e+000 -0.0000000e+000
  0.0000000e+000 -0.0000000e+000
  0.0000000e+000 -0.0000000e+000
  0.0000000e+000 -0.0000000e+000
  0.0000000e+000 -0.0000000e+000
 -3.5922775e-006  3.5922775e-006
 -1.7382962e-005  1.7382962e-005
 -2.7857610e-005  2.7857610e-005
 -3.2009347e-005  3.2009347e-005
 -7.3024893e-005  7.3024893e-005
 -1.6339492e-004  1.6339492e-004
 -2.3577140e-004  2.3577140e-004
 -2.9093607e-004  2.9093607e-004
 -3.5988681e-004  3.5988681e-004
 -4.3823531e-004  4.3823531e-004
 -4.6060042e-004  4.6060042e-004
 -4.5639952e-004  4.5639952e-004
 -4.1225684e-004  4.1225684e-004
 -3.5561961e-004  3.5561961e-004
 -3.3202341e-004  3.3202341e-004
 -3.1447604e-004  3.1447604e-004
 -4.0070388e-004  4.0070388e-004
 -4.9209125e-004  4.9209125e-004
 -3.5962404e-004  3.5962404e-004
 -2.5546041e-004  2.5546041e-004
 -4.1820603e-004  4.1820603e-004
 -5.6763760e-004  5.6763760e-004
 -6.5617475e-004  6.5617475e-004
 -7.4181896e-004  7.4181896e-004
 -8.1935437e-004  8.1935437e-004
 -8.7910771e-004  8.7910771e-004
 -9.0532285e-004  9.0532285e-004
 -9.4981391e-004  9.4981391e-004
 -1.0185281e-003  1.0185281e-003
 -9.8767847e-004  9.8767847e-004
 -8.6252641e-004  8.6252641e-004
 -8.1713847e-004  8.1713847e-004
 -8.2557031e-004  8.2557031e-004
 -9.1321576e-004  9.1321576e-004
 -1.0380273e-003  1.0380273e-003
 -1.1344902e-003  1.1344902e-003
 -1.2222053e-003  1.2222053e-003
 -1.1345133e-003  1.1345133e-003
 -1.0153134e-003  1.0153134e-003
 -1.0861675e-003  1.0861675e-003
 -1.1711790e-003  1.1711790e-003
 -1.2648262e-003  1.2648262e-003
 -1.3546613e-003  1.3546613e-003
 -1.4095445e-003  1.4095445e-003
 -1.4747106e-003  1.4747106e-003
 -1.5861297e-003  1.5861297e-003
 -1.6569794e-003  1.6569794e-003
 -1.6155492e-003  1.6155492e-003
 -1.5956645e-003  1.5956645e-003
 -1.6159763e-003  1.6159763e-003
 -1.6014140e-003  1.6014140e-003
 -1.5410917e-003  1.5410917e-003
 -1.4752059e-003  1.4752059e-003
 -1.4041022e-003  1.4041022e-003
 -1.4035335e-003  1.4035335e-003
 -1.4500711e-003  1.4500711e-003
 -1.5451003e-003  1.5451003e-003
 -1.6626240e-003  1.6626240e-003
 -1.7174982e-003  1.7174982e-003
 -1.7533038e-003  1.7533038e-003
 -1.7483128e-003  1.7483128e-003
 -1.7361331e-003  1.7361331e-003
 -1.8527128e-003  1.8527128e-003
 -1.9735558e-003  1.9735558e-003
 -1.8170119e-003  1.8170119e-003
 -1.6809165e-003  1.6809165e-003
 -1.7272146e-003  1.7272146e-003
 -1.7739673e-003  1.7739673e-003
 -1.8227311e-003  1.8227311e-003
 -1.8874071e-003  1.8874071e-003
 -1.9955700e-003  1.9955700e-003
 -2.0157460e-003  2.0157460e-003
 -1.8735383e-003  1.8735383e-003
 -1.7828638e-003  1.7828638e-003
 -1.7591328e-003  1.7591328e-003
 -1.7709224e-003  1.7709224e-003
 -1.8156974e-003  1.8156974e-003
 -1.7915422e-003  1.7915422e-003
 -1.7218235e-003  1.7218235e-003
 -1.7400513e-003  1.7400513e-003
 -1.7986127e-003  1.7986127e-003
 -1.8248781e-003  1.8248781e-003
 -1.8414486e-003  1.8414486e-003
 -1.8060805e-003  1.8060805e-003
 -1.7617374e-003  1.7617374e-003
 -1.7374958e-003  1.7374958e-003
 -1.7136150e-003  1.7136150e-003
 -1.6396170e-003  1.6396170e-003
 -1.5737386e-003  1.5737386e-003
 -1.5783603e-003  1.5783603e-003
 -1.5932548e-003  1.5932548e-003
 -1.6528655e-003  1.6528655e-003
 -1.6964145e-003  1.6964145e-003
 -1.6966155e-003  1.6966155e-003
 -1.6970083e-003  1.6970083e-003
 -1.6977512e-003  1.6977512e-003
 -1.7043009e-003  1.7043009e-003
 -1.7183185e-003  1.7183185e-003
 -1.7175117e-003  1.7175117e-003
 -1.7030742e-003  1.7030742e-003
 -1.6688159e-003  1.6688159e-003
 -1.6215904e-003  1.6215904e-003
 -1.6311806e-003  1.6311806e-003
 -1.6665300e-003  1.6665300e-003
 -1.6432830e-003  1.6432830e-003
 -1.6026898e-003  1.6026898e-003
 -1.5936944e-003  1.5936944e-003
 -1.5900523e-003  1.5900523e-003
 -1.6078130e-003  1.6078130e-003
 -1.6231244e-003  1.6231244e-003
 -1.4689989e-003  1.4689989e-003
 -1.3212301e-003  1.3212301e-003
 -1.2272192e-003  1.2272192e-003
 -1.1303409e-003  1.1303409e-003
 -1.0211810e-003  1.0211810e-003
 -9.2440120e-004  9.2440120e-004
 -8.6061939e-004  8.6061939e-004
 -8.0191202e-004  8.0191202e-004
 -7.5236979e-004  7.5236979e-004
 -6.6477543e-004  6.6477543e-004
 -5.2873141e-004  5.2873141e-004
 -4.9114884e-004  4.9114884e-004
 -5.4320981e-004  5.4320981e-004
 -4.9432706e-004  4.9432706e-004
 -3.8008258e-004  3.8008258e-004
 -2.5239128e-004  2.5239128e-004
 -1.1867322e-004  1.1867322e-004
 -4.5577082e-005  4.5577082e-005
  9.8237226e-006 -9.8237226e-006
  5.2800455e-005 -5.2800455e-005
  9.3714144e-005 -9.3714144e-005
  1.5263179e-004 -1.5263179e-004
  2.1149559e-004 -2.1149559e-004
  2.2371363e-004 -2.2371363e-004
  2.4224927e-004 -2.4224927e-004
  3.1284931e-004 -3.1284931e-004
  3.9913210e-004 -3.9913210e-004
  5.5151943e-004 -5.5151943e-004
  7.0347840e-004 -7.0347840e-004
  8.5430969e-004 -8.5430969e-004
  1.0218107e-003 -1.0218107e-003
  1.2190980e-003 -1.2190980e-003
  1.3737449e-003 -1.3737449e-003
  1.4746408e-003 -1.4746408e-003
  1.5733478e-003 -1.5733478e-003
  1.6700816e-003 -1.6700816e-003
  1.7446790e-003 -1.7446790e-003
  1.8050906e-003 -1.8050906e-003
  2.0101373e-003 -2.0101373e-003
  2.2792625e-003 -2.2792625e-003
  2.4001678e-003 -2.4001678e-003
  2.4784167e-003 -2.4784167e-003
  2.6765135e-003 -2.6765135e-003
  2.8941104e-003 -2.8941104e-003
  2.9551194e-003 -2.9551194e-003
  3.0085370e-003 -3.0085370e-003
  3.1253248e-003 -3.1253248e-003
  3.2558388e-003 -3.2558388e-003
  3.4966463e-003 -3.4966463e-003
  3.7037476e-003 -3.7037476e-003
  3.7710066e-003 -3.7710066e-003
  3.8802521e-003 -3.8802521e-003
  4.0986743e-003 -4.0986743e-003
  4.2476476e-003 -4.2476476e-003
  4.2738481e-003 -4.2738481e-003
  4.3411324e-003 -4.3411324e-003
  4.4596905e-003 -4.4596905e-003
  4.5599333e-003 -4.5599333e-003
  4.6438279e-003 -4.6438279e-003
  4.8582135e-003 -4.8582135e-003
  5.1553593e-003 -5.1553593e-003
  5.3550809e-003 -5.3550809e-003
  5.5121390e-003 -5.5121390e-003
  5.6769973e-003 -5.6769973e-003
  5.8440687e-003 -5.8440687e-003
  5.9861404e-003 -5.9861404e-003
  6.1242278e-003 -6.1242278e-003
  6.3630406e-003 -6.3630406e-003
  6.6028154e-003 -6.6028154e-003
  6.6859177e-003 -6.6859177e-003
  6.7662069e-003 -6.7662069e-003
  6.8244465e-003 -6.8244465e-003
  6.8868407e-003 -6.8868407e-003
  6.9662031e-003 -6.9662031e-003
  7.0157428e-003 -7.0157428e-003
  6.9886807e-003 -6.9886807e-003
  7.0549404e-003 -7.0549404e-003
  7.2844240e-003 -7.2844240e-003
  7.3135178e-003 -7.3135178e-003
  7.0950043e-003 -7.0950043e-003
  7.0449739e-003 -7.0449739e-003
  7.1438497e-003 -7.1438497e-003
  7.2674505e-003 -7.2674505e-003
  7.4065702e-003 -7.4065702e-003
  7.6007882e-003 -7.6007882e-003
  7.8188546e-003 -7.8188546e-003
  7.9528150e-003 -7.9528150e-003
  8.0632543e-003 -8.0632543e-003
  8.1465453e-003 -8.1465453e-003
  8.2255993e-003 -8.2255993e-003
  8.2967241e-003 -8.2967241e-003
  8.3721457e-003 -8.3721457e-003
  8.5902153e-003 -8.5902153e-003
  8.7868436e-003 -8.7868436e-003
  8.8194545e-003 -8.8194545e-003
  8.8682415e-003 -8.8682415e-003
  8.9820774e-003 -8.9820774e-003
  9.0876938e-003 -9.0876938e-003
  9.1724536e-003 -9.1724536e-003
  9.3121420e-003 -9.3121420e-003
  9.5468857e-003 -9.5468857e-003
  9.6790951e-003 -9.6790951e-003
  9.6858676e-003 -9.6858676e-003
  9.8038709e-003 -9.8038709e-003
  1.0019211e-002 -1.0019211e-002
  1.0169516e-002 -1.0169516e-002
  1.0279423e-002 -1.0279423e-002
  1.0423065e-002 -1.0423065e-002
  1.0581139e-002 -1.0581139e-002
  1.0720482e-002 -1.0720482e-002
  1.0854661e-002 -1.0854661e-002
  1.0954707e-002 -1.0954707e-002
  1.1087038e-002 -1.1087038e-002
  1.0951640e-002 -1.0951640e-002
  1.0805602e-002 -1.0805602e-002
  1.0747696e-002 -1.0747696e-002
  1.0715315e-002 -1.0715315e-002
  1.0873575e-002 -1.0873575e-002
  1.1025340e-002 -1.1025340e-002
  1.1151383e-002 -1.1151383e-002
  1.1360104e-002 -1.1360104e-002
  1.1525403e-002 -1.1525403e-002
  1.1681728e-002 -1.1681728e-002
  1.1822687e-002 -1.1822687e-002
  1.1942033e-002 -1.1942033e-002
  1.2035202e-002 -1.2035202e-002
  1.2141354e-002 -1.2141354e-002
  1.2258755e-002 -1.2258755e-002
  1.2426705e-002 -1.2426705e-002
  1.2587308e-002 -1.2587308e-002
  1.2750178e-002 -1.2750178e-002
  1.2914007e-002 -1.2914007e-002
  1.3059387e-002 -1.3059387e-002
  1.3199755e-002 -1.3199755e-002
  1.3356371e-002 -1.3356371e-002
  1.3515417e-002 -1.3515417e-002
  1.3669015e-002 -1.3669015e-002
  1.3821304e-002 -1.3821304e-002
  1.3930577e-002 -1.3930577e-002
  1.4028789e-002 -1.4028789e-002
  1.4046305e-002 -1.4046305e-002
  1.4080302e-002 -1.4080302e-002
  1.4178568e-002 -1.4178568e-002
  1.4263856e-002 -1.4263856e-002
  1.4291996e-002 -1.4291996e-002
  1.4395593e-002 -1.4395593e-002
  1.4627029e-002 -1.4627029e-002
  1.4804545e-002 -1.4804545e-002
  1.4917397e-002 -1.4917397e-002
  1.5087526e-002 -1.5087526e-002
  1.5306793e-002 -1.5306793e-002
  1.5410162e-002 -1.5410162e-002
  1.5430533e-002 -1.5430533e-002
  1.5487395e-002 -1.5487395e-002
  1.5559504e-002 -1.5559504e-002
  1.5570220e-002 -1.5570220e-002
  1.5564505e-002 -1.5564505e-002
  1.5569670e-002 -1.5569670e-002
  1.5576427e-002 -1.5576427e-002
  1.5705405e-002 -1.5705405e-002
  1.5834984e-002 -1.5834984e-002
  1.5842114e-002 -1.5842114e-002
  1.5858951e-002 -1.5858951e-002
  1.5944983e-002 -1.5944983e-002
  1.6012821e-002 -1.6012821e-002
  1.6010768e-002 -1.6010768e-002
  1.6057345e-002 -1.6057345e-002
  1.6222931e-002 -1.6222931e-002
  1.6318871e-002 -1.6318871e-002
  1.6339963e-002 -1.6339963e-002
  1.6356992e-002 -1.6356992e-002
  1.6369198e-002 -1.6369198e-002
  1.6373921e-002 -1.6373921e-002
  1.6372288e-002 -1.6372288e-002
  1.6371667e-002 -1.6371667e-002
  1.6371656e-002 -1.6371656e-002
  1.6326887e-002 -1.6326887e-002
  1.6263641e-002 -1.6263641e-002
  1.6347751e-002 -1.6347751e-002
  1.6470719e-002 -1.6470719e-002
  1.6565523e-002 -1.6565523e-002
  1.6656298e-002 -1.6656298e-002
  1.6632574e-002 -1.6632574e-002
  1.6611132e-002 -1.6611132e-002
  1.6730292e-002 -1.6730292e-002
  1.6844579e-002 -1.6844579e-002
  1.6924915e-002 -1.6924915e-002
  1.7037593e-002 -1.7037593e-002
  1.7272663e-002 -1.7272663e-002
  1.7472908e-002 -1.7472908e-002
  1.7588943e-002 -1.7588943e-002
  1.7648022e-002 -1.7648022e-002
  1.7612619e-002 -1.7612619e-002
  1.7589469e-002 -1.7589469e-002
  1.7580722e-002 -1.7580722e-002
  1.7627665e-002 -1.7627665e-002
  1.7721444e-002 -1.7721444e-002
  1.7808814e-002 -1.7808814e-002
  1.7892367e-002 -1.7892367e-002
  1.7947413e-002 -1.7947413e-002
  1.7978329e-002 -1.7978329e-002
  1.7986967e-002 -1.7986967e-002
  1.7989818e-002 -1.7989818e-002
  1.7968948e-002 -1.7968948e-002
  1.7944762e-002 -1.7944762e-002
  1.7916720e-002 -1.7916720e-002
  1.7890472e-002 -1.7890472e-002
  1.7906219e-002 -1.7906219e-002
  1.7907523e-002 -1.7907523e-002
  1.7895579e-002 -1.7895579e-002
  1.7898090e-002 -1.7898090e-002
  1.7954497e-002 -1.7954497e-002
  1.7966621e-002 -1.7966621e-002
  1.7872931e-002 -1.7872931e-002
  1.7855232e-002 -1.7855232e-002
  1.7962276e-002 -1.7962276e-002
  1.8053073e-002 -1.8053073e-002
  1.8124958e-002 -1.8124958e-002
  1.8182463e-002 -1.8182463e-002
  1.8227994e-002 -1.8227994e-002
  1.8267174e-002 -1.8267174e-002
  1.8302610e-002 -1.8302610e-002
  1.8360899e-002 -1.8360899e-002
  1.8428399e-002 -1.8428399e-002
  1.8381042e-002 -1.8381042e-002
  1.8307495e-002 -1.8307495e-002
  1.8250842e-002 -1.8250842e-002
  1.8196497e-002 -1.8196497e-002
  1.8143015e-002 -1.8143015e-002
  1.8088911e-002 -1.8088911e-002
  1.8021479e-002 -1.8021479e-002
  1.7950916e-002 -1.7950916e-002
  1.7846978e-002 -1.7846978e-002
  1.7755630e-002 -1.7755630e-002
  1.7710537e-002 -1.7710537e-002
  1.7673393e-002 -1.7673393e-002
  1.7655020e-002 -1.7655020e-002
  1.7603244e-002 -1.7603244e-002
  1.7497209e-002 -1.7497209e-002
  1.7345380e-002 -1.7345380e-002
  1.7128271e-002 -1.7128271e-002
  1.7008883e-002 -1.7008883e-002
  1.6970062e-002 -1.6970062e-002
  1.6910234e-002 -1.6910234e-002
  1.6838157e-002 -1.6838157e-002
  1.6801926e-002 -1.6801926e-002
  1.6779970e-002 -1.6779970e-002
  1.6751253e-002 -1.6751253e-002
  1.6720833e-002 -1.6720833e-002
  1.6647109e-002 -1.6647109e-002
  1.6567606e-002 -1.6567606e-002
  1.6523564e-002 -1.6523564e-002
  1.6476977e-002 -1.6476977e-002
  1.6357175e-002 -1.6357175e-002
  1.6241243e-002 -1.6241243e-002
  1.6150569e-002 -1.6150569e-002
  1.6068934e-002 -1.6068934e-002
  1.6020024e-002 -1.6020024e-002
  1.5968229e-002 -1.5968229e-002
  1.5909701e-002 -1.5909701e-002
  1.5848370e-002 -1.5848370e-002
  1.5782532e-002 -1.5782532e-002
  1.5689497e-002 -1.5689497e-002
  1.5565427e-002 -1.5565427e-002
  1.5442222e-002 -1.5442222e-002
  1.5340130e-002 -1.5340130e-002
  1.5262929e-002 -1.5262929e-002
  1.5200089e-002 -1.5200089e-002
  1.5161462e-002 -1.5161462e-002
  1.5132361e-002 -1.5132361e-002
  1.5005317e-002 -1.5005317e-002
  1.4853970e-002 -1.4853970e-002
  1.4718502e-002 -1.4718502e-002
  1.4583474e-002 -1.4583474e-002
  1.4418873e-002 -1.4418873e-002
  1.4253917e-002 -1.4253917e-002
  1.4100187e-002 -1.4100187e-002
  1.3954048e-002 -1.3954048e-002
  1.3856399e-002 -1.3856399e-002
  1.3781305e-002 -1.3781305e-002
  1.3761697e-002 -1.3761697e-002
  1.3701209e-002 -1.3701209e-002
  1.3546426e-002 -1.3546426e-002
  1.3397926e-002 -1.3397926e-002
  1.3259420e-002 -1.3259420e-002
  1.3172664e-002 -1.3172664e-002
  1.3144382e-002 -1.3144382e-002
  1.3009561e-002 -1.3009561e-002
  1.2801139e-002 -1.2801139e-002
  1.2652358e-002 -1.2652358e-002
  1.2537625e-002 -1.2537625e-002
  1.2491198e-002 -1.2491198e-002
  1.2471319e-002 -1.2471319e-002
  1.2418730e-002 -1.2418730e-002
  1.2358150e-002 -1.2358150e-002
  1.2273158e-002 -1.2273158e-002
  1.2160063e-002 -1.2160063e-002
  1.2133416e-002 -1.2133416e-002
  1.2105920e-002 -1.2105920e-002
  1.2018249e-002 -1.2018249e-002
  1.1916312e-002 -1.1916312e-002
  1.1725130e-002 -1.1725130e-002
  1.1571970e-002 -1.1571970e-002
  1.1552557e-002 -1.1552557e-002
  1.1493497e-002 -1.1493497e-002
  1.1315551e-002 -1.1315551e-002
  1.1129803e-002 -1.1129803e-002
  1.0931771e-002 -1.0931771e-002
  1.0759862e-002 -1.0759862e-002
  1.0617177e-002 -1.0617177e-002
  1.0457281e-002 -1.0457281e-002
  1.0283615e-002 -1.0283615e-002
  1.0110931e-002 -1.0110931e-002
  9.9458625e-003 -9.9458625e-003
  9.7672483e-003 -9.7672483e-003
  9.5834339e-003 -9.5834339e-003
  9.4857668e-003 -9.4857668e-003
  9.4088177e-003 -9.4088177e-003
  9.2863822e-003 -9.2863822e-003
  9.1583057e-003 -9.1583057e-003
  9.0752089e-003 -9.0752089e-003
  8.9892713e-003 -8.9892713e-003
  8.8298088e-003 -8.8298088e-003
  8.6664795e-003 -8.6664795e-003
  8.4794532e-003 -8.4794532e-003
  8.2847031e-003 -8.2847031e-003
  8.0631683e-003 -8.0631683e-003
  7.8780489e-003 -7.8780489e-003
  7.7749908e-003 -7.7749908e-003
  7.6529523e-003 -7.6529523e-003
  7.5013387e-003 -7.5013387e-003
  7.3633619e-003 -7.3633619e-003
  7.2404912e-003 -7.2404912e-003
  7.1579856e-003 -7.1579856e-003
  7.1074561e-003 -7.1074561e-003
  6.9941903e-003 -6.9941903e-003
  6.8458675e-003 -6.8458675e-003
  6.7029772e-003 -6.7029772e-003
  6.5621469e-003 -6.5621469e-003
  6.2859186e-003 -6.2859186e-003
  5.9776403e-003 -5.9776403e-003
  5.7878962e-003 -5.7878962e-003
  5.6124835e-003 -5.6124835e-003
  5.4725384e-003 -5.4725384e-003
  5.3328406e-003 -5.3328406e-003
  5.1830231e-003 -5.1830231e-003
  5.0238110e-003 -5.0238110e-003
  4.8081834e-003 -4.8081834e-003
  4.5997129e-003 -4.5997129e-003
  4.4157131e-003 -4.4157131e-003
  4.2267016e-003 -4.2267016e-003
  4.0265262e-003 -4.0265262e-003
  3.8150038e-003 -3.8150038e-003
  3.6052592e-003 -3.6052592e-003
  3.3959861e-003 -3.3959861e-003
  3.1872300e-003 -3.1872300e-003
  3.0372352e-003 -3.0372352e-003
  2.9333260e-003 -2.9333260e-003
  2.7539903e-003 -2.7539903e-003
  2.5329568e-003 -2.5329568e-003
  2.2866406e-003 -2.2866406e-003
  2.0355369e-003 -2.0355369e-003
  1.8335225e-003 -1.8335225e-003
  1.6429433e-003 -1.6429433e-003
  1.4465935e-003 -1.4465935e-003
  1.2495638e-003 -1.2495638e-003
  1.0965496e-003 -1.0965496e-003
  9.3557841e-004 -9.3557841e-004
  6.5109881e-004 -6.5109881e-004
  3.9150450e-004 -3.9150450e-004
  2.7838750e-004 -2.7838750e-004
  1.3310962e-004 -1.3310962e-004
 -1.2059579e-004  1.2059579e-004
 -3.4601434e-004  3.4601434e-004
 -5.0914324e-004  5.0914324e-004
 -6.4135322e-004  6.4135322e-004
 -7.3887188e-004  7.3887188e-004
 -9.1105902e-004  9.1105902e-004
 -1.1643396e-003  1.1643396e-003
 -1.4025653e-003  1.4025653e-003
 -1.6291015e-003  1.6291015e-003
 -1.8842498e-003  1.8842498e-003
 -2.1550459e-003  2.1550459e-003
 -2.3951499e-003  2.3951499e-003
 -2.6239015e-003  2.6239015e-003
 -2.8684528e-003  2.8684528e-003
 -3.1166255e-003  3.1166255e-003
 -3.4107265e-003  3.4107265e-003
 -3.7100973e-003  3.7100973e-003
 -3.8545242e-003  3.8545242e-003
 -4.0026042e-003  4.0026042e-003
 -4.2486759e-003  4.2486759e-003
 -4.5087286e-003  4.5087286e-003
 -4.8494671e-003  4.8494671e-003
 -5.1680642e-003  5.1680642e-003
 -5.4130462e-003  5.4130462e-003
 -5.6469472e-003  5.6469472e-003
 -5.8567252e-003  5.8567252e-003
 -6.0829888e-003  6.0829888e-003
 -6.3341561e-003  6.3341561e-003
 -6.5880119e-003  6.5880119e-003
 -6.8313168e-003  6.8313168e-003
 -7.0627141e-003  7.0627141e-003
 -7.2849577e-003  7.2849577e-003
 -7.5255658e-003  7.5255658e-003
 -7.7761096e-003  7.7761096e-003
 -8.0428887e-003  8.0428887e-003
 -8.3155980e-003  8.3155980e-003
 -8.5723038e-003  8.5723038e-003
 -8.8254009e-003  8.8254009e-003
 -9.1296917e-003  9.1296917e-003
 -9.4396999e-003  9.4396999e-003
 -9.7011926e-003  9.7011926e-003
 -9.9613685e-003  9.9613685e-003
 -1.0214797e-002  1.0214797e-002
 -1.0469749e-002  1.0469749e-002
 -1.0733326e-002  1.0733326e-002
 -1.0991756e-002  1.0991756e-002
 -1.1233306e-002  1.1233306e-002
 -1.1479381e-002  1.1479381e-002
 -1.1735197e-002  1.1735197e-002
 -1.1966623e-002  1.1966623e-002
 -1.2161582e-002  1.2161582e-002
 -1.2361626e-002  1.2361626e-002
 -1.2567083e-002  1.2567083e-002
 -1.2852841e-002  1.2852841e-002
 -1.3199711e-002  1.3199711e-002
 -1.3494644e-002  1.3494644e-002
 -1.3761782e-002  1.3761782e-002
 -1.4082073e-002  1.4082073e-002
 -1.4421534e-002  1.4421534e-002
 -1.4741148e-002  1.4741148e-002
 -1.5068859e-002  1.5068859e-002
 -1.5430924e-002  1.5430924e-002
 -1.5796722e-002  1.5796722e-002
 -1.6108276e-002  1.6108276e-002
 -1.6424381e-002  1.6424381e-002
 -1.6812552e-002  1.6812552e-002
 -1.7175574e-002  1.7175574e-002
 -1.7398968e-002  1.7398968e-002
 -1.7638983e-002  1.7638983e-002
 -1.7973186e-002  1.7973186e-002
 -1.8285201e-002  1.8285201e-002
 -1.8550004e-002  1.8550004e-002
 -1.8872631e-002  1.8872631e-002
 -1.9280836e-002  1.9280836e-002
 -1.9620520e-002  1.9620520e-002
 -1.9887960e-002  1.9887960e-002
 -2.0150237e-002  2.0150237e-002
 -2.0399207e-002  2.0399207e-002
 -2.0700214e-002  2.0700214e-002
 -2.1028769e-002  2.1028769e-002
 -2.1360259e-002  2.1360259e-002
 -2.1692796e-002  2.1692796e-002
 -2.1973683e-002  2.1973683e-002
 -2.2243304e-002  2.2243304e-002
 -2.2582172e-002  2.2582172e-002
 -2.2928353e-002  2.2928353e-002
 -2.3194798e-002  2.3194798e-002
 -2.3470678e-002  2.3470678e-002
 -2.3881535e-002  2.3881535e-002
 -2.4272976e-002  2.4272976e-002
 -2.4558640e-002  2.4558640e-002
 -2.4866643e-002  2.4866643e-002
 -2.5245921e-002  2.5245921e-002
 -2.5617784e-002  2.5617784e-002
 -2.5974046e-002  2.5974046e-002
 -2.6317790e-002  2.6317790e-002
 -2.6643196e-002  2.6643196e-002
 -2.6935644e-002  2.6935644e-002
 -2.7193686e-002  2.7193686e-002
 -2.7495059e-002  2.7495059e-002
 -2.7841251e-002  2.7841251e-002
 -2.8187767e-002  2.8187767e-002
 -2.8534452e-002  2.8534452e-002
 -2.8886862e-002  2.8886862e-002
 -2.9241286e-002  2.9241286e-002
 -2.9554824e-002  2.9554824e-002
 -2.9859594e-002  2.9859594e-002
 -3.0262042e-002  3.0262042e-002
 -3.0662013e-002  3.0662013e-002
 -3.0999227e-002  3.0999227e-002
 -3.1337910e-002  3.1337910e-002
 -3.1702504e-002  3.1702504e-002
 -3.2096370e-002  3.2096370e-002
 -3.2646741e-002  3.2646741e-002
 -3.3143074e-002  3.3143074e-002
 -3.3469309e-002  3.3469309e-002
 -3.3834533e-002  3.3834533e-002
 -3.4254863e-002  3.4254863e-002
 -3.4644269e-002  3.4644269e-002
 -3.4988836e-002  3.4988836e-002
 -3.5341916e-002  3.5341916e-002
 -3.5703795e-002  3.5703795e-002
 -3.6042114e-002  3.6042114e-002
 -3.6363038e-002  3.6363038e-002
 -3.6667399e-002  3.6667399e-002
 -3.6963182e-002  3.6963182e-002
 -3.7272645e-002  3.7272645e-002
 -3.7586855e-002  3.7586855e-002
 -3.7882365e-002  3.7882365e-002
 -3.8173932e-002  3.8173932e-002
 -3.8624738e-002  3.8624738e-002
 -3.9091408e-002  3.9091408e-002
 -3.9523082e-002  3.9523082e-002
 -3.9954698e-002  3.9954698e-002
 -4.0388626e-002  4.0388626e-002
 -4.0826356e-002  4.0826356e-002
 -4.1284038e-002  4.1284038e-002
 -4.1698992e-002  4.1698992e-002
 -4.1981240e-002  4.1981240e-002
 -4.2295489e-002  4.2295489e-002
 -4.2688070e-002  4.2688070e-002
 -4.3090080e-002  4.3090080e-002
 -4.3505624e-002  4.3505624e-002
 -4.3860789e-002  4.3860789e-002
 -4.4154152e-002  4.4154152e-002
 -4.4564295e-002  4.4564295e-002
 -4.5059799e-002  4.5059799e-002
 -4.5481476e-002  4.5481476e-002
 -4.5852832e-002  4.5852832e-002
 -4.6225504e-002  4.6225504e-002
 -4.6598627e-002  4.6598627e-002
 -4.7050468e-002  4.7050468e-002
 -4.7518624e-002  4.7518624e-002
 -4.7944658e-002  4.7944658e-002
 -4.8366622e-002  4.8366622e-002
 -4.8801850e-002  4.8801850e-002
 -4.9240931e-002  4.9240931e-002
 -4.9578435e-002  4.9578435e-002
 -4.9932491e-002  4.9932491e-002
 -5.0371863e-002  5.0371863e-002
 -5.0803332e-002  5.0803332e-002
 -5.1210585e-002  5.1210585e-002
 -5.1606646e-002  5.1606646e-002
 -5.1979940e-002  5.1979940e-002
 -5.2342609e-002  5.2342609e-002
 -5.2690186e-002  5.2690186e-002
 -5.3069169e-002  5.3069169e-002
 -5.3479983e-002  5.3479983e-002
 -5.3903422e-002  5.3903422e-002
 -5.4335998e-002  5.4335998e-002
 -5.4738045e-002  5.4738045e-002
 -5.5124625e-002  5.5124625e-002
 -5.5507920e-002  5.5507920e-002
 -5.5890104e-002  5.5890104e-002
 -5.6295755e-002  5.6295755e-002
 -5.6706185e-002  5.6706185e-002
 -5.7022340e-002  5.7022340e-002
 -5.7329663e-002  5.7329663e-002
 -5.7809307e-002  5.7809307e-002
 -5.8276870e-002  5.8276870e-002
 -5.8616508e-002  5.8616508e-002
 -5.8958842e-002  5.8958842e-002
 -5.9314819e-002  5.9314819e-002
 -5.9714890e-002  5.9714890e-002
 -6.0248312e-002  6.0248312e-002
 -6.0726225e-002  6.0726225e-002
 -6.1092468e-002  6.1092468e-002
 -6.1470790e-002  6.1470790e-002
 -6.1853595e-002  6.1853595e-002
 -6.2255718e-002  6.2255718e-002
 -6.2677225e-002  6.2677225e-002
 -6.3149827e-002  6.3149827e-002
 -6.3659027e-002  6.3659027e-002
 -6.4149745e-002  6.4149745e-002
 -6.4631201e-002  6.4631201e-002
 -6.5058782e-002  6.5058782e-002
 -6.5480878e-002  6.5480878e-002
 -6.6012935e-002  6.6012935e-002
 -6.6566993e-002  6.6566993e-002
 -6.6851110e-002  6.6851110e-002
 -6.7110823e-002  6.7110823e-002
 -6.7628913e-002  6.7628913e-002
 -6.8132795e-002  6.8132795e-002
 -6.8481512e-002  6.8481512e-002
 -6.8843025e-002  6.8843025e-002
 -6.9206004e-002  6.9206004e-002
 -6.9586849e-002  6.9586849e-002
 -7.0021018e-002  7.0021018e-002
 -7.0463563e-002  7.0463563e-002
 -7.0922770e-002  7.0922770e-002
 -7.1330450e-002  7.1330450e-002
 -7.1666400e-002  7.1666400e-002
 -7.2041764e-002  7.2041764e-002
 -7.2456294e-002  7.2456294e-002
 -7.2886498e-002  7.2886498e-002
 -7.3327816e-002  7.3327816e-002
 -7.3695380e-002  7.3695380e-002
 -7.4026396e-002  7.4026396e-002
 -7.4344825e-002  7.4344825e-002
 -7.4659108e-002  7.4659108e-002
 -7.5137250e-002  7.5137250e-002
 -7.5647600e-002  7.5647600e-002
 -7.6154253e-002  7.6154253e-002
 -7.6660216e-002  7.6660216e-002
 -7.7036812e-002  7.7036812e-002
 -7.7421914e-002  7.7421914e-002
 -7.7897016e-002  7.7897016e-002
 -7.8370790e-002  7.8370790e-002
 -7.8850572e-002  7.8850572e-002
 -7.9353965e-002  7.9353965e-002
 -7.9926909e-002  7.9926909e-002
 -8.0517470e-002  8.0517470e-002
 -8.1142694e-002  8.1142694e-002
 -8.1731002e-002  8.1731002e-002
 -8.2268438e-002  8.2268438e-002
 -8.2753203e-002  8.2753203e-002
 -8.3198643e-002  8.3198643e-002
 -8.3667212e-002  8.3667212e-002
 -8.4152016e-002  8.4152016e-002
 -8.4587499e-002  8.4587499e-002
 -8.4998812e-002  8.4998812e-002
 -8.5467670e-002  8.5467670e-002
 -8.5955235e-002  8.5955235e-002
 -8.6459380e-002  8.6459380e-002
 -8.6966726e-002  8.6966726e-002
 -8.7558857e-002  8.7558857e-002
 -8.8158238e-002  8.8158238e-002
 -8.8767552e-002  8.8767552e-002
 -8.9368235e-002  8.9368235e-002
 -8.9880385e-002  8.9880385e-002
 -9.0374618e-002  9.0374618e-002
 -9.0782819e-002  9.0782819e-002
 -9.1247816e-002  9.1247816e-002
 -9.1841618e-002  9.1841618e-002
 -9.2388107e-002  9.2388107e-002
 -9.2842521e-002  9.2842521e-002
 -9.3332921e-002  9.3332921e-002
 -9.3872412e-002  9.3872412e-002
 -9.4399455e-002  9.4399455e-002
 -9.4914370e-002  9.4914370e-002
 -9.5400659e-002  9.5400659e-002
 -9.5867060e-002  9.5867060e-002
 -9.6324303e-002  9.6324303e-002
 -9.6777107e-002  9.6777107e-002
 -9.7357935e-002  9.7357935e-002
 -9.7979830e-002  9.7979830e-002
 -9.8395004e-002  9.8395004e-002
 -9.8770998e-002  9.8770998e-002
 -9.9198601e-002  9.9198601e-002
 -9.9630025e-002  9.9630025e-002
 -1.0027137e-001  1.0027137e-001
 -1.0090470e-001  1.0090470e-001
 -1.0145832e-001  1.0145832e-001
 -1.0201962e-001  1.0201962e-001
 -1.0261720e-001  1.0261720e-001
 -1.0318889e-001  1.0318889e-001
 -1.0369875e-001  1.0369875e-001
 -1.0423478e-001  1.0423478e-001
 -1.0482119e-001  1.0482119e-001
 -1.0534508e-001  1.0534508e-001
 -1.0578452e-001  1.0578452e-001
 -1.0640632e-001  1.0640632e-001
 -1.0720404e-001  1.0720404e-001
 -1.0782693e-001  1.0782693e-001
 -1.0834210e-001  1.0834210e-001
 -1.0880769e-001  1.0880769e-001
 -1.0924954e-001  1.0924954e-001
 -1.0963479e-001  1.0963479e-001
 -1.1000213e-001  1.1000213e-001
 -1.1063996e-001  1.1063996e-001
 -1.1132812e-001  1.1132812e-001
 -1.1174749e-001  1.1174749e-001
 -1.1216171e-001  1.1216171e-001
 -1.1292583e-001  1.1292583e-001
 -1.1366594e-001  1.1366594e-001
 -1.1417397e-001  1.1417397e-001
 -1.1464435e-001  1.1464435e-001
 -1.1494006e-001  1.1494006e-001
 -1.1536390e-001  1.1536390e-001
 -1.1615088e-001  1.1615088e-001
 -1.1686224e-001  1.1686224e-001
 -1.1738202e-001  1.1738202e-001
 -1.1787901e-001  1.1787901e-001
 -1.1812901e-001  1.1812901e-001
 -1.1837901e-001  1.1837901e-001
 -1.1862901e-001  1.1862901e-001
 -1.1887901e-001  1.1887901e-001
 -1.1912901e-001  1.1912901e-001
 -1.1939151e-001  1.1939151e-001
 -1.1965401e-001  1.1965401e-001
 -1.1991651e-001  1.1991651e-001
 -1.2017901e-001  1.2017901e-001
 -1.2044151e-001  1.2044151e-001
 -1.2070401e-001  1.2070401e-001
 -1.2096651e-001  1.2096651e-001
 -1.2122901e-001  1.2122901e-001
 -1.2151651e-001  1.2151651e-001
 -1.2180401e-001  1.2180401e-001
 -1.2209151e-001  1.2209151e-001
 -1.2237901e-001  1.2237901e-001
 -1.2266651e-001  1.2266651e-001
 -1.2295401e-001  1.2295401e-001
 -1.2324151e-001  1.2324151e-001
 -1.2352901e-001  1.2352901e-001
 -1.2382901e-001  1.2382901e-001
 -1.2412901e-001  1.2412901e-001
 -1.2442901e-001  1.2442901e-001
 -1.2472901e-001  1.2472901e-001
 -1.2502901e-001  1.2502901e-001
 -1.2532901e-001  1.2532901e-001
 -1.2562901e-001  1.2562901e-001
 -1.2592901e-001  1.2592901e-001
 -1.2625401e-001  1.2625401e-001
 -1.2657901e-001  1.2657901e-001
 -1.2690401e-001  1.2690401e-001
 -1.2722901e-001  1.2722901e-001
 -1.2755401e-001  1.2755401e-001
 -1.2787901e-001  1.2787901e-001
 -1.2820401e-001  1.2820401e-001
 -1.2852901e-001  1.2852901e-001
 -1.2886651e-001  1.2886651e-001
 -1.2920401e-001  1.2920401e-001
 -1.2954151e-001  1.2954151e-001
 -1.2987901e-001  1.2987901e-001
 -1.3021651e-001  1.3021651e-001
 -1.3055401e-001  1.3055401e-001
 -1.3089151e-001  1.3089151e-001
 -1.3122901e-001  1.3122901e-001
 -1.3159151e-001  1.3159151e-001
 -1.3195401e-001  1.3195401e-001
 -1.3231651e-001  1.3231651e-001
 -1.3267901e-001  1.3267901e-001
 -1.3304151e-001  1.3304151e-001
 -1.3340401e-001  1.3340401e-001
 -1.3376651e-001  1.3376651e-001
 -1.3412901e-001  1.3412901e-001
 -1.3449151e-001  1.3449151e-001
 -1.3485401e-001  1.3485401e-001
 -1.3521651e-001  1.3521651e-001
 -1.3557901e-001  1.3557901e-001
 -1.3594151e-001  1.3594151e-001
 -1.3630401e-001  1.3630401e-001
 -1.3666651e-001  1.3666651e-001
 -1.3702901e-001  1.3702901e-001
 -1.3740401e-001  1.3740401e-001
 -1.3777901e-001  1.3777901e-001
 -1.3815401e-001  1.3815401e-001
 -1.3852901e-001  1.3852901e-001
 -1.3890401e-001  1.3890401e-001
 -1.3927901e-001  1.3927901e-001
 -1.3965401e-001  1.3965401e-001
 -1.3984229e-001  1.3984229e-001
 -1.4003057e-001  1.4003057e-001
 -1.4021885e-001  1.4021885e-001
 -1.4040713e-001  1.4040713e-001
 -1.4059542e-001  1.4059542e-001
 -1.4078370e-001  1.4078370e-001
 -1.4097198e-001  1.4097198e-001
 -1.4116026e-001  1.4116026e-001
 -1.4134854e-001  1.4134854e-001
 -1.4153682e-001  1.4153682e-001
 -1.4172510e-001  1.4172510e-001
 -1.4191339e-001  1.4191339e-001
 -1.4210167e-001  1.4210167e-001
 -1.4228995e-001  1.4228995e-001
 -1.4247823e-001  1.4247823e-001
 -1.4266651e-001  1.4266651e-001
 -1.4285479e-001  1.4285479e-001
 -1.4304307e-001  1.4304307e-001
 -1.4323135e-001  1.4323135e-001
 -1.4341963e-001  1.4341963e-001
 -1.4360792e-001  1.4360792e-001
 -1.4379620e-001  1.4379620e-001
 -1.4398448e-001  1.4398448e-001
 -1.4417276e-001  1.4417276e-001
 -1.4436104e-001  1.4436104e-001
 -1.4454932e-001  1.4454932e-001
 -1.4473760e-001  1.4473760e-001
 -1.4492589e-001  1.4492589e-001
 -1.4511417e-001  1.4511417e-001
 -1.4530245e-001  1.4530245e-001
 -1.4549073e-001  1.4549073e-001
 -1.4567901e-001  1.4567901e-001
 -1.4586729e-001  1.4586729e-001
 -1.4605557e-001  1.4605557e-001
 -1.4624385e-001  1.4624385e-001
 -1.4643213e-001  1.4643213e-001
 -1.4662042e-001  1.4662042e-001
 -1.4680870e-001  1.4680870e-001
 -1.4699698e-001  1.4699698e-001
 -1.4718526e-001  1.4718526e-001
 -1.4737354e-001  1.4737354e-001
 -1.4756182e-001  1.4756182e-001
 -1.4775010e-001  1.4775010e-001
 -1.4793839e-001  1.4793839e-001
 -1.4812667e-001  1.4812667e-001
 -1.4831495e-001  1.4831495e-001
 -1.4850323e-001  1.4850323e-001
 -1.4869151e-001  1.4869151e-001
 -1.4887979e-001  1.4887979e-001
 -1.4906807e-001  1.4906807e-001
 -1.4925635e-001  1.4925635e-001
 -1.4944463e-001  1.4944463e-001
 -1.4963292e-001  1.4963292e-001
 -1.4982120e-001  1.4982120e-001
 -1.5000948e-001  1.5000948e-001
 -1.5019776e-001  1.5019776e-001
 -1.5038604e-001  1.5038604e-001
 -1.5057432e-001  1.5057432e-001
 -1.5076260e-001  1.5076260e-001
 -1.5095089e-001  1.5095089e-001
 -1.5113917e-001  1.5113917e-001
 -1.5132745e-001  1.5132745e-001
 -1.5151573e-001  1.5151573e-001
 -1.5170401e-001  1.5170401e-001
 -1.5189229e-001  1.5189229e-001
 -1.5208057e-001  1.5208057e-001
 -1.5226885e-001  1.5226885e-001
 -1.5245713e-001  1.5245713e-001
 -1.5264542e-001  1.5264542e-001
 -1.5283370e-001  1.5283370e-001
 -1.5302198e-001  1.5302198e-001
 -1.5321026e-001  1.5321026e-001
 -1.5339854e-001  1.5339854e-001
