 -0.0000000e+000  0.0000000e+000
 -0.0000000e+000  0.0000000e+000
 -0.0000000e+000  0.0000000e+000
 -0.0000000e+000  0.0000000e+000
 -0.0000000e+000  0.0000000e+000
 -0.0000000e+000  0.0000000e+000
 -0.0000000e+000  0.0000000e+000
 -0.0000000e+000  0.0000000e+000
 -0.0000000e+000  0.0000000e+000
 -0.0000000e+000  0.0000000e+000
 -0.0000000e+000  0.0000000e+000
 -0.0000000e+000  0.0000000e+000
 -0.0000000e+000  0.0000000e+000
 -0.0000000e+000  0.0000000e+000
 -0.0000000e+000  0.0000000e+000
 -0.0000000e+000  0.0000000e+000
 -0.0000000e+000  0.0000000e+000
 -0.0000000e+000  0.0000000e+000
 -0.0000000e+000  0.0000000e+000
 -0.0000000e+000  0.0000000e+000
 -0.0000000e+000  0.0000000e+000
 -0.0000000e+000  0.0000000e+000
 -0.0000000e+000  0.0000000e+000
 -0.0000000e+000  0.0000000e+000
 -0.0000000e+000  0.0000000e+000
 -0.0000000e+000  0.0000000e+000
 -0.0000000e+000  0.0000000e+000
 -0.0000000e+000  0.0000000e+000
 -0.0000000e+000  0.0000000e+000
 -0.0000000e+000  0.0000000e+000
 -0.0000000e+000  0.0000000e+000
 -0.0000000e+000  0.0000000e+000
 -0.0000000e+000  0.0000000e+000
 -0.0000000e+000  0.0000000e+000
 -0.0000000e+000  0.0000000e+000
 -0.0000000e+000  0.0000000e+000
 -0.0000000e+000  0.0000000e+000
 -0.0000000e+000  0.0000000e+000
 -0.0000000e+000  0.0000000e+000
 -0.0000000e+000  0.0000000e+000
 -0.0000000e+000  0.0000000e+000
 -0.0000000e+000  0.0000000e+000
 -0.0000000e+000  0.0000000e+000
 -0.0000000e+000  0.0000000e+000
 -0.0000000e+000  0.0000000e+000
 -0.0000000e+000  0.0000000e+000
 -0.0000000e+000  0.0000000e+000
 -0.0000000e+000  0.0000000e+000
 -0.0000000e+000  0.0000000e+000
 -0.0000000e+000  0.0000000e+000
 -0.0000000e+000  0.0000000e+000
 -0.0000000e+000  0.0000000e+000
 -0.0000000e+000  0.0000000e+000
 -0.0000000e+000  0.0000000e+000
 -0.0000000e+000  0.0000000e+000
 -0.0000000e+000  0.0000000e+000
 -0.0000000e+000  0.0000000e+000
 -0.0000000e+000  0.0000000e+000
 -0.0000000e+000  0.0000000e+000
 -0.0000000e+000  0.0000000e+000
 -0.0000000e+000  0.0000000e+000
 -0.0000000e+000  0.0000000e+000
 -0.0000000e+000  0.0000000e+000
 -0.0000000e+000  0.0000000e+000
 -0.0000000e+000  0.0000000e+000
 -0.0000000e+000  0.0000000e+000
 -0.0000000e+000  0.0000000e+000
 -0.0000000e+000  0.0000000e+000
 -0.0000000e+000  0.0000000e+000
 -0.0000000e+000  0.0000000e+000
 -0.0000000e+000  0.0000000e+000
 -0.0000000e+000  0.0000000e+000
 -0.0000000e+000  0.0000000e+000
 -0.0000000e+000  0.0000000e+000
 -0.0000000e+000  0.0000000e+000
 -0.0000000e+000  0.0000000e+000
 -0.0000000e+000  0.0000000e+000
 -0.0000000e+000  0.0000000e+000
 -0.0000000e+000  0.0000000e+000
 -0.0000000e+000  0.0000000e+000
 -0.0000000e+000  0.0000000e+000
 -0.0000000e+000  0.0000000e+000
 -0.0000000e+000  0.0000000e+000
 -0.0000000e+000  0.0000000e+000
 -0.0000000e+000  0.0000000e+000
 -0.0000000e+000  0.0000000e+000
 -0.0000000e+000  0.0000000e+000
 -0.0000000e+000  0.0000000e+000
 -0.0000000e+000  0.0000000e+000
 -0.0000000e+000  0.0000000e+000
 -0.0000000e+000  0.0000000e+000
 -0.0000000e+000  0.0000000e+000
 -6.3476722e-009  6.3476722e-009
 -6.4954146e-007  6.4954146e-007
 -3.1755169e-006  3.1755169e-006
 -2.3975262e-005  2.3975262e-005
 -3.8885083e-005  3.8885083e-005
 -2.6398428e-005  2.6398428e-005
 -2.5588658e-005  2.5588658e-005
 -5.7929344e-005  5.7929344e-005
 -7.5795685e-005  7.5795685e-005
 -6.6062814e-005  6.6062814e-005
 -3.5777860e-005  3.5777860e-005
  2.2022901e-005 -2.2022901e-005
  3.3455853e-005 -3.3455853e-005
  5.3547878e-007 -5.3547878e-007
 -1.6130082e-005  1.6130082e-005
 -2.1714975e-005  2.1714975e-005
 -6.6642677e-005  6.6642677e-005
 -1.3023987e-004  1.3023987e-004
 -9.1917634e-005  9.1917634e-005
 -2.1713031e-005  2.1713031e-005
 -4.0670438e-005  4.0670438e-005
 -7.5950754e-005  7.5950754e-005
 -1.4823674e-004  1.4823674e-004
 -2.2263871e-004  2.2263871e-004
 -2.3932297e-004  2.3932297e-004
 -2.5847555e-004  2.5847555e-004
 -3.0090484e-004  3.0090484e-004
 -3.2411513e-004  3.2411513e-004
 -2.5942355e-004  2.5942355e-004
 -2.2587322e-004  2.2587322e-004
 -2.7961058e-004  2.7961058e-004
 -3.1546775e-004  3.1546775e-004
 -3.1760163e-004  3.1760163e-004
 -2.9465500e-004  2.9465500e-004
 -2.3846630e-004  2.3846630e-004
 -2.3186123e-004  2.3186123e-004
 -2.7221951e-004  2.7221951e-004
 -3.1949327e-004  3.1949327e-004
 -3.7143316e-004  3.7143316e-004
 -4.3993600e-004  4.3993600e-004
 -5.1620999e-004  5.1620999e-004
 -4.4138743e-004  4.4138743e-004
 -3.1993937e-004  3.1993937e-004
 -2.7277261e-004  2.7277261e-004
 -2.3894877e-004  2.3894877e-004
 -1.5194631e-004  1.5194631e-004
 -6.1267746e-005  6.1267746e-005
  1.2843023e-005 -1.2843023e-005
  7.0389778e-005 -7.0389778e-005
 -2.3931494e-005  2.3931494e-005
 -1.0694664e-004  1.0694664e-004
 -1.3910585e-004  1.3910585e-004
 -1.8875854e-004  1.8875854e-004
 -2.8682635e-004  2.8682635e-004
 -3.5747376e-004  3.5747376e-004
 -3.7696390e-004  3.7696390e-004
 -3.9202529e-004  3.9202529e-004
 -4.0127550e-004  4.0127550e-004
 -4.4207255e-004  4.4207255e-004
 -5.1245565e-004  5.1245565e-004
 -5.7401314e-004  5.7401314e-004
 -6.2967647e-004  6.2967647e-004
 -6.4567248e-004  6.4567248e-004
 -6.4326751e-004  6.4326751e-004
 -6.4151634e-004  6.4151634e-004
 -6.3996416e-004  6.3996416e-004
 -6.9296327e-004  6.9296327e-004
 -7.5557452e-004  7.5557452e-004
 -7.5999648e-004  7.5999648e-004
 -7.5859708e-004  7.5859708e-004
 -6.6094440e-004  6.6094440e-004
 -5.7478178e-004  5.7478178e-004
 -5.9110693e-004  5.9110693e-004
 -6.0574724e-004  6.0574724e-004
 -6.1293298e-004  6.1293298e-004
 -6.3505577e-004  6.3505577e-004
 -6.9800017e-004  6.9800017e-004
 -7.4676575e-004  7.4676575e-004
 -7.6936369e-004  7.6936369e-004
 -7.6497434e-004  7.6497434e-004
 -7.2552760e-004  7.2552760e-004
 -6.7084534e-004  6.7084534e-004
 -6.0201502e-004  6.0201502e-004
 -5.7726844e-004  5.7726844e-004
 -5.8166168e-004  5.8166168e-004
 -5.6609360e-004  5.6609360e-004
 -5.4137097e-004  5.4137097e-004
 -5.7272471e-004  5.7272471e-004
 -6.2091175e-004  6.2091175e-004
 -7.1125671e-004  7.1125671e-004
 -8.0888658e-004  8.0888658e-004
 -8.4149982e-004  8.4149982e-004
 -8.7084065e-004  8.7084065e-004
 -9.5771298e-004  9.5771298e-004
 -1.0340799e-003  1.0340799e-003
 -1.0192311e-003  1.0192311e-003
 -1.0017648e-003  1.0017648e-003
 -9.7290501e-004  9.7290501e-004
 -9.5371101e-004  9.5371101e-004
 -9.6060345e-004  9.6060345e-004
 -9.9200514e-004  9.9200514e-004
 -1.0681535e-003  1.0681535e-003
 -1.0832649e-003  1.0832649e-003
 -1.0198785e-003  1.0198785e-003
 -9.8988859e-004  9.8988859e-004
 -9.9060655e-004  9.9060655e-004
 -1.0106725e-003  1.0106725e-003
 -1.0433965e-003  1.0433965e-003
 -1.0584513e-003  1.0584513e-003
 -1.0654951e-003  1.0654951e-003
 -1.0437760e-003  1.0437760e-003
 -1.0135422e-003  1.0135422e-003
 -1.0234759e-003  1.0234759e-003
 -1.0402145e-003  1.0402145e-003
 -1.0748771e-003  1.0748771e-003
 -1.1080968e-003  1.1080968e-003
 -1.0262045e-003  1.0262045e-003
 -9.4897432e-004  9.4897432e-004
 -9.1117122e-004  9.1117122e-004
 -8.7660467e-004  8.7660467e-004
 -8.5590050e-004  8.5590050e-004
 -8.3412653e-004  8.3412653e-004
 -8.0950111e-004  8.0950111e-004
 -8.0064995e-004  8.0064995e-004
 -8.2028940e-004  8.2028940e-004
 -8.0666231e-004  8.0666231e-004
 -7.5067878e-004  7.5067878e-004
 -7.2502781e-004  7.2502781e-004
 -7.2699290e-004  7.2699290e-004
 -7.0089842e-004  7.0089842e-004
 -6.5663518e-004  6.5663518e-004
 -6.7145262e-004  6.7145262e-004
 -7.1274948e-004  7.1274948e-004
 -7.1862779e-004  7.1862779e-004
 -7.1416754e-004  7.1416754e-004
 -7.8344310e-004  7.8344310e-004
 -8.6496264e-004  8.6496264e-004
 -8.3918667e-004  8.3918667e-004
 -8.0527359e-004  8.0527359e-004
 -7.1499210e-004  7.1499210e-004
 -6.2682098e-004  6.2682098e-004
 -5.5604173e-004  5.5604173e-004
 -5.1019901e-004  5.1019901e-004
 -5.6946665e-004  5.6946665e-004
 -5.8353228e-004  5.8353228e-004
 -4.7860170e-004  4.7860170e-004
 -4.0874578e-004  4.0874578e-004
 -4.0156295e-004  4.0156295e-004
 -3.6018050e-004  3.6018050e-004
 -2.7568717e-004  2.7568717e-004
 -2.8407014e-004  2.8407014e-004
 -3.7617924e-004  3.7617924e-004
 -3.5859145e-004  3.5859145e-004
 -2.7070583e-004  2.7070583e-004
 -2.4045643e-004  2.4045643e-004
 -2.3574189e-004  2.3574189e-004
 -2.1032799e-004  2.1032799e-004
 -1.7895697e-004  1.7895697e-004
 -2.2065667e-004  2.2065667e-004
 -2.7424550e-004  2.7424550e-004
 -3.0069124e-004  3.0069124e-004
 -3.2295789e-004  3.2295789e-004
 -2.5357431e-004  2.5357431e-004
 -1.7051131e-004  1.7051131e-004
  2.2468166e-005 -2.2468166e-005
  1.8935123e-004 -1.8935123e-004
  2.4796382e-004 -2.4796382e-004
  3.3676429e-004 -3.3676429e-004
  5.0406159e-004 -5.0406159e-004
  6.8963437e-004 -6.8963437e-004
  9.0751491e-004 -9.0751491e-004
  1.0714798e-003 -1.0714798e-003
  1.1681565e-003 -1.1681565e-003
  1.2639026e-003 -1.2639026e-003
  1.3588180e-003 -1.3588180e-003
  1.4003976e-003 -1.4003976e-003
  1.4081505e-003 -1.4081505e-003
  1.5416777e-003 -1.5416777e-003
  1.7302835e-003 -1.7302835e-003
  1.8685835e-003 -1.8685835e-003
  1.9926110e-003 -1.9926110e-003
  2.0330039e-003 -2.0330039e-003
  2.0600669e-003 -2.0600669e-003
  2.0618590e-003 -2.0618590e-003
  2.0633823e-003 -2.0633823e-003
  2.1033171e-003 -2.1033171e-003
  2.1506356e-003 -2.1506356e-003
  2.2558286e-003 -2.2558286e-003
  2.3439254e-003 -2.3439254e-003
  2.3621969e-003 -2.3621969e-003
  2.3914442e-003 -2.3914442e-003
  2.4488837e-003 -2.4488837e-003
  2.4827346e-003 -2.4827346e-003
  2.4753280e-003 -2.4753280e-003
  2.4982993e-003 -2.4982993e-003
  2.5588066e-003 -2.5588066e-003
  2.6064046e-003 -2.6064046e-003
  2.6425933e-003 -2.6425933e-003
  2.7736897e-003 -2.7736897e-003
  2.9643557e-003 -2.9643557e-003
  3.1049691e-003 -3.1049691e-003
  3.2239181e-003 -3.2239181e-003
  3.3514427e-003 -3.3514427e-003
  3.4813657e-003 -3.4813657e-003
  3.5810869e-003 -3.5810869e-003
  3.6760945e-003 -3.6760945e-003
  3.7337455e-003 -3.7337455e-003
  3.7904765e-003 -3.7904765e-003
  3.8806077e-003 -3.8806077e-003
  3.9730060e-003 -3.9730060e-003
  4.0827453e-003 -4.0827453e-003
  4.1511245e-003 -4.1511245e-003
  4.0531832e-003 -4.0531832e-003
  4.0098432e-003 -4.0098432e-003
  4.1050504e-003 -4.1050504e-003
  4.2005233e-003 -4.2005233e-003
  4.2964562e-003 -4.2964562e-003
  4.3639723e-003 -4.3639723e-003
  4.3967243e-003 -4.3967243e-003
  4.3745550e-003 -4.3745550e-003
  4.3043247e-003 -4.3043247e-003
  4.3871452e-003 -4.3871452e-003
  4.5650330e-003 -4.5650330e-003
  4.5883031e-003 -4.5883031e-003
  4.5454301e-003 -4.5454301e-003
  4.5778233e-003 -4.5778233e-003
  4.6309624e-003 -4.6309624e-003
  4.5899173e-003 -4.5899173e-003
  4.5723573e-003 -4.5723573e-003
  4.6620018e-003 -4.6620018e-003
  4.7567249e-003 -4.7567249e-003
  4.8390185e-003 -4.8390185e-003
  4.9072262e-003 -4.9072262e-003
  4.8702301e-003 -4.8702301e-003
  4.8393357e-003 -4.8393357e-003
  4.8326030e-003 -4.8326030e-003
  4.8975254e-003 -4.8975254e-003
  4.8888851e-003 -4.8888851e-003
  4.9158147e-003 -4.9158147e-003
  5.0036492e-003 -5.0036492e-003
  5.1552778e-003 -5.1552778e-003
  5.3841762e-003 -5.3841762e-003
  5.5452568e-003 -5.5452568e-003
  5.6475764e-003 -5.6475764e-003
  5.7364679e-003 -5.7364679e-003
  5.7783029e-003 -5.7783029e-003
  5.7654035e-003 -5.7654035e-003
  5.7293638e-003 -5.7293638e-003
  5.7604274e-003 -5.7604274e-003
  5.8097184e-003 -5.8097184e-003
  5.8659346e-003 -5.8659346e-003
  5.9231862e-003 -5.9231862e-003
  5.9091504e-003 -5.9091504e-003
  5.8948756e-003 -5.8948756e-003
  5.9488720e-003 -5.9488720e-003
  5.9981703e-003 -5.9981703e-003
  6.0131928e-003 -6.0131928e-003
  6.0094251e-003 -6.0094251e-003
  5.9323776e-003 -5.9323776e-003
  5.9054012e-003 -5.9054012e-003
  5.9771879e-003 -5.9771879e-003
  6.0340200e-003 -6.0340200e-003
  6.0655157e-003 -6.0655157e-003
  6.1357665e-003 -6.1357665e-003
  6.2524936e-003 -6.2524936e-003
  6.3598248e-003 -6.3598248e-003
  6.4590951e-003 -6.4590951e-003
  6.5200568e-003 -6.5200568e-003
  6.5450909e-003 -6.5450909e-003
  6.5047197e-003 -6.5047197e-003
  6.4370224e-003 -6.4370224e-003
  6.3809010e-003 -6.3809010e-003
  6.3278779e-003 -6.3278779e-003
  6.3052609e-003 -6.3052609e-003
  6.2870913e-003 -6.2870913e-003
  6.3390267e-003 -6.3390267e-003
  6.3907698e-003 -6.3907698e-003
  6.3592049e-003 -6.3592049e-003
  6.3205229e-003 -6.3205229e-003
  6.2311027e-003 -6.2311027e-003
  6.1769169e-003 -6.1769169e-003
  6.2580792e-003 -6.2580792e-003
  6.3125276e-003 -6.3125276e-003
  6.3016027e-003 -6.3016027e-003
  6.2714215e-003 -6.2714215e-003
  6.2512884e-003 -6.2512884e-003
  6.2543068e-003 -6.2543068e-003
  6.2848145e-003 -6.2848145e-003
  6.3134331e-003 -6.3134331e-003
  6.3404469e-003 -6.3404469e-003
  6.3727529e-003 -6.3727529e-003
  6.4082445e-003 -6.4082445e-003
  6.3824303e-003 -6.3824303e-003
  6.3313058e-003 -6.3313058e-003
  6.3516978e-003 -6.3516978e-003
  6.3909487e-003 -6.3909487e-003
  6.4215603e-003 -6.4215603e-003
  6.4509363e-003 -6.4509363e-003
  6.4223650e-003 -6.4223650e-003
  6.3884403e-003 -6.3884403e-003
  6.2644293e-003 -6.2644293e-003
  6.1556794e-003 -6.1556794e-003
  6.1532888e-003 -6.1532888e-003
  6.1206688e-003 -6.1206688e-003
  5.9736546e-003 -5.9736546e-003
  5.8471381e-003 -5.8471381e-003
  5.7701870e-003 -5.7701870e-003
  5.6987723e-003 -5.6987723e-003
  5.6365420e-003 -5.6365420e-003
  5.5935647e-003 -5.5935647e-003
  5.5732220e-003 -5.5732220e-003
  5.5637081e-003 -5.5637081e-003
  5.5633013e-003 -5.5633013e-003
  5.5242520e-003 -5.5242520e-003
  5.4621866e-003 -5.4621866e-003
  5.4738973e-003 -5.4738973e-003
  5.5030798e-003 -5.5030798e-003
  5.4483948e-003 -5.4483948e-003
  5.3719232e-003 -5.3719232e-003
  5.3789597e-003 -5.3789597e-003
  5.3976722e-003 -5.3976722e-003
  5.3754410e-003 -5.3754410e-003
  5.3514769e-003 -5.3514769e-003
  5.3260999e-003 -5.3260999e-003
  5.2800860e-003 -5.2800860e-003
  5.1794660e-003 -5.1794660e-003
  5.1067833e-003 -5.1067833e-003
  5.1382612e-003 -5.1382612e-003
  5.1701055e-003 -5.1701055e-003
  5.2028251e-003 -5.2028251e-003
  5.2227080e-003 -5.2227080e-003
  5.2215185e-003 -5.2215185e-003
  5.2307438e-003 -5.2307438e-003
  5.2520920e-003 -5.2520920e-003
  5.2446904e-003 -5.2446904e-003
  5.2133489e-003 -5.2133489e-003
  5.1708566e-003 -5.1708566e-003
  5.1217924e-003 -5.1217924e-003
  5.0173577e-003 -5.0173577e-003
  4.8906046e-003 -4.8906046e-003
  4.8092828e-003 -4.8092828e-003
  4.7428159e-003 -4.7428159e-003
  4.6925245e-003 -4.6925245e-003
  4.6444430e-003 -4.6444430e-003
  4.5326448e-003 -4.5326448e-003
  4.4201178e-003 -4.4201178e-003
  4.3420757e-003 -4.3420757e-003
  4.2784225e-003 -4.2784225e-003
  4.2980847e-003 -4.2980847e-003
  4.3082207e-003 -4.3082207e-003
  4.2833582e-003 -4.2833582e-003
  4.2382367e-003 -4.2382367e-003
  4.1452754e-003 -4.1452754e-003
  4.0605013e-003 -4.0605013e-003
  3.9890268e-003 -3.9890268e-003
  3.9193488e-003 -3.9193488e-003
  3.8391161e-003 -3.8391161e-003
  3.7958610e-003 -3.7958610e-003
  3.7830918e-003 -3.7830918e-003
  3.6706480e-003 -3.6706480e-003
  3.5000786e-003 -3.5000786e-003
  3.3612874e-003 -3.3612874e-003
  3.2351513e-003 -3.2351513e-003
  3.1460370e-003 -3.1460370e-003
  3.0662518e-003 -3.0662518e-003
  2.9529770e-003 -2.9529770e-003
  2.8352332e-003 -2.8352332e-003
  2.6715561e-003 -2.6715561e-003
  2.5072828e-003 -2.5072828e-003
  2.3628559e-003 -2.3628559e-003
  2.2268527e-003 -2.2268527e-003
  2.1458177e-003 -2.1458177e-003
  2.0648771e-003 -2.0648771e-003
  1.9842780e-003 -1.9842780e-003
  1.8951736e-003 -1.8951736e-003
  1.7862197e-003 -1.7862197e-003
  1.6804936e-003 -1.6804936e-003
  1.5799560e-003 -1.5799560e-003
  1.4591393e-003 -1.4591393e-003
  1.3151814e-003 -1.3151814e-003
  1.1782505e-003 -1.1782505e-003
  1.0676665e-003 -1.0676665e-003
  9.6534076e-004 -9.6534076e-004
  8.6777993e-004 -8.6777993e-004
  7.5185349e-004 -7.5185349e-004
  6.2870156e-004 -6.2870156e-004
  4.3684939e-004 -4.3684939e-004
  2.2795029e-004 -2.2795029e-004
  9.4766551e-005 -9.4766551e-005
 -3.0197600e-005  3.0197600e-005
 -1.6900651e-004  1.6900651e-004
 -3.0576616e-004  3.0576616e-004
 -3.9672162e-004  3.9672162e-004
 -4.9689608e-004  4.9689608e-004
 -6.5596321e-004  6.5596321e-004
 -7.9209465e-004  7.9209465e-004
 -8.7163000e-004  8.7163000e-004
 -9.4617597e-004  9.4617597e-004
 -1.0092137e-003  1.0092137e-003
 -1.0919928e-003  1.0919928e-003
 -1.2061785e-003  1.2061785e-003
 -1.3344883e-003  1.3344883e-003
 -1.4787569e-003  1.4787569e-003
 -1.5967255e-003  1.5967255e-003
 -1.6808144e-003  1.6808144e-003
 -1.8194993e-003  1.8194993e-003
 -1.9893521e-003  1.9893521e-003
 -2.1501359e-003  2.1501359e-003
 -2.3073951e-003  2.3073951e-003
 -2.4526745e-003  2.4526745e-003
 -2.5950272e-003  2.5950272e-003
 -2.7344648e-003  2.7344648e-003
 -2.8987819e-003  2.8987819e-003
 -2.9908165e-003  2.9908165e-003
 -3.0836847e-003  3.0836847e-003
 -3.2290361e-003  3.2290361e-003
 -3.3704106e-003  3.3704106e-003
 -3.4869057e-003  3.4869057e-003
 -3.6199485e-003  3.6199485e-003
 -3.8111993e-003  3.8111993e-003
 -3.9639403e-003  3.9639403e-003
 -4.0576690e-003  4.0576690e-003
 -4.1794051e-003  4.1794051e-003
 -4.3452367e-003  4.3452367e-003
 -4.5084288e-003  4.5084288e-003
 -4.6686680e-003  4.6686680e-003
 -4.8484721e-003  4.8484721e-003
 -5.0439308e-003  5.0439308e-003
 -5.2147477e-003  5.2147477e-003
 -5.3645157e-003  5.3645157e-003
 -5.4646129e-003  5.4646129e-003
 -5.5456411e-003  5.5456411e-003
 -5.7051812e-003  5.7051812e-003
 -5.8836029e-003  5.8836029e-003
 -6.0416963e-003  6.0416963e-003
 -6.1972688e-003  6.1972688e-003
 -6.3920385e-003  6.3920385e-003
 -6.5865956e-003  6.5865956e-003
 -6.7654579e-003  6.7654579e-003
 -6.9370269e-003  6.9370269e-003
 -7.0639010e-003  7.0639010e-003
 -7.1949945e-003  7.1949945e-003
 -7.3407198e-003  7.3407198e-003
 -7.4766653e-003  7.4766653e-003
 -7.5905721e-003  7.5905721e-003
 -7.7198877e-003  7.7198877e-003
 -7.8732130e-003  7.8732130e-003
 -8.0563160e-003  8.0563160e-003
 -8.2724051e-003  8.2724051e-003
 -8.4461594e-003  8.4461594e-003
 -8.5863771e-003  8.5863771e-003
 -8.7500233e-003  8.7500233e-003
 -8.9267612e-003  8.9267612e-003
 -9.0927206e-003  9.0927206e-003
 -9.2545928e-003  9.2545928e-003
 -9.4285469e-003  9.4285469e-003
 -9.6053609e-003  9.6053609e-003
 -9.8644680e-003  9.8644680e-003
 -1.0133525e-002  1.0133525e-002
 -1.0322623e-002  1.0322623e-002
 -1.0516062e-002  1.0516062e-002
 -1.0810154e-002  1.0810154e-002
 -1.1090820e-002  1.1090820e-002
 -1.1290865e-002  1.1290865e-002
 -1.1490112e-002  1.1490112e-002
 -1.1686629e-002  1.1686629e-002
 -1.1881176e-002  1.1881176e-002
 -1.2071335e-002  1.2071335e-002
 -1.2268991e-002  1.2268991e-002
 -1.2458738e-002  1.2458738e-002
 -1.2685413e-002  1.2685413e-002
 -1.2952591e-002  1.2952591e-002
 -1.3196833e-002  1.3196833e-002
 -1.3423086e-002  1.3423086e-002
 -1.3679977e-002  1.3679977e-002
 -1.3953805e-002  1.3953805e-002
 -1.4180284e-002  1.4180284e-002
 -1.4384302e-002  1.4384302e-002
 -1.4659015e-002  1.4659015e-002
 -1.4950197e-002  1.4950197e-002
 -1.5157472e-002  1.5157472e-002
 -1.5354861e-002  1.5354861e-002
 -1.5564014e-002  1.5564014e-002
 -1.5774593e-002  1.5774593e-002
 -1.5990243e-002  1.5990243e-002
 -1.6212068e-002  1.6212068e-002
 -1.6470242e-002  1.6470242e-002
 -1.6709250e-002  1.6709250e-002
 -1.6883647e-002  1.6883647e-002
 -1.7082307e-002  1.7082307e-002
 -1.7334397e-002  1.7334397e-002
 -1.7584315e-002  1.7584315e-002
 -1.7843544e-002  1.7843544e-002
 -1.8099136e-002  1.8099136e-002
 -1.8350779e-002  1.8350779e-002
 -1.8549491e-002  1.8549491e-002
 -1.8707104e-002  1.8707104e-002
 -1.8913007e-002  1.8913007e-002
 -1.9145322e-002  1.9145322e-002
 -1.9381223e-002  1.9381223e-002
 -1.9618452e-002  1.9618452e-002
 -1.9837915e-002  1.9837915e-002
 -2.0053307e-002  2.0053307e-002
 -2.0242779e-002  2.0242779e-002
 -2.0429278e-002  2.0429278e-002
 -2.0665073e-002  2.0665073e-002
 -2.0900002e-002  2.0900002e-002
 -2.1108058e-002  2.1108058e-002
 -2.1332142e-002  2.1332142e-002
 -2.1648718e-002  2.1648718e-002
 -2.1958066e-002  2.1958066e-002
 -2.2243380e-002  2.2243380e-002
 -2.2527714e-002  2.2527714e-002
 -2.2809914e-002  2.2809914e-002
 -2.3105074e-002  2.3105074e-002
 -2.3419812e-002  2.3419812e-002
 -2.3718190e-002  2.3718190e-002
 -2.3985400e-002  2.3985400e-002
 -2.4257026e-002  2.4257026e-002
 -2.4532047e-002  2.4532047e-002
 -2.4809789e-002  2.4809789e-002
 -2.5089004e-002  2.5089004e-002
 -2.5322652e-002  2.5322652e-002
 -2.5539655e-002  2.5539655e-002
 -2.5797608e-002  2.5797608e-002
 -2.6064794e-002  2.6064794e-002
 -2.6267653e-002  2.6267653e-002
 -2.6463327e-002  2.6463327e-002
 -2.6739977e-002  2.6739977e-002
 -2.7019345e-002  2.7019345e-002
 -2.7317259e-002  2.7317259e-002
 -2.7604072e-002  2.7604072e-002
 -2.7828059e-002  2.7828059e-002
 -2.8063625e-002  2.8063625e-002
 -2.8337160e-002  2.8337160e-002
 -2.8581803e-002  2.8581803e-002
 -2.8764264e-002  2.8764264e-002
 -2.8993212e-002  2.8993212e-002
 -2.9291668e-002  2.9291668e-002
 -2.9551269e-002  2.9551269e-002
 -2.9769498e-002  2.9769498e-002
 -2.9941094e-002  2.9941094e-002
 -3.0077201e-002  3.0077201e-002
 -3.0335899e-002  3.0335899e-002
 -3.0660204e-002  3.0660204e-002
 -3.0972947e-002  3.0972947e-002
 -3.1281520e-002  3.1281520e-002
 -3.1548279e-002  3.1548279e-002
 -3.1818388e-002  3.1818388e-002
 -3.2052621e-002  3.2052621e-002
 -3.2282956e-002  3.2282956e-002
 -3.2586822e-002  3.2586822e-002
 -3.2892302e-002  3.2892302e-002
 -3.3205005e-002  3.3205005e-002
 -3.3515177e-002  3.3515177e-002
 -3.3811297e-002  3.3811297e-002
 -3.4082804e-002  3.4082804e-002
 -3.4315537e-002  3.4315537e-002
 -3.4603509e-002  3.4603509e-002
 -3.5009027e-002  3.5009027e-002
 -3.5386257e-002  3.5386257e-002
 -3.5721623e-002  3.5721623e-002
 -3.6065278e-002  3.6065278e-002
 -3.6417673e-002  3.6417673e-002
 -3.6725705e-002  3.6725705e-002
 -3.6990804e-002  3.6990804e-002
 -3.7338061e-002  3.7338061e-002
 -3.7728812e-002  3.7728812e-002
 -3.8081383e-002  3.8081383e-002
 -3.8420357e-002  3.8420357e-002
 -3.8727239e-002  3.8727239e-002
 -3.9027120e-002  3.9027120e-002
 -3.9363896e-002  3.9363896e-002
 -3.9704568e-002  3.9704568e-002
 -3.9982467e-002  3.9982467e-002
 -4.0263365e-002  4.0263365e-002
 -4.0593062e-002  4.0593062e-002
 -4.0921753e-002  4.0921753e-002
 -4.1244965e-002  4.1244965e-002
 -4.1575423e-002  4.1575423e-002
 -4.1929001e-002  4.1929001e-002
 -4.2233535e-002  4.2233535e-002
 -4.2434884e-002  4.2434884e-002
 -4.2672293e-002  4.2672293e-002
 -4.2962525e-002  4.2962525e-002
 -4.3290352e-002  4.3290352e-002
 -4.3657428e-002  4.3657428e-002
 -4.3997668e-002  4.3997668e-002
 -4.4330517e-002  4.4330517e-002
 -4.4617596e-002  4.4617596e-002
 -4.4880710e-002  4.4880710e-002
 -4.5212935e-002  4.5212935e-002
 -4.5569461e-002  4.5569461e-002
 -4.5896991e-002  4.5896991e-002
 -4.6218301e-002  4.6218301e-002
 -4.6473645e-002  4.6473645e-002
 -4.6709594e-002  4.6709594e-002
 -4.7149511e-002  4.7149511e-002
 -4.7586809e-002  4.7586809e-002
 -4.7966825e-002  4.7966825e-002
 -4.8332517e-002  4.8332517e-002
 -4.8621625e-002  4.8621625e-002
 -4.8934925e-002  4.8934925e-002
 -4.9324373e-002  4.9324373e-002
 -4.9712094e-002  4.9712094e-002
 -5.0069956e-002  5.0069956e-002
 -5.0412808e-002  5.0412808e-002
 -5.0733897e-002  5.0733897e-002
 -5.1041480e-002  5.1041480e-002
 -5.1335102e-002  5.1335102e-002
 -5.1680280e-002  5.1680280e-002
 -5.2063525e-002  5.2063525e-002
 -5.2394978e-002  5.2394978e-002
 -5.2699607e-002  5.2699607e-002
 -5.2986986e-002  5.2986986e-002
 -5.3268377e-002  5.3268377e-002
 -5.3585394e-002  5.3585394e-002
 -5.3909922e-002  5.3909922e-002
 -5.4261502e-002  5.4261502e-002
 -5.4615777e-002  5.4615777e-002
 -5.4980947e-002  5.4980947e-002
 -5.5342573e-002  5.5342573e-002
 -5.5660465e-002  5.5660465e-002
 -5.5976207e-002  5.5976207e-002
 -5.6280667e-002  5.6280667e-002
 -5.6585065e-002  5.6585065e-002
 -5.6889271e-002  5.6889271e-002
 -5.7200650e-002  5.7200650e-002
 -5.7539408e-002  5.7539408e-002
 -5.7879546e-002  5.7879546e-002
 -5.8221664e-002  5.8221664e-002
 -5.8625784e-002  5.8625784e-002
 -5.9093366e-002  5.9093366e-002
 -5.9478101e-002  5.9478101e-002
 -5.9802277e-002  5.9802277e-002
 -6.0217089e-002  6.0217089e-002
 -6.0665705e-002  6.0665705e-002
 -6.0994761e-002  6.0994761e-002
 -6.1282850e-002  6.1282850e-002
 -6.1560995e-002  6.1560995e-002
 -6.1837079e-002  6.1837079e-002
 -6.2210396e-002  6.2210396e-002
 -6.2593111e-002  6.2593111e-002
 -6.3017264e-002  6.3017264e-002
 -6.3461470e-002  6.3461470e-002
 -6.3990103e-002  6.3990103e-002
 -6.4486902e-002  6.4486902e-002
 -6.4819627e-002  6.4819627e-002
 -6.5164846e-002  6.5164846e-002
 -6.5548350e-002  6.5548350e-002
 -6.5900252e-002  6.5900252e-002
 -6.6187868e-002  6.6187868e-002
 -6.6505154e-002  6.6505154e-002
 -6.6864591e-002  6.6864591e-002
 -6.7253473e-002  6.7253473e-002
 -6.7672196e-002  6.7672196e-002
 -6.8154768e-002  6.8154768e-002
 -6.8683541e-002  6.8683541e-002
 -6.9094045e-002  6.9094045e-002
 -6.9444628e-002  6.9444628e-002
 -6.9892780e-002  6.9892780e-002
 -7.0373931e-002  7.0373931e-002
 -7.0812405e-002  7.0812405e-002
 -7.1242188e-002  7.1242188e-002
 -7.1547766e-002  7.1547766e-002
 -7.1841707e-002  7.1841707e-002
 -7.2291217e-002  7.2291217e-002
 -7.2732456e-002  7.2732456e-002
 -7.3089283e-002  7.3089283e-002
 -7.3448419e-002  7.3448419e-002
 -7.3819244e-002  7.3819244e-002
 -7.4201000e-002  7.4201000e-002
 -7.4615813e-002  7.4615813e-002
 -7.5033621e-002  7.5033621e-002
 -7.5457453e-002  7.5457453e-002
 -7.5881114e-002  7.5881114e-002
 -7.6291909e-002  7.6291909e-002
 -7.6697610e-002  7.6697610e-002
 -7.7098198e-002  7.7098198e-002
 -7.7526361e-002  7.7526361e-002
 -7.7974274e-002  7.7974274e-002
 -7.8381794e-002  7.8381794e-002
 -7.8769074e-002  7.8769074e-002
 -7.9206177e-002  7.9206177e-002
 -7.9672538e-002  7.9672538e-002
 -8.0079473e-002  8.0079473e-002
 -8.0474518e-002  8.0474518e-002
 -8.0892083e-002  8.0892083e-002
 -8.1311697e-002  8.1311697e-002
 -8.1746012e-002  8.1746012e-002
 -8.2178915e-002  8.2178915e-002
 -8.2596391e-002  8.2596391e-002
 -8.3035336e-002  8.3035336e-002
 -8.3518252e-002  8.3518252e-002
 -8.3996129e-002  8.3996129e-002
 -8.4458963e-002  8.4458963e-002
 -8.4894133e-002  8.4894133e-002
 -8.5274266e-002  8.5274266e-002
 -8.5692544e-002  8.5692544e-002
 -8.6163927e-002  8.6163927e-002
 -8.6653350e-002  8.6653350e-002
 -8.7160699e-002  8.7160699e-002
 -8.7629644e-002  8.7629644e-002
 -8.8071359e-002  8.8071359e-002
 -8.8562438e-002  8.8562438e-002
 -8.9077978e-002  8.9077978e-002
 -8.9567204e-002  8.9567204e-002
 -9.0047762e-002  9.0047762e-002
 -9.0542821e-002  9.0542821e-002
 -9.1040730e-002  9.1040730e-002
 -9.1613435e-002  9.1613435e-002
 -9.2193021e-002  9.2193021e-002
 -9.2883163e-002  9.2883163e-002
 -9.3551610e-002  9.3551610e-002
 -9.3990516e-002  9.3990516e-002
 -9.4463899e-002  9.4463899e-002
 -9.5118363e-002  9.5118363e-002
 -9.5743469e-002  9.5743469e-002
 -9.6282091e-002  9.6282091e-002
 -9.6803661e-002  9.6803661e-002
 -9.7291682e-002  9.7291682e-002
 -9.7770445e-002  9.7770445e-002
 -9.8236449e-002  9.8236449e-002
 -9.8692500e-002  9.8692500e-002
 -9.9151383e-002  9.9151383e-002
 -9.9648925e-002  9.9648925e-002
 -1.0017360e-001  1.0017360e-001
 -1.0057078e-001  1.0057078e-001
 -1.0090548e-001  1.0090548e-001
 -1.0142402e-001  1.0142402e-001
 -1.0200232e-001  1.0200232e-001
 -1.0236906e-001  1.0236906e-001
 -1.0269496e-001  1.0269496e-001
 -1.0323045e-001  1.0323045e-001
 -1.0378312e-001  1.0378312e-001
 -1.0422145e-001  1.0422145e-001
 -1.0466479e-001  1.0466479e-001
 -1.0515949e-001  1.0515949e-001
 -1.0564803e-001  1.0564803e-001
 -1.0610698e-001  1.0610698e-001
 -1.0662485e-001  1.0662485e-001
 -1.0727731e-001  1.0727731e-001
 -1.0789121e-001  1.0789121e-001
 -1.0843010e-001  1.0843010e-001
 -1.0902885e-001  1.0902885e-001
 -1.0970927e-001  1.0970927e-001
 -1.1025164e-001  1.1025164e-001
 -1.1065950e-001  1.1065950e-001
 -1.1101168e-001  1.1101168e-001
 -1.1132515e-001  1.1132515e-001
 -1.1169082e-001  1.1169082e-001
 -1.1208177e-001  1.1208177e-001
 -1.1254383e-001  1.1254383e-001
 -1.1302869e-001  1.1302869e-001
 -1.1359715e-001  1.1359715e-001
 -1.1418145e-001  1.1418145e-001
 -1.1462387e-001  1.1462387e-001
 -1.1505303e-001  1.1505303e-001
 -1.1553826e-001  1.1553826e-001
 -1.1603439e-001  1.1603439e-001
 -1.1663910e-001  1.1663910e-001
 -1.1720483e-001  1.1720483e-001
 -1.1758662e-001  1.1758662e-001
 -1.1793564e-001  1.1793564e-001
 -1.1820321e-001  1.1820321e-001
 -1.1845489e-001  1.1845489e-001
 -1.1867596e-001  1.1867596e-001
 -1.1896487e-001  1.1896487e-001
 -1.1934537e-001  1.1934537e-001
 -1.1975284e-001  1.1975284e-001
 -1.2018630e-001  1.2018630e-001
 -1.2054873e-001  1.2054873e-001
 -1.2087495e-001  1.2087495e-001
 -1.2116804e-001  1.2116804e-001
 -1.2144528e-001  1.2144528e-001
 -1.2174191e-001  1.2174191e-001
 -1.2204467e-001  1.2204467e-001
 -1.2230821e-001  1.2230821e-001
 -1.2256445e-001  1.2256445e-001
 -1.2259677e-001  1.2259677e-001
 -1.2262499e-001  1.2262499e-001
 -1.2274923e-001  1.2274923e-001
 -1.2286878e-001  1.2286878e-001
 -1.2294294e-001  1.2294294e-001
 -1.2301911e-001  1.2301911e-001
 -1.2310460e-001  1.2310460e-001
 -1.2316522e-001  1.2316522e-001
 -1.2315538e-001  1.2315538e-001
 -1.2324611e-001  1.2324611e-001
 -1.2348024e-001  1.2348024e-001
 -1.2368718e-001  1.2368718e-001
 -1.2385774e-001  1.2385774e-001
 -1.2399331e-001  1.2399331e-001
 -1.2409546e-001  1.2409546e-001
 -1.2427085e-001  1.2427085e-001
 -1.2449611e-001  1.2449611e-001
 -1.2473259e-001  1.2473259e-001
 -1.2496841e-001  1.2496841e-001
 -1.2496044e-001  1.2496044e-001
 -1.2487636e-001  1.2487636e-001
 -1.2488016e-001  1.2488016e-001
 -1.2490001e-001  1.2490001e-001
 -1.2495023e-001  1.2495023e-001
 -1.2500168e-001  1.2500168e-001
 -1.2499442e-001  1.2499442e-001
 -1.2499288e-001  1.2499288e-001
 -1.2504494e-001  1.2504494e-001
 -1.2510880e-001  1.2510880e-001
 -1.2522653e-001  1.2522653e-001
 -1.2534503e-001  1.2534503e-001
 -1.2546572e-001  1.2546572e-001
 -1.2557467e-001  1.2557467e-001
 -1.2567415e-001  1.2567415e-001
 -1.2578101e-001  1.2578101e-001
 -1.2589765e-001  1.2589765e-001
 -1.2603413e-001  1.2603413e-001
 -1.2618937e-001  1.2618937e-001
 -1.2630890e-001  1.2630890e-001
 -1.2640438e-001  1.2640438e-001
 -1.2646339e-001  1.2646339e-001
 -1.2653058e-001  1.2653058e-001
 -1.2666332e-001  1.2666332e-001
 -1.2681625e-001  1.2681625e-001
 -1.2694989e-001  1.2694989e-001
 -1.2708007e-001  1.2708007e-001
 -1.2720398e-001  1.2720398e-001
 -1.2732845e-001  1.2732845e-001
 -1.2765670e-001  1.2765670e-001
 -1.2799758e-001  1.2799758e-001
 -1.2833845e-001  1.2833845e-001
 -1.2867933e-001  1.2867933e-001
 -1.2902020e-001  1.2902020e-001
 -1.2936108e-001  1.2936108e-001
 -1.2970195e-001  1.2970195e-001
 -1.3004283e-001  1.3004283e-001
 -1.3038370e-001  1.3038370e-001
 -1.3074983e-001  1.3074983e-001
 -1.3111595e-001  1.3111595e-001
 -1.3148208e-001  1.3148208e-001
 -1.3184820e-001  1.3184820e-001
 -1.3221433e-001  1.3221433e-001
 -1.3258045e-001  1.3258045e-001
 -1.3294658e-001  1.3294658e-001
 -1.3331270e-001  1.3331270e-001
 -1.3367883e-001  1.3367883e-001
 -1.3404495e-001  1.3404495e-001
 -1.3441108e-001  1.3441108e-001
 -1.3477720e-001  1.3477720e-001
 -1.3514333e-001  1.3514333e-001
 -1.3550945e-001  1.3550945e-001
 -1.3587558e-001  1.3587558e-001
 -1.3624170e-001  1.3624170e-001
 -1.3662045e-001  1.3662045e-001
 -1.3699920e-001  1.3699920e-001
 -1.3737795e-001  1.3737795e-001
 -1.3775670e-001  1.3775670e-001
 -1.3813545e-001  1.3813545e-001
 -1.3851420e-001  1.3851420e-001
 -1.3889295e-001  1.3889295e-001
 -1.3908311e-001  1.3908311e-001
 -1.3927328e-001  1.3927328e-001
 -1.3946344e-001  1.3946344e-001
 -1.3965361e-001  1.3965361e-001
 -1.3984377e-001  1.3984377e-001
 -1.4003393e-001  1.4003393e-001
 -1.4022410e-001  1.4022410e-001
 -1.4041426e-001  1.4041426e-001
 -1.4060443e-001  1.4060443e-001
 -1.4079459e-001  1.4079459e-001
 -1.4098475e-001  1.4098475e-001
 -1.4117492e-001  1.4117492e-001
 -1.4136508e-001  1.4136508e-001
 -1.4155525e-001  1.4155525e-001
 -1.4174541e-001  1.4174541e-001
 -1.4193557e-001  1.4193557e-001
 -1.4212574e-001  1.4212574e-001
 -1.4231590e-001  1.4231590e-001
 -1.4250607e-001  1.4250607e-001
 -1.4269623e-001  1.4269623e-001
 -1.4288640e-001  1.4288640e-001
 -1.4307656e-001  1.4307656e-001
 -1.4326672e-001  1.4326672e-001
 -1.4345689e-001  1.4345689e-001
 -1.4364705e-001  1.4364705e-001
 -1.4383722e-001  1.4383722e-001
 -1.4402738e-001  1.4402738e-001
 -1.4421754e-001  1.4421754e-001
 -1.4440771e-001  1.4440771e-001
 -1.4459787e-001  1.4459787e-001
 -1.4478804e-001  1.4478804e-001
 -1.4497820e-001  1.4497820e-001
 -1.4516836e-001  1.4516836e-001
 -1.4535853e-001  1.4535853e-001
 -1.4554869e-001  1.4554869e-001
 -1.4573886e-001  1.4573886e-001
 -1.4592902e-001  1.4592902e-001
 -1.4611918e-001  1.4611918e-001
 -1.4630935e-001  1.4630935e-001
 -1.4649951e-001  1.4649951e-001
 -1.4668968e-001  1.4668968e-001
 -1.4687984e-001  1.4687984e-001
 -1.4707000e-001  1.4707000e-001
 -1.4726017e-001  1.4726017e-001
 -1.4745033e-001  1.4745033e-001
 -1.4764050e-001  1.4764050e-001
 -1.4783066e-001  1.4783066e-001
 -1.4802082e-001  1.4802082e-001
 -1.4821099e-001  1.4821099e-001
 -1.4840115e-001  1.4840115e-001
 -1.4859132e-001  1.4859132e-001
 -1.4878148e-001  1.4878148e-001
 -1.4897165e-001  1.4897165e-001
 -1.4916181e-001  1.4916181e-001
 -1.4935197e-001  1.4935197e-001
 -1.4954214e-001  1.4954214e-001
 -1.4973230e-001  1.4973230e-001
 -1.4992247e-001  1.4992247e-001
 -1.5011263e-001  1.5011263e-001
 -1.5030279e-001  1.5030279e-001
 -1.5049296e-001  1.5049296e-001
 -1.5068312e-001  1.5068312e-001
 -1.5087329e-001  1.5087329e-001
 -1.5106345e-001  1.5106345e-001
 -1.5125361e-001  1.5125361e-001
 -1.5144378e-001  1.5144378e-001
 -1.5163394e-001  1.5163394e-001
 -1.5182411e-001  1.5182411e-001
 -1.5201427e-001  1.5201427e-001
 -1.5220443e-001  1.5220443e-001
 -1.5239460e-001  1.5239460e-001
 -1.5258476e-001  1.5258476e-001
 -1.5277493e-001  1.5277493e-001
