 -0.0000000e+000  0.0000000e+000
 -0.0000000e+000  0.0000000e+000
 -0.0000000e+000  0.0000000e+000
 -0.0000000e+000  0.0000000e+000
 -0.0000000e+000  0.0000000e+000
 -0.0000000e+000  0.0000000e+000
 -0.0000000e+000  0.0000000e+000
 -0.0000000e+000  0.0000000e+000
 -0.0000000e+000  0.0000000e+000
 -0.0000000e+000  0.0000000e+000
 -0.0000000e+000  0.0000000e+000
 -0.0000000e+000  0.0000000e+000
 -0.0000000e+000  0.0000000e+000
 -0.0000000e+000  0.0000000e+000
 -0.0000000e+000  0.0000000e+000
 -0.0000000e+000  0.0000000e+000
 -0.0000000e+000  0.0000000e+000
 -0.0000000e+000  0.0000000e+000
 -0.0000000e+000  0.0000000e+000
 -0.0000000e+000  0.0000000e+000
 -0.0000000e+000  0.0000000e+000
 -0.0000000e+000  0.0000000e+000
 -0.0000000e+000  0.0000000e+000
 -0.0000000e+000  0.0000000e+000
 -0.0000000e+000  0.0000000e+000
 -0.0000000e+000  0.0000000e+000
 -0.0000000e+000  0.0000000e+000
 -0.0000000e+000  0.0000000e+000
 -0.0000000e+000  0.0000000e+000
 -0.0000000e+000  0.0000000e+000
 -0.0000000e+000  0.0000000e+000
 -0.0000000e+000  0.0000000e+000
 -0.0000000e+000  0.0000000e+000
 -0.0000000e+000  0.0000000e+000
 -0.0000000e+000  0.0000000e+000
 -0.0000000e+000  0.0000000e+000
 -0.0000000e+000  0.0000000e+000
 -0.0000000e+000  0.0000000e+000
 -0.0000000e+000  0.0000000e+000
 -0.0000000e+000  0.0000000e+000
 -0.0000000e+000  0.0000000e+000
 -0.0000000e+000  0.0000000e+000
 -0.0000000e+000  0.0000000e+000
 -0.0000000e+000  0.0000000e+000
 -0.0000000e+000  0.0000000e+000
 -0.0000000e+000  0.0000000e+000
 -0.0000000e+000  0.0000000e+000
 -0.0000000e+000  0.0000000e+000
 -0.0000000e+000  0.0000000e+000
 -0.0000000e+000  0.0000000e+000
 -0.0000000e+000  0.0000000e+000
 -0.0000000e+000  0.0000000e+000
 -0.0000000e+000  0.0000000e+000
 -0.0000000e+000  0.0000000e+000
 -0.0000000e+000  0.0000000e+000
 -0.0000000e+000  0.0000000e+000
 -0.0000000e+000  0.0000000e+000
 -0.0000000e+000  0.0000000e+000
 -0.0000000e+000  0.0000000e+000
 -0.0000000e+000  0.0000000e+000
 -0.0000000e+000  0.0000000e+000
 -0.0000000e+000  0.0000000e+000
 -0.0000000e+000  0.0000000e+000
 -0.0000000e+000  0.0000000e+000
 -0.0000000e+000  0.0000000e+000
 -0.0000000e+000  0.0000000e+000
 -0.0000000e+000  0.0000000e+000
 -0.0000000e+000  0.0000000e+000
 -0.0000000e+000  0.0000000e+000
 -0.0000000e+000  0.0000000e+000
 -0.0000000e+000  0.0000000e+000
 -0.0000000e+000  0.0000000e+000
 -0.0000000e+000  0.0000000e+000
 -0.0000000e+000  0.0000000e+000
 -0.0000000e+000  0.0000000e+000
 -0.0000000e+000  0.0000000e+000
 -0.0000000e+000  0.0000000e+000
 -0.0000000e+000  0.0000000e+000
 -0.0000000e+000  0.0000000e+000
 -0.0000000e+000  0.0000000e+000
 -0.0000000e+000  0.0000000e+000
 -0.0000000e+000  0.0000000e+000
 -0.0000000e+000  0.0000000e+000
 -0.0000000e+000  0.0000000e+000
 -0.0000000e+000  0.0000000e+000
 -0.0000000e+000  0.0000000e+000
 -0.0000000e+000  0.0000000e+000
 -0.0000000e+000  0.0000000e+000
 -0.0000000e+000  0.0000000e+000
 -0.0000000e+000  0.0000000e+000
 -0.0000000e+000  0.0000000e+000
 -0.0000000e+000  0.0000000e+000
  1.1252727e-006 -1.1252727e-006
  1.1514635e-004 -1.1514635e-004
  2.2728113e-004 -2.2728113e-004
  3.2110806e-004 -3.2110806e-004
  3.9741371e-004 -3.9741371e-004
  3.9222061e-004 -3.9222061e-004
  3.9866411e-004 -3.9866411e-004
  4.3814370e-004 -4.3814370e-004
  4.1365396e-004 -4.1365396e-004
  2.6718955e-004 -2.6718955e-004
  1.8371791e-004 -1.8371791e-004
  1.8458304e-004 -1.8458304e-004
  1.3168760e-004 -1.3168760e-004
  2.7367254e-005 -2.7367254e-005
 -3.3877565e-008  3.3877565e-008
  2.4999696e-005 -2.4999696e-005
  7.4577501e-005 -7.4577501e-005
  1.3580237e-004 -1.3580237e-004
  1.4349106e-004 -1.4349106e-004
  1.3443258e-004 -1.3443258e-004
  2.7756158e-004 -2.7756158e-004
  4.4855157e-004 -4.4855157e-004
  5.0699848e-004 -5.0699848e-004
  5.5595422e-004 -5.5595422e-004
  5.3577858e-004 -5.3577858e-004
  5.0389877e-004 -5.0389877e-004
  3.6164604e-004 -3.6164604e-004
  2.1230380e-004 -2.1230380e-004
  3.0536331e-005 -3.0536331e-005
 -1.3034957e-004  1.3034957e-004
 -2.3270528e-004  2.3270528e-004
 -2.6073229e-004  2.6073229e-004
 -1.4857023e-004  1.4857023e-004
 -1.7294170e-004  1.7294170e-004
 -3.7827667e-004  3.7827667e-004
 -5.4358163e-004  5.4358163e-004
 -6.7097198e-004  6.7097198e-004
 -7.3086119e-004  7.3086119e-004
 -7.4520490e-004  7.4520490e-004
 -7.0433747e-004  7.0433747e-004
 -6.3756560e-004  6.3756560e-004
 -5.5715643e-004  5.5715643e-004
 -4.7253905e-004  4.7253905e-004
 -4.8146209e-004  4.8146209e-004
 -5.0718751e-004  5.0718751e-004
 -3.9264346e-004  3.9264346e-004
 -2.7085659e-004  2.7085659e-004
 -3.5606506e-004  3.5606506e-004
 -4.4379139e-004  4.4379139e-004
 -5.5460290e-004  5.5460290e-004
 -6.4755634e-004  6.4755634e-004
 -6.6018259e-004  6.6018259e-004
 -6.4155590e-004  6.4155590e-004
 -5.3643329e-004  5.3643329e-004
 -5.4148053e-004  5.4148053e-004
 -7.5206769e-004  7.5206769e-004
 -8.9913661e-004  8.9913661e-004
 -9.6286017e-004  9.6286017e-004
 -8.9724079e-004  8.9724079e-004
 -7.1031776e-004  7.1031776e-004
 -5.6368768e-004  5.6368768e-004
 -4.4396706e-004  4.4396706e-004
 -4.9869351e-004  4.9869351e-004
 -6.3434288e-004  6.3434288e-004
 -6.0396738e-004  6.0396738e-004
 -5.2305896e-004  5.2305896e-004
 -5.7581685e-004  5.7581685e-004
 -6.5212723e-004  6.5212723e-004
 -7.0322220e-004  7.0322220e-004
 -7.5398573e-004  7.5398573e-004
 -8.8771967e-004  8.8771967e-004
 -1.0011619e-003  1.0011619e-003
 -9.3360890e-004  9.3360890e-004
 -8.7779155e-004  8.7779155e-004
 -8.7389882e-004  8.7389882e-004
 -8.9456561e-004  8.9456561e-004
 -9.8235131e-004  9.8235131e-004
 -1.1549214e-003  1.1549214e-003
 -1.4839648e-003  1.4839648e-003
 -1.7583225e-003  1.7583225e-003
 -1.9616415e-003  1.9616415e-003
 -2.0483319e-003  2.0483319e-003
 -2.0267180e-003  2.0267180e-003
 -2.0986620e-003  2.0986620e-003
 -2.2324487e-003  2.2324487e-003
 -2.3591074e-003  2.3591074e-003
 -2.4824971e-003  2.4824971e-003
 -2.5381377e-003  2.5381377e-003
 -2.5734410e-003  2.5734410e-003
 -2.4824564e-003  2.4824564e-003
 -2.3696493e-003  2.3696493e-003
 -2.3981888e-003  2.3981888e-003
 -2.4368748e-003  2.4368748e-003
 -2.5010844e-003  2.5010844e-003
 -2.5686224e-003  2.5686224e-003
 -2.6650595e-003  2.6650595e-003
 -2.7526112e-003  2.7526112e-003
 -2.8014857e-003  2.8014857e-003
 -2.8336445e-003  2.8336445e-003
 -2.8206904e-003  2.8206904e-003
 -2.8408613e-003  2.8408613e-003
 -2.9215086e-003  2.9215086e-003
 -2.9135498e-003  2.9135498e-003
 -2.7916376e-003  2.7916376e-003
 -2.8204173e-003  2.8204173e-003
 -2.9877567e-003  2.9877567e-003
 -2.9798858e-003  2.9798858e-003
 -2.8573869e-003  2.8573869e-003
 -2.7229110e-003  2.7229110e-003
 -2.5830049e-003  2.5830049e-003
 -2.5863984e-003  2.5863984e-003
 -2.6322125e-003  2.6322125e-003
 -2.5185428e-003  2.5185428e-003
 -2.3778538e-003  2.3778538e-003
 -2.3339798e-003  2.3339798e-003
 -2.2936090e-003  2.2936090e-003
 -2.1289406e-003  2.1289406e-003
 -1.9653445e-003  1.9653445e-003
 -1.8108171e-003  1.8108171e-003
 -1.6580876e-003  1.6580876e-003
 -1.5130590e-003  1.5130590e-003
 -1.4350574e-003  1.4350574e-003
 -1.5357090e-003  1.5357090e-003
 -1.6536414e-003  1.6536414e-003
 -1.8027855e-003  1.8027855e-003
 -1.7489283e-003  1.7489283e-003
 -1.4366008e-003  1.4366008e-003
 -1.2344821e-003  1.2344821e-003
 -1.1327022e-003  1.1327022e-003
 -9.3613561e-004  9.3613561e-004
 -6.7819402e-004  6.7819402e-004
 -6.6177434e-004  6.6177434e-004
 -7.5360257e-004  7.5360257e-004
 -5.7689718e-004  5.7689718e-004
 -3.2180769e-004  3.2180769e-004
 -3.3322317e-004  3.3322317e-004
 -3.8889237e-004  3.8889237e-004
 -3.2664604e-004  3.2664604e-004
 -2.5550170e-004  2.5550170e-004
 -1.2416802e-004  1.2416802e-004
  3.6840587e-006 -3.6840587e-006
  7.9951513e-005 -7.9951513e-005
  1.7253723e-004 -1.7253723e-004
  3.3390627e-004 -3.3390627e-004
  5.5184980e-004 -5.5184980e-004
  9.1872805e-004 -9.1872805e-004
  1.2704208e-003 -1.2704208e-003
  1.5949795e-003 -1.5949795e-003
  1.9124613e-003 -1.9124613e-003
  2.2046816e-003 -2.2046816e-003
  2.4454052e-003 -2.4454052e-003
  2.6397056e-003 -2.6397056e-003
  2.7611109e-003 -2.7611109e-003
  2.8358022e-003 -2.8358022e-003
  2.9597459e-003 -2.9597459e-003
  3.1055100e-003 -3.1055100e-003
  3.1758270e-003 -3.1758270e-003
  3.2169029e-003 -3.2169029e-003
  3.2879280e-003 -3.2879280e-003
  3.3638260e-003 -3.3638260e-003
  3.5484275e-003 -3.5484275e-003
  3.7375660e-003 -3.7375660e-003
  3.8564353e-003 -3.8564353e-003
  3.9683174e-003 -3.9683174e-003
  4.0615566e-003 -4.0615566e-003
  4.1466431e-003 -4.1466431e-003
  4.1979058e-003 -4.1979058e-003
  4.3335374e-003 -4.3335374e-003
  4.6885518e-003 -4.6885518e-003
  4.9469158e-003 -4.9469158e-003
  5.0344194e-003 -5.0344194e-003
  5.0661333e-003 -5.0661333e-003
  5.0698868e-003 -5.0698868e-003
  5.2227901e-003 -5.2227901e-003
  5.5088246e-003 -5.5088246e-003
  5.6795475e-003 -5.6795475e-003
  5.7771373e-003 -5.7771373e-003
  5.9160335e-003 -5.9160335e-003
  6.0730184e-003 -6.0730184e-003
  6.2228562e-003 -6.2228562e-003
  6.4033054e-003 -6.4033054e-003
  6.6635219e-003 -6.6635219e-003
  6.9364519e-003 -6.9364519e-003
  7.3913515e-003 -7.3913515e-003
  7.8455005e-003 -7.8455005e-003
  7.9350499e-003 -7.9350499e-003
  8.0440973e-003 -8.0440973e-003
  8.3059731e-003 -8.3059731e-003
  8.5971723e-003 -8.5971723e-003
  8.9268294e-003 -8.9268294e-003
  9.2167788e-003 -9.2167788e-003
  9.4047359e-003 -9.4047359e-003
  9.6982221e-003 -9.6982221e-003
  1.0176283e-002 -1.0176283e-002
  1.0586384e-002 -1.0586384e-002
  1.0912509e-002 -1.0912509e-002
  1.1230821e-002 -1.1230821e-002
  1.1530360e-002 -1.1530360e-002
  1.1756914e-002 -1.1756914e-002
  1.1937658e-002 -1.1937658e-002
  1.2156812e-002 -1.2156812e-002
  1.2392590e-002 -1.2392590e-002
  1.2768316e-002 -1.2768316e-002
  1.3183180e-002 -1.3183180e-002
  1.3457774e-002 -1.3457774e-002
  1.3709031e-002 -1.3709031e-002
  1.3926422e-002 -1.3926422e-002
  1.4142570e-002 -1.4142570e-002
  1.4376668e-002 -1.4376668e-002
  1.4619754e-002 -1.4619754e-002
  1.4931593e-002 -1.4931593e-002
  1.5204256e-002 -1.5204256e-002
  1.5321929e-002 -1.5321929e-002
  1.5409025e-002 -1.5409025e-002
  1.5418533e-002 -1.5418533e-002
  1.5536679e-002 -1.5536679e-002
  1.5842827e-002 -1.5842827e-002
  1.6108988e-002 -1.6108988e-002
  1.6326229e-002 -1.6326229e-002
  1.6496858e-002 -1.6496858e-002
  1.6620447e-002 -1.6620447e-002
  1.6926205e-002 -1.6926205e-002
  1.7345119e-002 -1.7345119e-002
  1.7695784e-002 -1.7695784e-002
  1.8017255e-002 -1.8017255e-002
  1.8164333e-002 -1.8164333e-002
  1.8263342e-002 -1.8263342e-002
  1.8378042e-002 -1.8378042e-002
  1.8490279e-002 -1.8490279e-002
  1.8466248e-002 -1.8466248e-002
  1.8440560e-002 -1.8440560e-002
  1.8564785e-002 -1.8564785e-002
  1.8689543e-002 -1.8689543e-002
  1.8818285e-002 -1.8818285e-002
  1.8965558e-002 -1.8965558e-002
  1.9186220e-002 -1.9186220e-002
  1.9375737e-002 -1.9375737e-002
  1.9494722e-002 -1.9494722e-002
  1.9648941e-002 -1.9648941e-002
  1.9863493e-002 -1.9863493e-002
  1.9971828e-002 -1.9971828e-002
  1.9951506e-002 -1.9951506e-002
  1.9958518e-002 -1.9958518e-002
  1.9989215e-002 -1.9989215e-002
  2.0146118e-002 -2.0146118e-002
  2.0384723e-002 -2.0384723e-002
  2.0517233e-002 -2.0517233e-002
  2.0604889e-002 -2.0604889e-002
  2.0799324e-002 -2.0799324e-002
  2.1022763e-002 -2.1022763e-002
  2.1140286e-002 -2.1140286e-002
  2.1241973e-002 -2.1241973e-002
  2.1493218e-002 -2.1493218e-002
  2.1743412e-002 -2.1743412e-002
  2.1766922e-002 -2.1766922e-002
  2.1821798e-002 -2.1821798e-002
  2.2105498e-002 -2.2105498e-002
  2.2371552e-002 -2.2371552e-002
  2.2568782e-002 -2.2568782e-002
  2.2792735e-002 -2.2792735e-002
  2.3076387e-002 -2.3076387e-002
  2.3290294e-002 -2.3290294e-002
  2.3386039e-002 -2.3386039e-002
  2.3536998e-002 -2.3536998e-002
  2.3754172e-002 -2.3754172e-002
  2.3917881e-002 -2.3917881e-002
  2.4035723e-002 -2.4035723e-002
  2.4047909e-002 -2.4047909e-002
  2.3989113e-002 -2.3989113e-002
  2.4137643e-002 -2.4137643e-002
  2.4372793e-002 -2.4372793e-002
  2.4619253e-002 -2.4619253e-002
  2.4868738e-002 -2.4868738e-002
  2.5064932e-002 -2.5064932e-002
  2.5253330e-002 -2.5253330e-002
  2.5555937e-002 -2.5555937e-002
  2.5852051e-002 -2.5852051e-002
  2.6031071e-002 -2.6031071e-002
  2.6196200e-002 -2.6196200e-002
  2.6262308e-002 -2.6262308e-002
  2.6377558e-002 -2.6377558e-002
  2.6681578e-002 -2.6681578e-002
  2.6942905e-002 -2.6942905e-002
  2.7099758e-002 -2.7099758e-002
  2.7218324e-002 -2.7218324e-002
  2.7285121e-002 -2.7285121e-002
  2.7450137e-002 -2.7450137e-002
  2.7731772e-002 -2.7731772e-002
  2.7965637e-002 -2.7965637e-002
  2.8158924e-002 -2.8158924e-002
  2.8299918e-002 -2.8299918e-002
  2.8409435e-002 -2.8409435e-002
  2.8595303e-002 -2.8595303e-002
  2.8814987e-002 -2.8814987e-002
  2.9122540e-002 -2.9122540e-002
  2.9453265e-002 -2.9453265e-002
  2.9662776e-002 -2.9662776e-002
  2.9854950e-002 -2.9854950e-002
  2.9935730e-002 -2.9935730e-002
  3.0015114e-002 -3.0015114e-002
  3.0164948e-002 -3.0164948e-002
  3.0307043e-002 -3.0307043e-002
  3.0395213e-002 -3.0395213e-002
  3.0485042e-002 -3.0485042e-002
  3.0581155e-002 -3.0581155e-002
  3.0680607e-002 -3.0680607e-002
  3.0788136e-002 -3.0788136e-002
  3.0957254e-002 -3.0957254e-002
  3.1222059e-002 -3.1222059e-002
  3.1459280e-002 -3.1459280e-002
  3.1664070e-002 -3.1664070e-002
  3.1792083e-002 -3.1792083e-002
  3.1855526e-002 -3.1855526e-002
  3.2061407e-002 -3.2061407e-002
  3.2352128e-002 -3.2352128e-002
  3.2572786e-002 -3.2572786e-002
  3.2758612e-002 -3.2758612e-002
  3.2804416e-002 -3.2804416e-002
  3.2813847e-002 -3.2813847e-002
  3.2997734e-002 -3.2997734e-002
  3.3206012e-002 -3.3206012e-002
  3.3432195e-002 -3.3432195e-002
  3.3659303e-002 -3.3659303e-002
  3.3890641e-002 -3.3890641e-002
  3.4106358e-002 -3.4106358e-002
  3.4275563e-002 -3.4275563e-002
  3.4434257e-002 -3.4434257e-002
  3.4553762e-002 -3.4553762e-002
  3.4690598e-002 -3.4690598e-002
  3.4868847e-002 -3.4868847e-002
  3.5052036e-002 -3.5052036e-002
  3.5243333e-002 -3.5243333e-002
  3.5378277e-002 -3.5378277e-002
  3.5454899e-002 -3.5454899e-002
  3.5506501e-002 -3.5506501e-002
  3.5537270e-002 -3.5537270e-002
  3.5670517e-002 -3.5670517e-002
  3.5864162e-002 -3.5864162e-002
  3.5930551e-002 -3.5930551e-002
  3.5945647e-002 -3.5945647e-002
  3.6143356e-002 -3.6143356e-002
  3.6389447e-002 -3.6389447e-002
  3.6677467e-002 -3.6677467e-002
  3.6971215e-002 -3.6971215e-002
  3.7206488e-002 -3.7206488e-002
  3.7425887e-002 -3.7425887e-002
  3.7367760e-002 -3.7367760e-002
  3.7344125e-002 -3.7344125e-002
  3.7542153e-002 -3.7542153e-002
  3.7727639e-002 -3.7727639e-002
  3.7867046e-002 -3.7867046e-002
  3.8041559e-002 -3.8041559e-002
  3.8298968e-002 -3.8298968e-002
  3.8494527e-002 -3.8494527e-002
  3.8589611e-002 -3.8589611e-002
  3.8725262e-002 -3.8725262e-002
  3.8902109e-002 -3.8902109e-002
  3.9140788e-002 -3.9140788e-002
  3.9430443e-002 -3.9430443e-002
  3.9677031e-002 -3.9677031e-002
  3.9898506e-002 -3.9898506e-002
  4.0059211e-002 -4.0059211e-002
  4.0195717e-002 -4.0195717e-002
  4.0354924e-002 -4.0354924e-002
  4.0510593e-002 -4.0510593e-002
  4.0605369e-002 -4.0605369e-002
  4.0692021e-002 -4.0692021e-002
  4.0822888e-002 -4.0822888e-002
  4.0958013e-002 -4.0958013e-002
  4.1145002e-002 -4.1145002e-002
  4.1317681e-002 -4.1317681e-002
  4.1396972e-002 -4.1396972e-002
  4.1493675e-002 -4.1493675e-002
  4.1676887e-002 -4.1676887e-002
  4.1834642e-002 -4.1834642e-002
  4.1932982e-002 -4.1932982e-002
  4.2048861e-002 -4.2048861e-002
  4.2192936e-002 -4.2192936e-002
  4.2325863e-002 -4.2325863e-002
  4.2446065e-002 -4.2446065e-002
  4.2606432e-002 -4.2606432e-002
  4.2805252e-002 -4.2805252e-002
  4.2906229e-002 -4.2906229e-002
  4.2950753e-002 -4.2950753e-002
  4.2919682e-002 -4.2919682e-002
  4.2858869e-002 -4.2858869e-002
  4.2882596e-002 -4.2882596e-002
  4.2927299e-002 -4.2927299e-002
  4.3092613e-002 -4.3092613e-002
  4.3274576e-002 -4.3274576e-002
  4.3372121e-002 -4.3372121e-002
  4.3464727e-002 -4.3464727e-002
  4.3517550e-002 -4.3517550e-002
  4.3578696e-002 -4.3578696e-002
  4.3693006e-002 -4.3693006e-002
  4.3791940e-002 -4.3791940e-002
  4.3826981e-002 -4.3826981e-002
  4.3832781e-002 -4.3832781e-002
  4.3771133e-002 -4.3771133e-002
  4.3746858e-002 -4.3746858e-002
  4.3782041e-002 -4.3782041e-002
  4.3879709e-002 -4.3879709e-002
  4.4047979e-002 -4.4047979e-002
  4.4130684e-002 -4.4130684e-002
  4.4138683e-002 -4.4138683e-002
  4.4149777e-002 -4.4149777e-002
  4.4162637e-002 -4.4162637e-002
  4.4228943e-002 -4.4228943e-002
  4.4316019e-002 -4.4316019e-002
  4.4418249e-002 -4.4418249e-002
  4.4524181e-002 -4.4524181e-002
  4.4637956e-002 -4.4637956e-002
  4.4744164e-002 -4.4744164e-002
  4.4755062e-002 -4.4755062e-002
  4.4770241e-002 -4.4770241e-002
  4.4910044e-002 -4.4910044e-002
  4.5046378e-002 -4.5046378e-002
  4.5161013e-002 -4.5161013e-002
  4.5266850e-002 -4.5266850e-002
  4.5341733e-002 -4.5341733e-002
  4.5379776e-002 -4.5379776e-002
  4.5352831e-002 -4.5352831e-002
  4.5312227e-002 -4.5312227e-002
  4.5250119e-002 -4.5250119e-002
  4.5214115e-002 -4.5214115e-002
  4.5207313e-002 -4.5207313e-002
  4.5312492e-002 -4.5312492e-002
  4.5507269e-002 -4.5507269e-002
  4.5629068e-002 -4.5629068e-002
  4.5714092e-002 -4.5714092e-002
  4.5767639e-002 -4.5767639e-002
  4.5809102e-002 -4.5809102e-002
  4.5893677e-002 -4.5893677e-002
  4.5988621e-002 -4.5988621e-002
  4.6037486e-002 -4.6037486e-002
  4.6080637e-002 -4.6080637e-002
  4.6181675e-002 -4.6181675e-002
  4.6284962e-002 -4.6284962e-002
  4.6396187e-002 -4.6396187e-002
  4.6493167e-002 -4.6493167e-002
  4.6502853e-002 -4.6502853e-002
  4.6522236e-002 -4.6522236e-002
  4.6575243e-002 -4.6575243e-002
  4.6643906e-002 -4.6643906e-002
  4.6738586e-002 -4.6738586e-002
  4.6863890e-002 -4.6863890e-002
  4.7036914e-002 -4.7036914e-002
  4.7116068e-002 -4.7116068e-002
  4.7091241e-002 -4.7091241e-002
  4.7124445e-002 -4.7124445e-002
  4.7203619e-002 -4.7203619e-002
  4.7305369e-002 -4.7305369e-002
  4.7413024e-002 -4.7413024e-002
  4.7510688e-002 -4.7510688e-002
  4.7604562e-002 -4.7604562e-002
  4.7629817e-002 -4.7629817e-002
  4.7638826e-002 -4.7638826e-002
  4.7647198e-002 -4.7647198e-002
  4.7655493e-002 -4.7655493e-002
  4.7652443e-002 -4.7652443e-002
  4.7637713e-002 -4.7637713e-002
  4.7563274e-002 -4.7563274e-002
  4.7510925e-002 -4.7510925e-002
  4.7591231e-002 -4.7591231e-002
  4.7678102e-002 -4.7678102e-002
  4.7787422e-002 -4.7787422e-002
  4.7935994e-002 -4.7935994e-002
  4.8172002e-002 -4.8172002e-002
  4.8324072e-002 -4.8324072e-002
  4.8361332e-002 -4.8361332e-002
  4.8426648e-002 -4.8426648e-002
  4.8522735e-002 -4.8522735e-002
  4.8580618e-002 -4.8580618e-002
  4.8608538e-002 -4.8608538e-002
  4.8603059e-002 -4.8603059e-002
  4.8579118e-002 -4.8579118e-002
  4.8614945e-002 -4.8614945e-002
  4.8676538e-002 -4.8676538e-002
  4.8736272e-002 -4.8736272e-002
  4.8795572e-002 -4.8795572e-002
  4.8861767e-002 -4.8861767e-002
  4.8928774e-002 -4.8928774e-002
  4.8827355e-002 -4.8827355e-002
  4.8726552e-002 -4.8726552e-002
  4.8685202e-002 -4.8685202e-002
  4.8657215e-002 -4.8657215e-002
  4.8707890e-002 -4.8707890e-002
  4.8765471e-002 -4.8765471e-002
  4.8846339e-002 -4.8846339e-002
  4.8925864e-002 -4.8925864e-002
  4.9002429e-002 -4.9002429e-002
  4.9062406e-002 -4.9062406e-002
  4.9088038e-002 -4.9088038e-002
  4.9157383e-002 -4.9157383e-002
  4.9274201e-002 -4.9274201e-002
  4.9315186e-002 -4.9315186e-002
  4.9297288e-002 -4.9297288e-002
  4.9346179e-002 -4.9346179e-002
  4.9431596e-002 -4.9431596e-002
  4.9516094e-002 -4.9516094e-002
  4.9592381e-002 -4.9592381e-002
  4.9686463e-002 -4.9686463e-002
  4.9784623e-002 -4.9784623e-002
  4.9855329e-002 -4.9855329e-002
  4.9922884e-002 -4.9922884e-002
  5.0105427e-002 -5.0105427e-002
  5.0282590e-002 -5.0282590e-002
  5.0348081e-002 -5.0348081e-002
  5.0393140e-002 -5.0393140e-002
  5.0373720e-002 -5.0373720e-002
  5.0369006e-002 -5.0369006e-002
  5.0413182e-002 -5.0413182e-002
  5.0438196e-002 -5.0438196e-002
  5.0421492e-002 -5.0421492e-002
  5.0376566e-002 -5.0376566e-002
  5.0289006e-002 -5.0289006e-002
  5.0259812e-002 -5.0259812e-002
  5.0300352e-002 -5.0300352e-002
  5.0346226e-002 -5.0346226e-002
  5.0396200e-002 -5.0396200e-002
  5.0439430e-002 -5.0439430e-002
  5.0479009e-002 -5.0479009e-002
  5.0468657e-002 -5.0468657e-002
  5.0440066e-002 -5.0440066e-002
  5.0499114e-002 -5.0499114e-002
  5.0580797e-002 -5.0580797e-002
  5.0645526e-002 -5.0645526e-002
  5.0708360e-002 -5.0708360e-002
  5.0820113e-002 -5.0820113e-002
  5.0930083e-002 -5.0930083e-002
  5.1003288e-002 -5.1003288e-002
  5.1081761e-002 -5.1081761e-002
  5.1183336e-002 -5.1183336e-002
  5.1297292e-002 -5.1297292e-002
  5.1451842e-002 -5.1451842e-002
  5.1551258e-002 -5.1551258e-002
  5.1532014e-002 -5.1532014e-002
  5.1543755e-002 -5.1543755e-002
  5.1601822e-002 -5.1601822e-002
  5.1654139e-002 -5.1654139e-002
  5.1690839e-002 -5.1690839e-002
  5.1755968e-002 -5.1755968e-002
  5.1842731e-002 -5.1842731e-002
  5.1850266e-002 -5.1850266e-002
  5.1815401e-002 -5.1815401e-002
  5.1863089e-002 -5.1863089e-002
  5.1940552e-002 -5.1940552e-002
  5.1970333e-002 -5.1970333e-002
  5.1980745e-002 -5.1980745e-002
  5.1976509e-002 -5.1976509e-002
  5.1970681e-002 -5.1970681e-002
  5.1974256e-002 -5.1974256e-002
  5.1982875e-002 -5.1982875e-002
  5.2057602e-002 -5.2057602e-002
  5.2115071e-002 -5.2115071e-002
  5.2076707e-002 -5.2076707e-002
  5.2061504e-002 -5.2061504e-002
  5.2154896e-002 -5.2154896e-002
  5.2254469e-002 -5.2254469e-002
  5.2367193e-002 -5.2367193e-002
  5.2467782e-002 -5.2467782e-002
  5.2550410e-002 -5.2550410e-002
  5.2631970e-002 -5.2631970e-002
  5.2712402e-002 -5.2712402e-002
  5.2786329e-002 -5.2786329e-002
  5.2860934e-002 -5.2860934e-002
  5.2850133e-002 -5.2850133e-002
  5.2794115e-002 -5.2794115e-002
  5.2781203e-002 -5.2781203e-002
  5.2783640e-002 -5.2783640e-002
  5.2776635e-002 -5.2776635e-002
  5.2767573e-002 -5.2767573e-002
  5.2715652e-002 -5.2715652e-002
  5.2660379e-002 -5.2660379e-002
  5.2670198e-002 -5.2670198e-002
  5.2683620e-002 -5.2683620e-002
  5.2733551e-002 -5.2733551e-002
  5.2780147e-002 -5.2780147e-002
  5.2808579e-002 -5.2808579e-002
  5.2839760e-002 -5.2839760e-002
  5.2869529e-002 -5.2869529e-002
  5.2889992e-002 -5.2889992e-002
  5.2890872e-002 -5.2890872e-002
  5.2876312e-002 -5.2876312e-002
  5.2839133e-002 -5.2839133e-002
  5.2846335e-002 -5.2846335e-002
  5.2899867e-002 -5.2899867e-002
  5.2859297e-002 -5.2859297e-002
  5.2740208e-002 -5.2740208e-002
  5.2688999e-002 -5.2688999e-002
  5.2673336e-002 -5.2673336e-002
  5.2615138e-002 -5.2615138e-002
  5.2541986e-002 -5.2541986e-002
  5.2501060e-002 -5.2501060e-002
  5.2467046e-002 -5.2467046e-002
  5.2493254e-002 -5.2493254e-002
  5.2513836e-002 -5.2513836e-002
  5.2415662e-002 -5.2415662e-002
  5.2321291e-002 -5.2321291e-002
  5.2288774e-002 -5.2288774e-002
  5.2263260e-002 -5.2263260e-002
  5.2275191e-002 -5.2275191e-002
  5.2298615e-002 -5.2298615e-002
  5.2358220e-002 -5.2358220e-002
  5.2391072e-002 -5.2391072e-002
  5.2385608e-002 -5.2385608e-002
  5.2391145e-002 -5.2391145e-002
  5.2412634e-002 -5.2412634e-002
  5.2402418e-002 -5.2402418e-002
  5.2359430e-002 -5.2359430e-002
  5.2282325e-002 -5.2282325e-002
  5.2180029e-002 -5.2180029e-002
  5.2171420e-002 -5.2171420e-002
  5.2216611e-002 -5.2216611e-002
  5.2202746e-002 -5.2202746e-002
  5.2168385e-002 -5.2168385e-002
  5.2198104e-002 -5.2198104e-002
  5.2241336e-002 -5.2241336e-002
  5.2261850e-002 -5.2261850e-002
  5.2280102e-002 -5.2280102e-002
  5.2303229e-002 -5.2303229e-002
  5.2320961e-002 -5.2320961e-002
  5.2272196e-002 -5.2272196e-002
  5.2191806e-002 -5.2191806e-002
  5.1945406e-002 -5.1945406e-002
  5.1725520e-002 -5.1725520e-002
  5.1587975e-002 -5.1587975e-002
  5.1453936e-002 -5.1453936e-002
  5.1318542e-002 -5.1318542e-002
  5.1214265e-002 -5.1214265e-002
  5.1154648e-002 -5.1154648e-002
  5.1030408e-002 -5.1030408e-002
  5.0840024e-002 -5.0840024e-002
  5.0695463e-002 -5.0695463e-002
  5.0584397e-002 -5.0584397e-002
  5.0384412e-002 -5.0384412e-002
  5.0126144e-002 -5.0126144e-002
  4.9978751e-002 -4.9978751e-002
  4.9869349e-002 -4.9869349e-002
  4.9806069e-002 -4.9806069e-002
  4.9752349e-002 -4.9752349e-002
  4.9678105e-002 -4.9678105e-002
  4.9601877e-002 -4.9601877e-002
  4.9479312e-002 -4.9479312e-002
  4.9353717e-002 -4.9353717e-002
  4.9295182e-002 -4.9295182e-002
  4.9217247e-002 -4.9217247e-002
  4.9039314e-002 -4.9039314e-002
  4.8897332e-002 -4.8897332e-002
  4.8865525e-002 -4.8865525e-002
  4.8811710e-002 -4.8811710e-002
  4.8713121e-002 -4.8713121e-002
  4.8593572e-002 -4.8593572e-002
  4.8460360e-002 -4.8460360e-002
  4.8309307e-002 -4.8309307e-002
  4.8140173e-002 -4.8140173e-002
  4.8026436e-002 -4.8026436e-002
  4.7952784e-002 -4.7952784e-002
  4.7861587e-002 -4.7861587e-002
  4.7761500e-002 -4.7761500e-002
  4.7657511e-002 -4.7657511e-002
  4.7555804e-002 -4.7555804e-002
  4.7488920e-002 -4.7488920e-002
  4.7429128e-002 -4.7429128e-002
  4.7273340e-002 -4.7273340e-002
  4.7108560e-002 -4.7108560e-002
  4.7032366e-002 -4.7032366e-002
  4.6957682e-002 -4.6957682e-002
  4.6887490e-002 -4.6887490e-002
  4.6800462e-002 -4.6800462e-002
  4.6628205e-002 -4.6628205e-002
  4.6478479e-002 -4.6478479e-002
  4.6396891e-002 -4.6396891e-002
  4.6260294e-002 -4.6260294e-002
  4.6013033e-002 -4.6013033e-002
  4.5807141e-002 -4.5807141e-002
  4.5650168e-002 -4.5650168e-002
  4.5534359e-002 -4.5534359e-002
  4.5459860e-002 -4.5459860e-002
  4.5360965e-002 -4.5360965e-002
  4.5244594e-002 -4.5244594e-002
  4.5117764e-002 -4.5117764e-002
  4.4985694e-002 -4.4985694e-002
  4.4886034e-002 -4.4886034e-002
  4.4785620e-002 -4.4785620e-002
  4.4654930e-002 -4.4654930e-002
  4.4518183e-002 -4.4518183e-002
  4.4469355e-002 -4.4469355e-002
  4.4428468e-002 -4.4428468e-002
  4.4281451e-002 -4.4281451e-002
  4.4125885e-002 -4.4125885e-002
  4.3876950e-002 -4.3876950e-002
  4.3626193e-002 -4.3626193e-002
  4.3417021e-002 -4.3417021e-002
  4.3242417e-002 -4.3242417e-002
  4.3170985e-002 -4.3170985e-002
  4.3113416e-002 -4.3113416e-002
  4.3083425e-002 -4.3083425e-002
  4.2993570e-002 -4.2993570e-002
  4.2820378e-002 -4.2820378e-002
  4.2675740e-002 -4.2675740e-002
  4.2568908e-002 -4.2568908e-002
  4.2440341e-002 -4.2440341e-002
  4.2296364e-002 -4.2296364e-002
  4.2183668e-002 -4.2183668e-002
  4.2086474e-002 -4.2086474e-002
  4.2065974e-002 -4.2065974e-002
  4.2070740e-002 -4.2070740e-002
  4.1982271e-002 -4.1982271e-002
  4.1877251e-002 -4.1877251e-002
  4.1646964e-002 -4.1646964e-002
  4.1405931e-002 -4.1405931e-002
  4.1254582e-002 -4.1254582e-002
  4.1107666e-002 -4.1107666e-002
  4.1007654e-002 -4.1007654e-002
  4.0914209e-002 -4.0914209e-002
  4.0841273e-002 -4.0841273e-002
  4.0741039e-002 -4.0741039e-002
  4.0560389e-002 -4.0560389e-002
  4.0392846e-002 -4.0392846e-002
  4.0251094e-002 -4.0251094e-002
  4.0111112e-002 -4.0111112e-002
  3.9973573e-002 -3.9973573e-002
  3.9886298e-002 -3.9886298e-002
  3.9841306e-002 -3.9841306e-002
  3.9671719e-002 -3.9671719e-002
  3.9414681e-002 -3.9414681e-002
  3.9263943e-002 -3.9263943e-002
  3.9165295e-002 -3.9165295e-002
  3.8944919e-002 -3.8944919e-002
  3.8684971e-002 -3.8684971e-002
  3.8553471e-002 -3.8553471e-002
  3.8437505e-002 -3.8437505e-002
  3.8207907e-002 -3.8207907e-002
  3.7969512e-002 -3.7969512e-002
  3.7891723e-002 -3.7891723e-002
  3.7816641e-002 -3.7816641e-002
  3.7769323e-002 -3.7769323e-002
  3.7700807e-002 -3.7700807e-002
  3.7530492e-002 -3.7530492e-002
  3.7339284e-002 -3.7339284e-002
  3.7108185e-002 -3.7108185e-002
  3.6893248e-002 -3.6893248e-002
  3.6709768e-002 -3.6709768e-002
  3.6593834e-002 -3.6593834e-002
  3.6570050e-002 -3.6570050e-002
  3.6474225e-002 -3.6474225e-002
  3.6308214e-002 -3.6308214e-002
  3.6087199e-002 -3.6087199e-002
  3.5834081e-002 -3.5834081e-002
  3.5629292e-002 -3.5629292e-002
  3.5447924e-002 -3.5447924e-002
  3.5248091e-002 -3.5248091e-002
  3.5042336e-002 -3.5042336e-002
  3.4802570e-002 -3.4802570e-002
  3.4556358e-002 -3.4556358e-002
  3.4362627e-002 -3.4362627e-002
  3.4172359e-002 -3.4172359e-002
  3.3813697e-002 -3.3813697e-002
  3.3466124e-002 -3.3466124e-002
  3.3228932e-002 -3.3228932e-002
  3.3013008e-002 -3.3013008e-002
  3.2897463e-002 -3.2897463e-002
  3.2773215e-002 -3.2773215e-002
  3.2618424e-002 -3.2618424e-002
  3.2426995e-002 -3.2426995e-002
  3.2165045e-002 -3.2165045e-002
  3.1931975e-002 -3.1931975e-002
  3.1737907e-002 -3.1737907e-002
  3.1529647e-002 -3.1529647e-002
  3.1307698e-002 -3.1307698e-002
  3.1078844e-002 -3.1078844e-002
  3.0841772e-002 -3.0841772e-002
  3.0504217e-002 -3.0504217e-002
  3.0118514e-002 -3.0118514e-002
  2.9813949e-002 -2.9813949e-002
  2.9535062e-002 -2.9535062e-002
  2.9087786e-002 -2.9087786e-002
  2.8609182e-002 -2.8609182e-002
  2.8391617e-002 -2.8391617e-002
  2.8188750e-002 -2.8188750e-002
  2.7835006e-002 -2.7835006e-002
  2.7495473e-002 -2.7495473e-002
  2.7293312e-002 -2.7293312e-002
  2.7117311e-002 -2.7117311e-002
  2.7062698e-002 -2.7062698e-002
  2.6960511e-002 -2.6960511e-002
  2.6723506e-002 -2.6723506e-002
  2.6437329e-002 -2.6437329e-002
  2.6055770e-002 -2.6055770e-002
  2.5816131e-002 -2.5816131e-002
  2.5766230e-002 -2.5766230e-002
  2.5686440e-002 -2.5686440e-002
  2.5578098e-002 -2.5578098e-002
  2.5451275e-002 -2.5451275e-002
  2.5311872e-002 -2.5311872e-002
  2.5095340e-002 -2.5095340e-002
  2.4843360e-002 -2.4843360e-002
  2.4699182e-002 -2.4699182e-002
  2.4588663e-002 -2.4588663e-002
  2.4351928e-002 -2.4351928e-002
  2.4092149e-002 -2.4092149e-002
  2.3750351e-002 -2.3750351e-002
  2.3402997e-002 -2.3402997e-002
  2.3110936e-002 -2.3110936e-002
  2.2823842e-002 -2.2823842e-002
  2.2583395e-002 -2.2583395e-002
  2.2330589e-002 -2.2330589e-002
  2.2021395e-002 -2.2021395e-002
  2.1727792e-002 -2.1727792e-002
  2.1477814e-002 -2.1477814e-002
  2.1231845e-002 -2.1231845e-002
  2.0997364e-002 -2.0997364e-002
  2.0755313e-002 -2.0755313e-002
  2.0503242e-002 -2.0503242e-002
  2.0355309e-002 -2.0355309e-002
  2.0305872e-002 -2.0305872e-002
  2.0156232e-002 -2.0156232e-002
  1.9939079e-002 -1.9939079e-002
  1.9808988e-002 -1.9808988e-002
  1.9721762e-002 -1.9721762e-002
  1.9584528e-002 -1.9584528e-002
  1.9431891e-002 -1.9431891e-002
  1.9193495e-002 -1.9193495e-002
  1.8939736e-002 -1.8939736e-002
  1.8673958e-002 -1.8673958e-002
  1.8408419e-002 -1.8408419e-002
  1.8036197e-002 -1.8036197e-002
  1.7667910e-002 -1.7667910e-002
  1.7299623e-002 -1.7299623e-002
  1.6931336e-002 -1.6931336e-002
  1.6563049e-002 -1.6563049e-002
  1.6194762e-002 -1.6194762e-002
  1.5826475e-002 -1.5826475e-002
  1.5458187e-002 -1.5458187e-002
  1.5089900e-002 -1.5089900e-002
  1.4725317e-002 -1.4725317e-002
  1.4360734e-002 -1.4360734e-002
  1.3996150e-002 -1.3996150e-002
  1.3631567e-002 -1.3631567e-002
  1.3266984e-002 -1.3266984e-002
  1.2902400e-002 -1.2902400e-002
  1.2537817e-002 -1.2537817e-002
  1.2173234e-002 -1.2173234e-002
  1.1810965e-002 -1.1810965e-002
  1.1448697e-002 -1.1448697e-002
  1.1086428e-002 -1.1086428e-002
  1.0724160e-002 -1.0724160e-002
  1.0361891e-002 -1.0361891e-002
  9.9996232e-003 -9.9996232e-003
  9.6373542e-003 -9.6373542e-003
  9.2750862e-003 -9.2750862e-003
  8.9128172e-003 -8.9128172e-003
  8.5505492e-003 -8.5505492e-003
  8.1882802e-003 -8.1882802e-003
  7.8260122e-003 -7.8260122e-003
  7.4637432e-003 -7.4637432e-003
  7.1014752e-003 -7.1014752e-003
  6.7392062e-003 -6.7392062e-003
  6.4569458e-003 -6.4569458e-003
  6.1746854e-003 -6.1746854e-003
  5.8924250e-003 -5.8924250e-003
  5.6101646e-003 -5.6101646e-003
  5.3279042e-003 -5.3279042e-003
  5.0456438e-003 -5.0456438e-003
  4.7633834e-003 -4.7633834e-003
  4.4811230e-003 -4.4811230e-003
  4.1988626e-003 -4.1988626e-003
  3.9166022e-003 -3.9166022e-003
  3.6343418e-003 -3.6343418e-003
  3.3520814e-003 -3.3520814e-003
  3.0698210e-003 -3.0698210e-003
  2.7875606e-003 -2.7875606e-003
  2.5053002e-003 -2.5053002e-003
  2.2230398e-003 -2.2230398e-003
  1.9407794e-003 -1.9407794e-003
  1.6585190e-003 -1.6585190e-003
  1.3762586e-003 -1.3762586e-003
  1.0939982e-003 -1.0939982e-003
  8.1173780e-004 -8.1173780e-004
  5.2947740e-004 -5.2947740e-004
  2.4721700e-004 -2.4721700e-004
 -3.5043400e-005  3.5043400e-005
 -3.1730380e-004  3.1730380e-004
 -5.9956420e-004  5.9956420e-004
 -8.8182460e-004  8.8182460e-004
 -1.1640850e-003  1.1640850e-003
 -1.4463454e-003  1.4463454e-003
 -1.7286058e-003  1.7286058e-003
 -2.0108662e-003  2.0108662e-003
 -2.2931266e-003  2.2931266e-003
 -2.5753870e-003  2.5753870e-003
 -2.8576474e-003  2.8576474e-003
 -3.1399078e-003  3.1399078e-003
 -3.4221682e-003  3.4221682e-003
 -3.7044286e-003  3.7044286e-003
 -3.9866890e-003  3.9866890e-003
 -4.2689494e-003  4.2689494e-003
 -4.5512098e-003  4.5512098e-003
 -4.8334702e-003  4.8334702e-003
 -5.1157306e-003  5.1157306e-003
 -5.3979910e-003  5.3979910e-003
 -5.6802514e-003  5.6802514e-003
 -5.9625118e-003  5.9625118e-003
 -6.2447722e-003  6.2447722e-003
 -6.5270326e-003  6.5270326e-003
 -6.8092930e-003  6.8092930e-003
 -7.0915534e-003  7.0915534e-003
 -7.3738138e-003  7.3738138e-003
 -7.6560742e-003  7.6560742e-003
 -7.9383346e-003  7.9383346e-003
 -8.2205950e-003  8.2205950e-003
 -8.5028554e-003  8.5028554e-003
 -8.7851158e-003  8.7851158e-003
 -9.0673762e-003  9.0673762e-003
 -9.3496366e-003  9.3496366e-003
 -9.6318970e-003  9.6318970e-003
 -9.9141574e-003  9.9141574e-003
 -1.0196418e-002  1.0196418e-002
 -1.0478678e-002  1.0478678e-002
 -1.0760939e-002  1.0760939e-002
 -1.1043199e-002  1.1043199e-002
 -1.1325459e-002  1.1325459e-002
 -1.1607720e-002  1.1607720e-002
 -1.1889980e-002  1.1889980e-002
 -1.2172241e-002  1.2172241e-002
 -1.2454501e-002  1.2454501e-002
 -1.2736761e-002  1.2736761e-002
 -1.3019022e-002  1.3019022e-002
 -1.3301282e-002  1.3301282e-002
 -1.3583543e-002  1.3583543e-002
 -1.3865803e-002  1.3865803e-002
