 -1.0000000e+000  1.0000000e+000
 -1.0000000e+000  1.0000000e+000
 -1.0000000e+000  1.0000000e+000
 -1.0000000e+000  1.0000000e+000
 -1.0000000e+000  1.0000000e+000
 -1.0000000e+000  1.0000000e+000
 -1.0000000e+000  1.0000000e+000
 -1.0000000e+000  1.0000000e+000
 -1.0000000e+000  1.0000000e+000
 -1.0000000e+000  1.0000000e+000
 -1.0000000e+000  1.0000000e+000
 -1.0000000e+000  1.0000000e+000
 -1.0000000e+000  1.0000000e+000
 -1.0000000e+000  1.0000000e+000
 -1.0000000e+000  1.0000000e+000
 -1.0000000e+000  1.0000000e+000
 -1.0000000e+000  1.0000000e+000
 -1.0000000e+000  1.0000000e+000
 -1.0000000e+000  1.0000000e+000
 -1.0000000e+000  1.0000000e+000
 -1.0000000e+000  1.0000000e+000
 -1.0000000e+000  1.0000000e+000
 -1.0000000e+000  1.0000000e+000
 -1.0000000e+000  1.0000000e+000
 -1.0000000e+000  1.0000000e+000
 -1.0000000e+000  1.0000000e+000
 -1.0000000e+000  1.0000000e+000
 -1.0000000e+000  1.0000000e+000
 -1.0000000e+000  1.0000000e+000
 -1.0000000e+000  1.0000000e+000
 -1.0000000e+000  1.0000000e+000
 -1.0000000e+000  1.0000000e+000
 -1.0000000e+000  1.0000000e+000
 -1.0000000e+000  1.0000000e+000
 -1.0000000e+000  1.0000000e+000
 -1.0000000e+000  1.0000000e+000
 -1.0000000e+000  1.0000000e+000
 -1.0000000e+000  1.0000000e+000
 -1.0000000e+000  1.0000000e+000
 -1.0000000e+000  1.0000000e+000
 -1.0000000e+000  1.0000000e+000
 -1.0000000e+000  1.0000000e+000
 -1.0000000e+000  1.0000000e+000
 -1.0000000e+000  1.0000000e+000
 -1.0000000e+000  1.0000000e+000
 -1.0000000e+000  1.0000000e+000
 -1.0000000e+000  1.0000000e+000
 -1.0000000e+000  1.0000000e+000
 -1.0000000e+000  1.0000000e+000
 -1.0000000e+000  1.0000000e+000
 -1.0000000e+000  1.0000000e+000
 -1.0000000e+000  1.0000000e+000
 -1.0000000e+000  1.0000000e+000
 -1.0000000e+000  1.0000000e+000
 -1.0000000e+000  1.0000000e+000
 -1.0000000e+000  1.0000000e+000
 -1.0000000e+000  1.0000000e+000
 -1.0000000e+000  1.0000000e+000
 -1.0000000e+000  1.0000000e+000
 -1.0000000e+000  1.0000000e+000
 -1.0000000e+000  1.0000000e+000
 -1.0000000e+000  1.0000000e+000
 -1.0000000e+000  1.0000000e+000
 -1.0000000e+000  1.0000000e+000
 -1.0000000e+000  1.0000000e+000
 -1.0000000e+000  1.0000000e+000
 -1.0000000e+000  1.0000000e+000
 -1.0000000e+000  1.0000000e+000
 -1.0000000e+000  1.0000000e+000
 -1.0000000e+000  1.0000000e+000
 -1.0000000e+000  1.0000000e+000
 -1.0000000e+000  1.0000000e+000
 -1.0000000e+000  1.0000000e+000
 -1.0000000e+000  1.0000000e+000
 -1.0000000e+000  1.0000000e+000
 -1.0000000e+000  1.0000000e+000
 -1.0000000e+000  1.0000000e+000
 -1.0000000e+000  1.0000000e+000
 -1.0000000e+000  1.0000000e+000
 -1.0000000e+000  1.0000000e+000
 -1.0000000e+000  1.0000000e+000
 -1.0000000e+000  1.0000000e+000
 -1.0000000e+000  1.0000000e+000
 -1.0000000e+000  1.0000000e+000
 -1.0000000e+000  1.0000000e+000
 -1.0000000e+000  1.0000000e+000
 -1.0000000e+000  1.0000000e+000
 -1.0000000e+000  1.0000000e+000
 -1.0000000e+000  1.0000000e+000
 -1.0000000e+000  1.0000000e+000
 -1.0000000e+000  1.0000000e+000
 -1.0000000e+000  1.0000000e+000
 -1.0000000e+000  1.0000000e+000
 -1.0000000e+000  1.0000000e+000
 -1.0000000e+000  1.0000000e+000
 -1.0000000e+000  1.0000000e+000
 -1.0000000e+000  1.0000000e+000
 -1.0000000e+000  1.0000000e+000
 -1.0000000e+000  1.0000000e+000
 -1.0000000e+000  1.0000000e+000
 -1.0000000e+000  1.0000000e+000
 -1.0000000e+000  1.0000000e+000
 -1.0000000e+000  1.0000000e+000
 -1.0000000e+000  1.0000000e+000
 -1.0000000e+000  1.0000000e+000
 -1.0000000e+000  1.0000000e+000
 -1.0000000e+000  1.0000000e+000
 -1.0000000e+000  1.0000000e+000
 -1.0000000e+000  1.0000000e+000
 -1.0000000e+000  1.0000000e+000
 -1.0000000e+000  1.0000000e+000
 -1.0000000e+000  1.0000000e+000
 -1.0000000e+000  1.0000000e+000
 -1.0000000e+000  1.0000000e+000
 -1.0000000e+000  1.0000000e+000
 -1.0000000e+000  1.0000000e+000
 -1.0000000e+000  1.0000000e+000
 -1.0000000e+000  1.0000000e+000
 -1.0000000e+000  1.0000000e+000
 -1.0000000e+000  1.0000000e+000
 -1.0000000e+000  1.0000000e+000
 -1.0000000e+000  1.0000000e+000
 -1.0000000e+000  1.0000000e+000
 -1.0000000e+000  1.0000000e+000
 -1.0000000e+000  1.0000000e+000
 -1.0000000e+000  1.0000000e+000
 -1.0000000e+000  1.0000000e+000
 -1.0000000e+000  1.0000000e+000
 -1.0000000e+000  1.0000000e+000
 -1.0000000e+000  1.0000000e+000
 -1.0000000e+000  1.0000000e+000
 -1.0000000e+000  1.0000000e+000
 -1.0000000e+000  1.0000000e+000
 -1.0000000e+000  1.0000000e+000
 -1.0000000e+000  1.0000000e+000
 -1.0000000e+000  1.0000000e+000
 -1.0000000e+000  1.0000000e+000
 -1.0000000e+000  1.0000000e+000
 -1.0000000e+000  1.0000000e+000
 -1.0000000e+000  1.0000000e+000
 -1.0000000e+000  1.0000000e+000
 -1.0000000e+000  1.0000000e+000
 -1.0000000e+000  1.0000000e+000
 -1.0000000e+000  1.0000000e+000
 -1.0000000e+000  1.0000000e+000
 -1.0000000e+000  1.0000000e+000
 -1.0003917e+000  1.0003917e+000
 -1.0015149e+000  1.0015149e+000
 -1.0021467e+000  1.0021467e+000
 -1.0021324e+000  1.0021324e+000
 -1.0021182e+000  1.0021182e+000
 -1.0021043e+000  1.0021043e+000
 -1.0020905e+000  1.0020905e+000
 -1.0020769e+000  1.0020769e+000
 -1.0020635e+000  1.0020635e+000
 -1.0020502e+000  1.0020502e+000
 -1.0044695e+000  1.0044695e+000
 -1.0076381e+000  1.0076381e+000
 -1.0089634e+000  1.0089634e+000
 -1.0099638e+000  1.0099638e+000
 -1.0099720e+000  1.0099720e+000
 -1.0099098e+000  1.0099098e+000
 -1.0098490e+000  1.0098490e+000
 -1.0098907e+000  1.0098907e+000
 -1.0108471e+000  1.0108471e+000
 -1.0116150e+000  1.0116150e+000
 -1.0115453e+000  1.0115453e+000
 -1.0114760e+000  1.0114760e+000
 -1.0114078e+000  1.0114078e+000
 -1.0113402e+000  1.0113402e+000
 -1.0112736e+000  1.0112736e+000
 -1.0112076e+000  1.0112076e+000
 -1.0111425e+000  1.0111425e+000
 -1.0110781e+000  1.0110781e+000
 -1.0110144e+000  1.0110144e+000
 -1.0109515e+000  1.0109515e+000
 -1.0108892e+000  1.0108892e+000
 -1.0108278e+000  1.0108278e+000
 -1.0107668e+000  1.0107668e+000
 -1.0114149e+000  1.0114149e+000
 -1.0122766e+000  1.0122766e+000
 -1.0123456e+000  1.0123456e+000
 -1.0122775e+000  1.0122775e+000
 -1.0122107e+000  1.0122107e+000
 -1.0121263e+000  1.0121263e+000
 -1.0111586e+000  1.0111586e+000
 -1.0102861e+000  1.0102861e+000
 -1.0102314e+000  1.0102314e+000
 -1.0101769e+000  1.0101769e+000
 -1.0101233e+000  1.0101233e+000
 -1.0103040e+000  1.0103040e+000
 -1.0111174e+000  1.0111174e+000
 -1.0119288e+000  1.0119288e+000
 -1.0127361e+000  1.0127361e+000
 -1.0131611e+000  1.0131611e+000
 -1.0130937e+000  1.0130937e+000
 -1.0130269e+000  1.0130269e+000
 -1.0129608e+000  1.0129608e+000
 -1.0128955e+000  1.0128955e+000
 -1.0128306e+000  1.0128306e+000
 -1.0127666e+000  1.0127666e+000
 -1.0127030e+000  1.0127030e+000
 -1.0126403e+000  1.0126403e+000
 -1.0125779e+000  1.0125779e+000
 -1.0125165e+000  1.0125165e+000
 -1.0124552e+000  1.0124552e+000
 -1.0123951e+000  1.0123951e+000
 -1.0123350e+000  1.0123350e+000
 -1.0122760e+000  1.0122760e+000
 -1.0123006e+000  1.0123006e+000
 -1.0130324e+000  1.0130324e+000
 -1.0136141e+000  1.0136141e+000
 -1.0135500e+000  1.0135500e+000
 -1.0139102e+000  1.0139102e+000
 -1.0154021e+000  1.0154021e+000
 -1.0166118e+000  1.0166118e+000
 -1.0173086e+000  1.0173086e+000
 -1.0179977e+000  1.0179977e+000
 -1.0186768e+000  1.0186768e+000
 -1.0193503e+000  1.0193503e+000
 -1.0200188e+000  1.0200188e+000
 -1.0202263e+000  1.0202263e+000
 -1.0201351e+000  1.0201351e+000
 -1.0200450e+000  1.0200450e+000
 -1.0199553e+000  1.0199553e+000
 -1.0198669e+000  1.0198669e+000
 -1.0197787e+000  1.0197787e+000
 -1.0203180e+000  1.0203180e+000
 -1.0209618e+000  1.0209618e+000
 -1.0215962e+000  1.0215962e+000
 -1.0222122e+000  1.0222122e+000
 -1.0221106e+000  1.0221106e+000
 -1.0221644e+000  1.0221644e+000
 -1.0234991e+000  1.0234991e+000
 -1.0246954e+000  1.0246954e+000
 -1.0253014e+000  1.0253014e+000
 -1.0259036e+000  1.0259036e+000
 -1.0264952e+000  1.0264952e+000
 -1.0268344e+000  1.0268344e+000
 -1.0267223e+000  1.0267223e+000
 -1.0266109e+000  1.0266109e+000
 -1.0265005e+000  1.0265005e+000
 -1.0263911e+000  1.0263911e+000
 -1.0262824e+000  1.0262824e+000
 -1.0261748e+000  1.0261748e+000
 -1.0260679e+000  1.0260679e+000
 -1.0264254e+000  1.0264254e+000
 -1.0269888e+000  1.0269888e+000
 -1.0270303e+000  1.0270303e+000
 -1.0269216e+000  1.0269216e+000
 -1.0273812e+000  1.0273812e+000
 -1.0279335e+000  1.0279335e+000
 -1.0278605e+000  1.0278605e+000
 -1.0277501e+000  1.0277501e+000
 -1.0276413e+000  1.0276413e+000
 -1.0276046e+000  1.0276046e+000
 -1.0281475e+000  1.0281475e+000
 -1.0285637e+000  1.0285637e+000
 -1.0284533e+000  1.0284533e+000
 -1.0285189e+000  1.0285189e+000
 -1.0290424e+000  1.0290424e+000
 -1.0293365e+000  1.0293365e+000
 -1.0292247e+000  1.0292247e+000
 -1.0291137e+000  1.0291137e+000
 -1.0290035e+000  1.0290035e+000
 -1.0292261e+000  1.0292261e+000
 -1.0297457e+000  1.0297457e+000
 -1.0298792e+000  1.0298792e+000
 -1.0297677e+000  1.0297677e+000
 -1.0296573e+000  1.0296573e+000
 -1.0295474e+000  1.0295474e+000
 -1.0303847e+000  1.0303847e+000
 -1.0314919e+000  1.0314919e+000
 -1.0310203e+000  1.0310203e+000
 -1.0302974e+000  1.0302974e+000
 -1.0307258e+000  1.0307258e+000
 -1.0312197e+000  1.0312197e+000
 -1.0317035e+000  1.0317035e+000
 -1.0320528e+000  1.0320528e+000
 -1.0313459e+000  1.0313459e+000
 -1.0308726e+000  1.0308726e+000
 -1.0313515e+000  1.0313515e+000
 -1.0315012e+000  1.0315012e+000
 -1.0308055e+000  1.0308055e+000
 -1.0303245e+000  1.0303245e+000
 -1.0302183e+000  1.0302183e+000
 -1.0306266e+000  1.0306266e+000
 -1.0316715e+000  1.0316715e+000
 -1.0321013e+000  1.0321013e+000
 -1.0319866e+000  1.0319866e+000
 -1.0325823e+000  1.0325823e+000
 -1.0336246e+000  1.0336246e+000
 -1.0342550e+000  1.0342550e+000
 -1.0347069e+000  1.0347069e+000
 -1.0346999e+000  1.0346999e+000
 -1.0345646e+000  1.0345646e+000
 -1.0349370e+000  1.0349370e+000
 -1.0353889e+000  1.0353889e+000
 -1.0358257e+000  1.0358257e+000
 -1.0362440e+000  1.0362440e+000
 -1.0361238e+000  1.0361238e+000
 -1.0360038e+000  1.0360038e+000
 -1.0358850e+000  1.0358850e+000
 -1.0357666e+000  1.0357666e+000
 -1.0356494e+000  1.0356494e+000
 -1.0356828e+000  1.0356828e+000
 -1.0360985e+000  1.0360985e+000
 -1.0363190e+000  1.0363190e+000
 -1.0362014e+000  1.0362014e+000
 -1.0363251e+000  1.0363251e+000
 -1.0367439e+000  1.0367439e+000
 -1.0368765e+000  1.0368765e+000
 -1.0367585e+000  1.0367585e+000
 -1.0366415e+000  1.0366415e+000
 -1.0365250e+000  1.0365250e+000
 -1.0364094e+000  1.0364094e+000
 -1.0362943e+000  1.0362943e+000
 -1.0365875e+000  1.0365875e+000
 -1.0369934e+000  1.0369934e+000
 -1.0374033e+000  1.0374033e+000
 -1.0378139e+000  1.0378139e+000
 -1.0382117e+000  1.0382117e+000
 -1.0386085e+000  1.0386085e+000
 -1.0389929e+000  1.0389929e+000
 -1.0393793e+000  1.0393793e+000
 -1.0397799e+000  1.0397799e+000
 -1.0400753e+000  1.0400753e+000
 -1.0399532e+000  1.0399532e+000
 -1.0398315e+000  1.0398315e+000
 -1.0397109e+000  1.0397109e+000
 -1.0395907e+000  1.0395907e+000
 -1.0394715e+000  1.0394715e+000
 -1.0395805e+000  1.0395805e+000
 -1.0399663e+000  1.0399663e+000
 -1.0408742e+000  1.0408742e+000
 -1.0422357e+000  1.0422357e+000
 -1.0426762e+000  1.0426762e+000
 -1.0425497e+000  1.0425497e+000
 -1.0424242e+000  1.0424242e+000
 -1.0422992e+000  1.0422992e+000
 -1.0429482e+000  1.0429482e+000
 -1.0438082e+000  1.0438082e+000
 -1.0438089e+000  1.0438089e+000
 -1.0436811e+000  1.0436811e+000
 -1.0435547e+000  1.0435547e+000
 -1.0434284e+000  1.0434284e+000
 -1.0433034e+000  1.0433034e+000
 -1.0432357e+000  1.0432357e+000
 -1.0435859e+000  1.0435859e+000
 -1.0439355e+000  1.0439355e+000
 -1.0442823e+000  1.0442823e+000
 -1.0446262e+000  1.0446262e+000
 -1.0449625e+000  1.0449625e+000
 -1.0453040e+000  1.0453040e+000
 -1.0456541e+000  1.0456541e+000
 -1.0459972e+000  1.0459972e+000
 -1.0463318e+000  1.0463318e+000
 -1.0464167e+000  1.0464167e+000
 -1.0462873e+000  1.0462873e+000
 -1.0464496e+000  1.0464496e+000
 -1.0467894e+000  1.0467894e+000
 -1.0467919e+000  1.0467919e+000
 -1.0466533e+000  1.0466533e+000
 -1.0465233e+000  1.0465233e+000
 -1.0463956e+000  1.0463956e+000
 -1.0466710e+000  1.0466710e+000
 -1.0470055e+000  1.0470055e+000
 -1.0473167e+000  1.0473167e+000
 -1.0476376e+000  1.0476376e+000
 -1.0479547e+000  1.0479547e+000
 -1.0482170e+000  1.0482170e+000
 -1.0480876e+000  1.0480876e+000
 -1.0479584e+000  1.0479584e+000
 -1.0478303e+000  1.0478303e+000
 -1.0475763e+000  1.0475763e+000
 -1.0470142e+000  1.0470142e+000
 -1.0466093e+000  1.0466093e+000
 -1.0464860e+000  1.0464860e+000
 -1.0469631e+000  1.0469631e+000
 -1.0481539e+000  1.0481539e+000
 -1.0488634e+000  1.0488634e+000
 -1.0491633e+000  1.0491633e+000
 -1.0491956e+000  1.0491956e+000
 -1.0490668e+000  1.0490668e+000
 -1.0492429e+000  1.0492429e+000
 -1.0495433e+000  1.0495433e+000
 -1.0498416e+000  1.0498416e+000
 -1.0501395e+000  1.0501395e+000
 -1.0500643e+000  1.0500643e+000
 -1.0499356e+000  1.0499356e+000
 -1.0502069e+000  1.0502069e+000
 -1.0504777e+000  1.0504777e+000
 -1.0503499e+000  1.0503499e+000
 -1.0502744e+000  1.0502744e+000
 -1.0505637e+000  1.0505637e+000
 -1.0508553e+000  1.0508553e+000
 -1.0511559e+000  1.0511559e+000
 -1.0513308e+000  1.0513308e+000
 -1.0512023e+000  1.0512023e+000
 -1.0513853e+000  1.0513853e+000
 -1.0520721e+000  1.0520721e+000
 -1.0523837e+000  1.0523837e+000
 -1.0522538e+000  1.0522538e+000
 -1.0521246e+000  1.0521246e+000
 -1.0519960e+000  1.0519960e+000
 -1.0518681e+000  1.0518681e+000
 -1.0517406e+000  1.0517406e+000
 -1.0518888e+000  1.0518888e+000
 -1.0521737e+000  1.0521737e+000
 -1.0524454e+000  1.0524454e+000
 -1.0527139e+000  1.0527139e+000
 -1.0537074e+000  1.0537074e+000
 -1.0548033e+000  1.0548033e+000
 -1.0547193e+000  1.0547193e+000
 -1.0545869e+000  1.0545869e+000
 -1.0544476e+000  1.0544476e+000
 -1.0543760e+000  1.0543760e+000
 -1.0546391e+000  1.0546391e+000
 -1.0549017e+000  1.0549017e+000
 -1.0551628e+000  1.0551628e+000
 -1.0553082e+000  1.0553082e+000
 -1.0551774e+000  1.0551774e+000
 -1.0551905e+000  1.0551905e+000
 -1.0554399e+000  1.0554399e+000
 -1.0557059e+000  1.0557059e+000
 -1.0559607e+000  1.0559607e+000
 -1.0564301e+000  1.0564301e+000
 -1.0570786e+000  1.0570786e+000
 -1.0572354e+000  1.0572354e+000
 -1.0571024e+000  1.0571024e+000
 -1.0572532e+000  1.0572532e+000
 -1.0575185e+000  1.0575185e+000
 -1.0574638e+000  1.0574638e+000
 -1.0573314e+000  1.0573314e+000
 -1.0582015e+000  1.0582015e+000
 -1.0592094e+000  1.0592094e+000
 -1.0594777e+000  1.0594777e+000
 -1.0597002e+000  1.0597002e+000
 -1.0595646e+000  1.0595646e+000
 -1.0594720e+000  1.0594720e+000
 -1.0597116e+000  1.0597116e+000
 -1.0598711e+000  1.0598711e+000
 -1.0597363e+000  1.0597363e+000
 -1.0598199e+000  1.0598199e+000
 -1.0604194e+000  1.0604194e+000
 -1.0607389e+000  1.0607389e+000
 -1.0606033e+000  1.0606033e+000
 -1.0604679e+000  1.0604679e+000
 -1.0603338e+000  1.0603338e+000
 -1.0604077e+000  1.0604077e+000
 -1.0606531e+000  1.0606531e+000
 -1.0611135e+000  1.0611135e+000
 -1.0616993e+000  1.0616993e+000
 -1.0620268e+000  1.0620268e+000
 -1.0622511e+000  1.0622511e+000
 -1.0624672e+000  1.0624672e+000
 -1.0627187e+000  1.0627187e+000
 -1.0629573e+000  1.0629573e+000
 -1.0631944e+000  1.0631944e+000
 -1.0634105e+000  1.0634105e+000
 -1.0636260e+000  1.0636260e+000
 -1.0638426e+000  1.0638426e+000
 -1.0640570e+000  1.0640570e+000
 -1.0642582e+000  1.0642582e+000
 -1.0645604e+000  1.0645604e+000
 -1.0651408e+000  1.0651408e+000
 -1.0655054e+000  1.0655054e+000
 -1.0653658e+000  1.0653658e+000
 -1.0653585e+000  1.0653585e+000
 -1.0655639e+000  1.0655639e+000
 -1.0657698e+000  1.0657698e+000
 -1.0659766e+000  1.0659766e+000
 -1.0661824e+000  1.0661824e+000
 -1.0663836e+000  1.0663836e+000
 -1.0663691e+000  1.0663691e+000
 -1.0662299e+000  1.0662299e+000
 -1.0663330e+000  1.0663330e+000
 -1.0665316e+000  1.0665316e+000
 -1.0672899e+000  1.0672899e+000
 -1.0681879e+000  1.0681879e+000
 -1.0684850e+000  1.0684850e+000
 -1.0687004e+000  1.0687004e+000
 -1.0685701e+000  1.0685701e+000
 -1.0684806e+000  1.0684806e+000
 -1.0693451e+000  1.0693451e+000
 -1.0701213e+000  1.0701213e+000
 -1.0703300e+000  1.0703300e+000
 -1.0704564e+000  1.0704564e+000
 -1.0703158e+000  1.0703158e+000
 -1.0702737e+000  1.0702737e+000
 -1.0704585e+000  1.0704585e+000
 -1.0709070e+000  1.0709070e+000
 -1.0717758e+000  1.0717758e+000
 -1.0720056e+000  1.0720056e+000
 -1.0715132e+000  1.0715132e+000
 -1.0714019e+000  1.0714019e+000
 -1.0716073e+000  1.0716073e+000
 -1.0720073e+000  1.0720073e+000
 -1.0725184e+000  1.0725184e+000
 -1.0727887e+000  1.0727887e+000
 -1.0729653e+000  1.0729653e+000
 -1.0731447e+000  1.0731447e+000
 -1.0733247e+000  1.0733247e+000
 -1.0738138e+000  1.0738138e+000
 -1.0743533e+000  1.0743533e+000
 -1.0745394e+000  1.0745394e+000
 -1.0747319e+000  1.0747319e+000
 -1.0752226e+000  1.0752226e+000
 -1.0756720e+000  1.0756720e+000
 -1.0758616e+000  1.0758616e+000
 -1.0759728e+000  1.0759728e+000
 -1.0758091e+000  1.0758091e+000
 -1.0757777e+000  1.0757777e+000
 -1.0759477e+000  1.0759477e+000
 -1.0761156e+000  1.0761156e+000
 -1.0762802e+000  1.0762802e+000
 -1.0766024e+000  1.0766024e+000
 -1.0771006e+000  1.0771006e+000
 -1.0775972e+000  1.0775972e+000
 -1.0780927e+000  1.0780927e+000
 -1.0783756e+000  1.0783756e+000
 -1.0785382e+000  1.0785382e+000
 -1.0789215e+000  1.0789215e+000
 -1.0793894e+000  1.0793894e+000
 -1.0793588e+000  1.0793588e+000
 -1.0792083e+000  1.0792083e+000
 -1.0793328e+000  1.0793328e+000
 -1.0794913e+000  1.0794913e+000
 -1.0802610e+000  1.0802610e+000
 -1.0810125e+000  1.0810125e+000
 -1.0811844e+000  1.0811844e+000
 -1.0813109e+000  1.0813109e+000
 -1.0811592e+000  1.0811592e+000
 -1.0812150e+000  1.0812150e+000
 -1.0819916e+000  1.0819916e+000
 -1.0825719e+000  1.0825719e+000
 -1.0827201e+000  1.0827201e+000
 -1.0827506e+000  1.0827506e+000
 -1.0825977e+000  1.0825977e+000
 -1.0824453e+000  1.0824453e+000
 -1.0822935e+000  1.0822935e+000
 -1.0824743e+000  1.0824743e+000
 -1.0829184e+000  1.0829184e+000
 -1.0831572e+000  1.0831572e+000
 -1.0833141e+000  1.0833141e+000
 -1.0836887e+000  1.0836887e+000
 -1.0841459e+000  1.0841459e+000
 -1.0843637e+000  1.0843637e+000
 -1.0845247e+000  1.0845247e+000
 -1.0849473e+000  1.0849473e+000
 -1.0854018e+000  1.0854018e+000
 -1.0858269e+000  1.0858269e+000
 -1.0862275e+000  1.0862275e+000
 -1.0860728e+000  1.0860728e+000
 -1.0860424e+000  1.0860424e+000
 -1.0867595e+000  1.0867595e+000
 -1.0872793e+000  1.0872793e+000
 -1.0871238e+000  1.0871238e+000
 -1.0871453e+000  1.0871453e+000
 -1.0875612e+000  1.0875612e+000
 -1.0879935e+000  1.0879935e+000
 -1.0884338e+000  1.0884338e+000
 -1.0890077e+000  1.0890077e+000
 -1.0897282e+000  1.0897282e+000
 -1.0901171e+000  1.0901171e+000
 -1.0902457e+000  1.0902457e+000
 -1.0901847e+000  1.0901847e+000
 -1.0900187e+000  1.0900187e+000
 -1.0905050e+000  1.0905050e+000
 -1.0912150e+000  1.0912150e+000
 -1.0912205e+000  1.0912205e+000
 -1.0910615e+000  1.0910615e+000
 -1.0911560e+000  1.0911560e+000
 -1.0912800e+000  1.0912800e+000
 -1.0916748e+000  1.0916748e+000
 -1.0920602e+000  1.0920602e+000
 -1.0921805e+000  1.0921805e+000
 -1.0924272e+000  1.0924272e+000
 -1.0934190e+000  1.0934190e+000
 -1.0942795e+000  1.0942795e+000
 -1.0946952e+000  1.0946952e+000
 -1.0950159e+000  1.0950159e+000
 -1.0951272e+000  1.0951272e+000
 -1.0953283e+000  1.0953283e+000
 -1.0957325e+000  1.0957325e+000
 -1.0959951e+000  1.0959951e+000
 -1.0961039e+000  1.0961039e+000
 -1.0962145e+000  1.0962145e+000
 -1.0963266e+000  1.0963266e+000
 -1.0969777e+000  1.0969777e+000
 -1.0979240e+000  1.0979240e+000
 -1.0982775e+000  1.0982775e+000
 -1.0984004e+000  1.0984004e+000
 -1.0991861e+000  1.0991861e+000
 -1.1001245e+000  1.1001245e+000
 -1.1000715e+000  1.1000715e+000
 -1.0999046e+000  1.0999046e+000
 -1.1005268e+000  1.1005268e+000
 -1.1011475e+000  1.1011475e+000
 -1.1015127e+000  1.1015127e+000
 -1.1018887e+000  1.1018887e+000
 -1.1020098e+000  1.1020098e+000
 -1.1022528e+000  1.1022528e+000
 -1.1029014e+000  1.1029014e+000
 -1.1034597e+000  1.1034597e+000
 -1.1038214e+000  1.1038214e+000
 -1.1040754e+000  1.1040754e+000
 -1.1041667e+000  1.1041667e+000
 -1.1043968e+000  1.1043968e+000
 -1.1047762e+000  1.1047762e+000
 -1.1053001e+000  1.1053001e+000
 -1.1059355e+000  1.1059355e+000
 -1.1065546e+000  1.1065546e+000
 -1.1071650e+000  1.1071650e+000
 -1.1076140e+000  1.1076140e+000
 -1.1080041e+000  1.1080041e+000
 -1.1085881e+000  1.1085881e+000
 -1.1092137e+000  1.1092137e+000
 -1.1093527e+000  1.1093527e+000
 -1.1094371e+000  1.1094371e+000
 -1.1100254e+000  1.1100254e+000
 -1.1106064e+000  1.1106064e+000
 -1.1109623e+000  1.1109623e+000
 -1.1113558e+000  1.1113558e+000
 -1.1119966e+000  1.1119966e+000
 -1.1125650e+000  1.1125650e+000
 -1.1128956e+000  1.1128956e+000
 -1.1132266e+000  1.1132266e+000
 -1.1135583e+000  1.1135583e+000
 -1.1142193e+000  1.1142193e+000
 -1.1153735e+000  1.1153735e+000
 -1.1161090e+000  1.1161090e+000
 -1.1164418e+000  1.1164418e+000
 -1.1166256e+000  1.1166256e+000
 -1.1166958e+000  1.1166958e+000
 -1.1171051e+000  1.1171051e+000
 -1.1176959e+000  1.1176959e+000
 -1.1181034e+000  1.1181034e+000
 -1.1184446e+000  1.1184446e+000
 -1.1189917e+000  1.1189917e+000
 -1.1195735e+000  1.1195735e+000
 -1.1196889e+000  1.1196889e+000
 -1.1197533e+000  1.1197533e+000
 -1.1203248e+000  1.1203248e+000
 -1.1208849e+000  1.1208849e+000
 -1.1211913e+000  1.1211913e+000
 -1.1215027e+000  1.1215027e+000
 -1.1218435e+000  1.1218435e+000
 -1.1223214e+000  1.1223214e+000
 -1.1231378e+000  1.1231378e+000
 -1.1237891e+000  1.1237891e+000
 -1.1240884e+000  1.1240884e+000
 -1.1243975e+000  1.1243975e+000
 -1.1247214e+000  1.1247214e+000
 -1.1251452e+000  1.1251452e+000
 -1.1256747e+000  1.1256747e+000
 -1.1262407e+000  1.1262407e+000
 -1.1268013e+000  1.1268013e+000
 -1.1273592e+000  1.1273592e+000
 -1.1279155e+000  1.1279155e+000
 -1.1284688e+000  1.1284688e+000
 -1.1290210e+000  1.1290210e+000
 -1.1291586e+000  1.1291586e+000
 -1.1292053e+000  1.1292053e+000
 -1.1297052e+000  1.1297052e+000
 -1.1302505e+000  1.1302505e+000
 -1.1310547e+000  1.1310547e+000
 -1.1318416e+000  1.1318416e+000
 -1.1323584e+000  1.1323584e+000
 -1.1328376e+000  1.1328376e+000
 -1.1331131e+000  1.1331131e+000
 -1.1334438e+000  1.1334438e+000
 -1.1339847e+000  1.1339847e+000
 -1.1345985e+000  1.1345985e+000
 -1.1353659e+000  1.1353659e+000
 -1.1361320e+000  1.1361320e+000
 -1.1368959e+000  1.1368959e+000
 -1.1375415e+000  1.1375415e+000
 -1.1380635e+000  1.1380635e+000
 -1.1387003e+000  1.1387003e+000
 -1.1394339e+000  1.1394339e+000
 -1.1398757e+000  1.1398757e+000
 -1.1401644e+000  1.1401644e+000
 -1.1407924e+000  1.1407924e+000
 -1.1415398e+000  1.1415398e+000
 -1.1422622e+000  1.1422622e+000
 -1.1429791e+000  1.1429791e+000
 -1.1430448e+000  1.1430448e+000
 -1.1430866e+000  1.1430866e+000
 -1.1440682e+000  1.1440682e+000
 -1.1450230e+000  1.1450230e+000
 -1.1455256e+000  1.1455256e+000
 -1.1459881e+000  1.1459881e+000
 -1.1462368e+000  1.1462368e+000
 -1.1466602e+000  1.1466602e+000
 -1.1476353e+000  1.1476353e+000
 -1.1484530e+000  1.1484530e+000
 -1.1489199e+000  1.1489199e+000
 -1.1495802e+000  1.1495802e+000
 -1.1505212e+000  1.1505212e+000
 -1.1513629e+000  1.1513629e+000
 -1.1521016e+000  1.1521016e+000
 -1.1526865e+000  1.1526865e+000
 -1.1531574e+000  1.1531574e+000
 -1.1536391e+000  1.1536391e+000
 -1.1540927e+000  1.1540927e+000
 -1.1549159e+000  1.1549159e+000
 -1.1558677e+000  1.1558677e+000
 -1.1560376e+000  1.1560376e+000
 -1.1560419e+000  1.1560419e+000
 -1.1568967e+000  1.1568967e+000
 -1.1578362e+000  1.1578362e+000
 -1.1583125e+000  1.1583125e+000
 -1.1587825e+000  1.1587825e+000
 -1.1592217e+000  1.1592217e+000
 -1.1596995e+000  1.1596995e+000
 -1.1603822e+000  1.1603822e+000
 -1.1611306e+000  1.1611306e+000
 -1.1620844e+000  1.1620844e+000
 -1.1628465e+000  1.1628465e+000
 -1.1632895e+000  1.1632895e+000
 -1.1639155e+000  1.1639155e+000
 -1.1648048e+000  1.1648048e+000
 -1.1659337e+000  1.1659337e+000
 -1.1673087e+000  1.1673087e+000
 -1.1682544e+000  1.1682544e+000
 -1.1688856e+000  1.1688856e+000
 -1.1697194e+000  1.1697194e+000
 -1.1706462e+000  1.1706462e+000
 -1.1713496e+000  1.1713496e+000
 -1.1719760e+000  1.1719760e+000
 -1.1726467e+000  1.1726467e+000
 -1.1733263e+000  1.1733263e+000
 -1.1741712e+000  1.1741712e+000
 -1.1750320e+000  1.1750320e+000
 -1.1756670e+000  1.1756670e+000
 -1.1763807e+000  1.1763807e+000
 -1.1770203e+000  1.1770203e+000
 -1.1777321e+000  1.1777321e+000
 -1.1788187e+000  1.1788187e+000
 -1.1797424e+000  1.1797424e+000
 -1.1801654e+000  1.1801654e+000
 -1.1807215e+000  1.1807215e+000
 -1.1815493e+000  1.1815493e+000
 -1.1825833e+000  1.1825833e+000
 -1.1838647e+000  1.1838647e+000
 -1.1847140e+000  1.1847140e+000
 -1.1851243e+000  1.1851243e+000
 -1.1857751e+000  1.1857751e+000
 -1.1866004e+000  1.1866004e+000
 -1.1874415e+000  1.1874415e+000
 -1.1882903e+000  1.1882903e+000
 -1.1888103e+000  1.1888103e+000
 -1.1892110e+000  1.1892110e+000
 -1.1901494e+000  1.1901494e+000
 -1.1911974e+000  1.1911974e+000
 -1.1918379e+000  1.1918379e+000
 -1.1924397e+000  1.1924397e+000
 -1.1932457e+000  1.1932457e+000
 -1.1940852e+000  1.1940852e+000
 -1.1953550e+000  1.1953550e+000
 -1.1965738e+000  1.1965738e+000
 -1.1975318e+000  1.1975318e+000
 -1.1985139e+000  1.1985139e+000
 -1.1995694e+000  1.1995694e+000
 -1.2003903e+000  1.2003903e+000
 -1.2007394e+000  1.2007394e+000
 -1.2012636e+000  1.2012636e+000
 -1.2020882e+000  1.2020882e+000
 -1.2027894e+000  1.2027894e+000
 -1.2033666e+000  1.2033666e+000
 -1.2044086e+000  1.2044086e+000
 -1.2057841e+000  1.2057841e+000
 -1.2067775e+000  1.2067775e+000
 -1.2075787e+000  1.2075787e+000
 -1.2081507e+000  1.2081507e+000
 -1.2087098e+000  1.2087098e+000
 -1.2098195e+000  1.2098195e+000
 -1.2110394e+000  1.2110394e+000
 -1.2116518e+000  1.2116518e+000
 -1.2122083e+000  1.2122083e+000
 -1.2131516e+000  1.2131516e+000
 -1.2141119e+000  1.2141119e+000
 -1.2152613e+000  1.2152613e+000
 -1.2164345e+000  1.2164345e+000
 -1.2174078e+000  1.2174078e+000
 -1.2183876e+000  1.2183876e+000
 -1.2193882e+000  1.2193882e+000
 -1.2203661e+000  1.2203661e+000
 -1.2212989e+000  1.2212989e+000
 -1.2219785e+000  1.2219785e+000
 -1.2223056e+000  1.2223056e+000
 -1.2230488e+000  1.2230488e+000
 -1.2241640e+000  1.2241640e+000
 -1.2251836e+000  1.2251836e+000
 -1.2261353e+000  1.2261353e+000
 -1.2269753e+000  1.2269753e+000
 -1.2277592e+000  1.2277592e+000
 -1.2289458e+000  1.2289458e+000
 -1.2302653e+000  1.2302653e+000
 -1.2310904e+000  1.2310904e+000
 -1.2318047e+000  1.2318047e+000
 -1.2326850e+000  1.2326850e+000
 -1.2335806e+000  1.2335806e+000
 -1.2350801e+000  1.2350801e+000
 -1.2365108e+000  1.2365108e+000
 -1.2372083e+000  1.2372083e+000
 -1.2378265e+000  1.2378265e+000
 -1.2381460e+000  1.2381460e+000
 -1.2386720e+000  1.2386720e+000
 -1.2398103e+000  1.2398103e+000
 -1.2412618e+000  1.2412618e+000
 -1.2433316e+000  1.2433316e+000
 -1.2448175e+000  1.2448175e+000
 -1.2454959e+000  1.2454959e+000
 -1.2463355e+000  1.2463355e+000
 -1.2474504e+000  1.2474504e+000
 -1.2485435e+000  1.2485435e+000
 -1.2496207e+000  1.2496207e+000
 -1.2505437e+000  1.2505437e+000
 -1.2513901e+000  1.2513901e+000
 -1.2525371e+000  1.2525371e+000
 -1.2537814e+000  1.2537814e+000
 -1.2547170e+000  1.2547170e+000
 -1.2556024e+000  1.2556024e+000
 -1.2566464e+000  1.2566464e+000
 -1.2577045e+000  1.2577045e+000
 -1.2590756e+000  1.2590756e+000
 -1.2604376e+000  1.2604376e+000
 -1.2617093e+000  1.2617093e+000
 -1.2629957e+000  1.2629957e+000
 -1.2643557e+000  1.2643557e+000
 -1.2657707e+000  1.2657707e+000
 -1.2669477e+000  1.2669477e+000
 -1.2681360e+000  1.2681360e+000
 -1.2693477e+000  1.2693477e+000
 -1.2706199e+000  1.2706199e+000
 -1.2719754e+000  1.2719754e+000
 -1.2738262e+000  1.2738262e+000
 -1.2761617e+000  1.2761617e+000
 -1.2779754e+000  1.2779754e+000
 -1.2793518e+000  1.2793518e+000
 -1.2812020e+000  1.2812020e+000
 -1.2832829e+000  1.2832829e+000
 -1.2847058e+000  1.2847058e+000
 -1.2859163e+000  1.2859163e+000
 -1.2866468e+000  1.2866468e+000
 -1.2872846e+000  1.2872846e+000
 -1.2889103e+000  1.2889103e+000
 -1.2906017e+000  1.2906017e+000
 -1.2912316e+000  1.2912316e+000
 -1.2919270e+000  1.2919270e+000
 -1.2932957e+000  1.2932957e+000
 -1.2947474e+000  1.2947474e+000
 -1.2965960e+000  1.2965960e+000
 -1.2982271e+000  1.2982271e+000
 -1.2993895e+000  1.2993895e+000
 -1.3004083e+000  1.3004083e+000
 -1.3011527e+000  1.3011527e+000
 -1.3024294e+000  1.3024294e+000
 -1.3044278e+000  1.3044278e+000
 -1.3061796e+000  1.3061796e+000
 -1.3076927e+000  1.3076927e+000
 -1.3092600e+000  1.3092600e+000
 -1.3106354e+000  1.3106354e+000
 -1.3127708e+000  1.3127708e+000
 -1.3149063e+000  1.3149063e+000
 -1.3170417e+000  1.3170417e+000
 -1.3191771e+000  1.3191771e+000
 -1.3213125e+000  1.3213125e+000
 -1.3234479e+000  1.3234479e+000
 -1.3255833e+000  1.3255833e+000
 -1.3278854e+000  1.3278854e+000
 -1.3301875e+000  1.3301875e+000
 -1.3324896e+000  1.3324896e+000
 -1.3347917e+000  1.3347917e+000
 -1.3370938e+000  1.3370938e+000
 -1.3393958e+000  1.3393958e+000
 -1.3416979e+000  1.3416979e+000
 -1.3440000e+000  1.3440000e+000
 -1.3464688e+000  1.3464688e+000
 -1.3489375e+000  1.3489375e+000
 -1.3514063e+000  1.3514063e+000
 -1.3538750e+000  1.3538750e+000
 -1.3563438e+000  1.3563438e+000
 -1.3588125e+000  1.3588125e+000
 -1.3612813e+000  1.3612813e+000
 -1.3637500e+000  1.3637500e+000
 -1.3663958e+000  1.3663958e+000
 -1.3690417e+000  1.3690417e+000
 -1.3716875e+000  1.3716875e+000
 -1.3743333e+000  1.3743333e+000
 -1.3769792e+000  1.3769792e+000
 -1.3796250e+000  1.3796250e+000
 -1.3822708e+000  1.3822708e+000
 -1.3849167e+000  1.3849167e+000
 -1.3877917e+000  1.3877917e+000
 -1.3906667e+000  1.3906667e+000
 -1.3935417e+000  1.3935417e+000
 -1.3964167e+000  1.3964167e+000
 -1.3992917e+000  1.3992917e+000
 -1.4021667e+000  1.4021667e+000
 -1.4050417e+000  1.4050417e+000
 -1.4079167e+000  1.4079167e+000
 -1.4110417e+000  1.4110417e+000
 -1.4141667e+000  1.4141667e+000
 -1.4172917e+000  1.4172917e+000
 -1.4204167e+000  1.4204167e+000
 -1.4235417e+000  1.4235417e+000
 -1.4266667e+000  1.4266667e+000
 -1.4297917e+000  1.4297917e+000
 -1.4329167e+000  1.4329167e+000
 -1.4363021e+000  1.4363021e+000
 -1.4396875e+000  1.4396875e+000
 -1.4430729e+000  1.4430729e+000
 -1.4464583e+000  1.4464583e+000
 -1.4498437e+000  1.4498437e+000
 -1.4532292e+000  1.4532292e+000
 -1.4566146e+000  1.4566146e+000
 -1.4600000e+000  1.4600000e+000
 -1.4637083e+000  1.4637083e+000
 -1.4674167e+000  1.4674167e+000
 -1.4711250e+000  1.4711250e+000
 -1.4748333e+000  1.4748333e+000
 -1.4785417e+000  1.4785417e+000
 -1.4822500e+000  1.4822500e+000
 -1.4859583e+000  1.4859583e+000
 -1.4896667e+000  1.4896667e+000
 -1.4937396e+000  1.4937396e+000
 -1.4978125e+000  1.4978125e+000
 -1.5018854e+000  1.5018854e+000
 -1.5059583e+000  1.5059583e+000
 -1.5100312e+000  1.5100312e+000
 -1.5141042e+000  1.5141042e+000
 -1.5181771e+000  1.5181771e+000
 -1.5222500e+000  1.5222500e+000
 -1.5266875e+000  1.5266875e+000
 -1.5311250e+000  1.5311250e+000
 -1.5355625e+000  1.5355625e+000
 -1.5400000e+000  1.5400000e+000
 -1.5444375e+000  1.5444375e+000
 -1.5488750e+000  1.5488750e+000
 -1.5533125e+000  1.5533125e+000
 -1.5577500e+000  1.5577500e+000
 -1.5626771e+000  1.5626771e+000
 -1.5676042e+000  1.5676042e+000
 -1.5725312e+000  1.5725312e+000
 -1.5774583e+000  1.5774583e+000
 -1.5823854e+000  1.5823854e+000
 -1.5873125e+000  1.5873125e+000
 -1.5922396e+000  1.5922396e+000
 -1.5971667e+000  1.5971667e+000
 -1.6025313e+000  1.6025313e+000
 -1.6078958e+000  1.6078958e+000
 -1.6132604e+000  1.6132604e+000
 -1.6186250e+000  1.6186250e+000
 -1.6239896e+000  1.6239896e+000
 -1.6293542e+000  1.6293542e+000
 -1.6347187e+000  1.6347187e+000
 -1.6400833e+000  1.6400833e+000
 -1.6458646e+000  1.6458646e+000
 -1.6516458e+000  1.6516458e+000
 -1.6574271e+000  1.6574271e+000
 -1.6632083e+000  1.6632083e+000
 -1.6689896e+000  1.6689896e+000
 -1.6747708e+000  1.6747708e+000
 -1.6805521e+000  1.6805521e+000
 -1.6863333e+000  1.6863333e+000
 -1.6925521e+000  1.6925521e+000
 -1.6987708e+000  1.6987708e+000
 -1.7049896e+000  1.7049896e+000
 -1.7112083e+000  1.7112083e+000
 -1.7174271e+000  1.7174271e+000
 -1.7236458e+000  1.7236458e+000
 -1.7298646e+000  1.7298646e+000
 -1.7360833e+000  1.7360833e+000
 -1.7424896e+000  1.7424896e+000
 -1.7488958e+000  1.7488958e+000
 -1.7553021e+000  1.7553021e+000
 -1.7617083e+000  1.7617083e+000
 -1.7681146e+000  1.7681146e+000
 -1.7745208e+000  1.7745208e+000
 -1.7809271e+000  1.7809271e+000
 -1.7873333e+000  1.7873333e+000
 -1.7937292e+000  1.7937292e+000
 -1.8001250e+000  1.8001250e+000
 -1.8065208e+000  1.8065208e+000
 -1.8129167e+000  1.8129167e+000
 -1.8193125e+000  1.8193125e+000
 -1.8257083e+000  1.8257083e+000
 -1.8321042e+000  1.8321042e+000
 -1.8385000e+000  1.8385000e+000
 -1.8435000e+000  1.8435000e+000
 -1.8485000e+000  1.8485000e+000
 -1.8535000e+000  1.8535000e+000
 -1.8585000e+000  1.8585000e+000
 -1.8635000e+000  1.8635000e+000
 -1.8685000e+000  1.8685000e+000
 -1.8735000e+000  1.8735000e+000
 -1.8785000e+000  1.8785000e+000
 -1.8849687e+000  1.8849687e+000
 -1.8914375e+000  1.8914375e+000
 -1.8979062e+000  1.8979062e+000
 -1.9043750e+000  1.9043750e+000
 -1.9108438e+000  1.9108438e+000
 -1.9173125e+000  1.9173125e+000
 -1.9237813e+000  1.9237813e+000
 -1.9302500e+000  1.9302500e+000
 -1.9361250e+000  1.9361250e+000
 -1.9420000e+000  1.9420000e+000
 -1.9478750e+000  1.9478750e+000
 -1.9537500e+000  1.9537500e+000
 -1.9596250e+000  1.9596250e+000
 -1.9655000e+000  1.9655000e+000
 -1.9713750e+000  1.9713750e+000
 -1.9772500e+000  1.9772500e+000
 -1.9883854e+000  1.9883854e+000
 -1.9995208e+000  1.9995208e+000
 -2.0000000e+000  2.0000000e+000
 -2.0000000e+000  2.0000000e+000
 -2.0000000e+000  2.0000000e+000
 -2.0000000e+000  2.0000000e+000
 -2.0000000e+000  2.0000000e+000
 -2.0000000e+000  2.0000000e+000
