 -1.0000000e+000  1.0000000e+000
 -1.0000000e+000  1.0000000e+000
 -1.0000000e+000  1.0000000e+000
 -1.0000000e+000  1.0000000e+000
 -1.0000000e+000  1.0000000e+000
 -1.0000000e+000  1.0000000e+000
 -1.0000000e+000  1.0000000e+000
 -1.0000000e+000  1.0000000e+000
 -1.0000000e+000  1.0000000e+000
 -1.0000000e+000  1.0000000e+000
 -1.0000000e+000  1.0000000e+000
 -1.0000000e+000  1.0000000e+000
 -1.0000000e+000  1.0000000e+000
 -1.0000000e+000  1.0000000e+000
 -1.0000000e+000  1.0000000e+000
 -1.0000000e+000  1.0000000e+000
 -1.0000000e+000  1.0000000e+000
 -1.0000000e+000  1.0000000e+000
 -1.0000000e+000  1.0000000e+000
 -1.0000000e+000  1.0000000e+000
 -1.0000000e+000  1.0000000e+000
 -1.0000000e+000  1.0000000e+000
 -1.0000000e+000  1.0000000e+000
 -1.0000000e+000  1.0000000e+000
 -1.0000000e+000  1.0000000e+000
 -1.0000000e+000  1.0000000e+000
 -1.0000000e+000  1.0000000e+000
 -1.0000000e+000  1.0000000e+000
 -1.0000000e+000  1.0000000e+000
 -1.0000000e+000  1.0000000e+000
 -1.0000000e+000  1.0000000e+000
 -1.0000000e+000  1.0000000e+000
 -1.0000000e+000  1.0000000e+000
 -1.0000000e+000  1.0000000e+000
 -1.0000000e+000  1.0000000e+000
 -1.0000000e+000  1.0000000e+000
 -1.0000000e+000  1.0000000e+000
 -1.0000000e+000  1.0000000e+000
 -1.0000000e+000  1.0000000e+000
 -1.0000000e+000  1.0000000e+000
 -1.0000000e+000  1.0000000e+000
 -1.0000000e+000  1.0000000e+000
 -1.0000000e+000  1.0000000e+000
 -1.0000000e+000  1.0000000e+000
 -1.0000000e+000  1.0000000e+000
 -1.0000000e+000  1.0000000e+000
 -1.0000000e+000  1.0000000e+000
 -1.0000000e+000  1.0000000e+000
 -1.0000000e+000  1.0000000e+000
 -1.0000000e+000  1.0000000e+000
 -1.0000000e+000  1.0000000e+000
 -1.0000000e+000  1.0000000e+000
 -1.0000000e+000  1.0000000e+000
 -1.0000000e+000  1.0000000e+000
 -1.0000000e+000  1.0000000e+000
 -1.0000000e+000  1.0000000e+000
 -1.0000000e+000  1.0000000e+000
 -1.0000000e+000  1.0000000e+000
 -1.0000000e+000  1.0000000e+000
 -1.0000000e+000  1.0000000e+000
 -1.0000000e+000  1.0000000e+000
 -1.0000000e+000  1.0000000e+000
 -1.0000000e+000  1.0000000e+000
 -1.0000000e+000  1.0000000e+000
 -1.0000000e+000  1.0000000e+000
 -1.0000000e+000  1.0000000e+000
 -1.0000000e+000  1.0000000e+000
 -1.0000000e+000  1.0000000e+000
 -1.0000000e+000  1.0000000e+000
 -1.0000000e+000  1.0000000e+000
 -1.0000000e+000  1.0000000e+000
 -1.0000000e+000  1.0000000e+000
 -1.0000000e+000  1.0000000e+000
 -1.0000000e+000  1.0000000e+000
 -1.0000000e+000  1.0000000e+000
 -1.0000000e+000  1.0000000e+000
 -1.0000000e+000  1.0000000e+000
 -1.0000000e+000  1.0000000e+000
 -1.0000000e+000  1.0000000e+000
 -1.0000000e+000  1.0000000e+000
 -1.0000000e+000  1.0000000e+000
 -1.0000000e+000  1.0000000e+000
 -1.0000000e+000  1.0000000e+000
 -1.0000000e+000  1.0000000e+000
 -1.0000000e+000  1.0000000e+000
 -1.0000000e+000  1.0000000e+000
 -1.0000000e+000  1.0000000e+000
 -1.0000000e+000  1.0000000e+000
 -1.0000000e+000  1.0000000e+000
 -1.0000000e+000  1.0000000e+000
 -1.0000000e+000  1.0000000e+000
 -1.0000000e+000  1.0000000e+000
 -1.0000000e+000  1.0000000e+000
 -1.0000000e+000  1.0000000e+000
 -1.0000000e+000  1.0000000e+000
 -1.0000000e+000  1.0000000e+000
 -1.0000000e+000  1.0000000e+000
 -1.0000000e+000  1.0000000e+000
 -1.0000000e+000  1.0000000e+000
 -1.0000000e+000  1.0000000e+000
 -1.0000000e+000  1.0000000e+000
 -1.0000000e+000  1.0000000e+000
 -1.0000000e+000  1.0000000e+000
 -1.0000000e+000  1.0000000e+000
 -1.0000000e+000  1.0000000e+000
 -1.0000000e+000  1.0000000e+000
 -1.0000000e+000  1.0000000e+000
 -1.0000000e+000  1.0000000e+000
 -1.0000000e+000  1.0000000e+000
 -1.0000000e+000  1.0000000e+000
 -1.0000000e+000  1.0000000e+000
 -1.0000000e+000  1.0000000e+000
 -1.0000000e+000  1.0000000e+000
 -1.0000000e+000  1.0000000e+000
 -1.0000000e+000  1.0000000e+000
 -1.0000000e+000  1.0000000e+000
 -1.0000000e+000  1.0000000e+000
 -1.0000000e+000  1.0000000e+000
 -1.0000000e+000  1.0000000e+000
 -1.0000000e+000  1.0000000e+000
 -1.0000000e+000  1.0000000e+000
 -1.0000000e+000  1.0000000e+000
 -1.0000000e+000  1.0000000e+000
 -1.0000000e+000  1.0000000e+000
 -1.0000000e+000  1.0000000e+000
 -1.0000000e+000  1.0000000e+000
 -1.0000000e+000  1.0000000e+000
 -1.0000000e+000  1.0000000e+000
 -1.0000000e+000  1.0000000e+000
 -1.0000000e+000  1.0000000e+000
 -1.0000000e+000  1.0000000e+000
 -1.0000000e+000  1.0000000e+000
 -1.0000000e+000  1.0000000e+000
 -1.0000000e+000  1.0000000e+000
 -1.0000000e+000  1.0000000e+000
 -1.0000000e+000  1.0000000e+000
 -1.0000000e+000  1.0000000e+000
 -1.0000000e+000  1.0000000e+000
 -1.0000000e+000  1.0000000e+000
 -1.0000000e+000  1.0000000e+000
 -1.0000000e+000  1.0000000e+000
 -1.0000000e+000  1.0000000e+000
 -1.0000000e+000  1.0000000e+000
 -1.0000000e+000  1.0000000e+000
 -1.0000000e+000  1.0000000e+000
 -1.0000000e+000  1.0000000e+000
 -1.0000000e+000  1.0000000e+000
 -1.0000000e+000  1.0000000e+000
 -1.0000000e+000  1.0000000e+000
 -1.0000000e+000  1.0000000e+000
 -1.0005647e+000  1.0005647e+000
 -1.0016598e+000  1.0016598e+000
 -1.0033895e+000  1.0033895e+000
 -1.0055462e+000  1.0055462e+000
 -1.0062033e+000  1.0062033e+000
 -1.0061632e+000  1.0061632e+000
 -1.0069374e+000  1.0069374e+000
 -1.0079603e+000  1.0079603e+000
 -1.0089528e+000  1.0089528e+000
 -1.0099408e+000  1.0099408e+000
 -1.0099484e+000  1.0099484e+000
 -1.0099040e+000  1.0099040e+000
 -1.0108593e+000  1.0108593e+000
 -1.0116106e+000  1.0116106e+000
 -1.0105349e+000  1.0105349e+000
 -1.0096477e+000  1.0096477e+000
 -1.0095900e+000  1.0095900e+000
 -1.0097954e+000  1.0097954e+000
 -1.0107206e+000  1.0107206e+000
 -1.0109564e+000  1.0109564e+000
 -1.0099193e+000  1.0099193e+000
 -1.0101498e+000  1.0101498e+000
 -1.0120284e+000  1.0120284e+000
 -1.0128958e+000  1.0128958e+000
 -1.0128218e+000  1.0128218e+000
 -1.0127487e+000  1.0127487e+000
 -1.0126763e+000  1.0126763e+000
 -1.0126050e+000  1.0126050e+000
 -1.0125342e+000  1.0125342e+000
 -1.0131739e+000  1.0131739e+000
 -1.0140275e+000  1.0140275e+000
 -1.0140872e+000  1.0140872e+000
 -1.0140096e+000  1.0140096e+000
 -1.0139335e+000  1.0139335e+000
 -1.0138753e+000  1.0138753e+000
 -1.0146964e+000  1.0146964e+000
 -1.0153331e+000  1.0153331e+000
 -1.0143641e+000  1.0143641e+000
 -1.0137273e+000  1.0137273e+000
 -1.0145335e+000  1.0145335e+000
 -1.0151007e+000  1.0151007e+000
 -1.0150220e+000  1.0150220e+000
 -1.0149468e+000  1.0149468e+000
 -1.0148781e+000  1.0148781e+000
 -1.0151793e+000  1.0151793e+000
 -1.0159567e+000  1.0159567e+000
 -1.0162863e+000  1.0162863e+000
 -1.0162036e+000  1.0162036e+000
 -1.0171256e+000  1.0171256e+000
 -1.0187068e+000  1.0187068e+000
 -1.0191350e+000  1.0191350e+000
 -1.0190397e+000  1.0190397e+000
 -1.0189458e+000  1.0189458e+000
 -1.0188523e+000  1.0188523e+000
 -1.0187604e+000  1.0187604e+000
 -1.0186686e+000  1.0186686e+000
 -1.0185785e+000  1.0185785e+000
 -1.0185063e+000  1.0185063e+000
 -1.0192197e+000  1.0192197e+000
 -1.0198482e+000  1.0198482e+000
 -1.0197541e+000  1.0197541e+000
 -1.0198082e+000  1.0198082e+000
 -1.0204974e+000  1.0204974e+000
 -1.0209722e+000  1.0209722e+000
 -1.0208745e+000  1.0208745e+000
 -1.0210513e+000  1.0210513e+000
 -1.0217243e+000  1.0217243e+000
 -1.0217214e+000  1.0217214e+000
 -1.0208580e+000  1.0208580e+000
 -1.0215850e+000  1.0215850e+000
 -1.0237630e+000  1.0237630e+000
 -1.0240929e+000  1.0240929e+000
 -1.0232247e+000  1.0232247e+000
 -1.0239098e+000  1.0239098e+000
 -1.0252925e+000  1.0252925e+000
 -1.0260955e+000  1.0260955e+000
 -1.0267293e+000  1.0267293e+000
 -1.0267137e+000  1.0267137e+000
 -1.0265902e+000  1.0265902e+000
 -1.0271603e+000  1.0271603e+000
 -1.0277382e+000  1.0277382e+000
 -1.0268951e+000  1.0268951e+000
 -1.0262088e+000  1.0262088e+000
 -1.0268084e+000  1.0268084e+000
 -1.0272711e+000  1.0272711e+000
 -1.0271554e+000  1.0271554e+000
 -1.0272316e+000  1.0272316e+000
 -1.0278131e+000  1.0278131e+000
 -1.0283957e+000  1.0283957e+000
 -1.0289798e+000  1.0289798e+000
 -1.0289439e+000  1.0289439e+000
 -1.0281266e+000  1.0281266e+000
 -1.0287634e+000  1.0287634e+000
 -1.0307134e+000  1.0307134e+000
 -1.0318011e+000  1.0318011e+000
 -1.0323347e+000  1.0323347e+000
 -1.0328809e+000  1.0328809e+000
 -1.0334328e+000  1.0334328e+000
 -1.0339707e+000  1.0339707e+000
 -1.0345048e+000  1.0345048e+000
 -1.0344612e+000  1.0344612e+000
 -1.0343236e+000  1.0343236e+000
 -1.0341880e+000  1.0341880e+000
 -1.0340525e+000  1.0340525e+000
 -1.0339190e+000  1.0339190e+000
 -1.0337858e+000  1.0337858e+000
 -1.0336543e+000  1.0336543e+000
 -1.0335232e+000  1.0335232e+000
 -1.0333936e+000  1.0333936e+000
 -1.0337965e+000  1.0337965e+000
 -1.0355855e+000  1.0355855e+000
 -1.0366745e+000  1.0366745e+000
 -1.0365213e+000  1.0365213e+000
 -1.0369419e+000  1.0369419e+000
 -1.0380795e+000  1.0380795e+000
 -1.0385399e+000  1.0385399e+000
 -1.0383951e+000  1.0383951e+000
 -1.0382515e+000  1.0382515e+000
 -1.0381087e+000  1.0381087e+000
 -1.0383959e+000  1.0383959e+000
 -1.0388716e+000  1.0388716e+000
 -1.0393393e+000  1.0393393e+000
 -1.0398049e+000  1.0398049e+000
 -1.0402619e+000  1.0402619e+000
 -1.0407177e+000  1.0407177e+000
 -1.0406028e+000  1.0406028e+000
 -1.0404554e+000  1.0404554e+000
 -1.0403099e+000  1.0403099e+000
 -1.0401647e+000  1.0401647e+000
 -1.0400213e+000  1.0400213e+000
 -1.0401116e+000  1.0401116e+000
 -1.0411569e+000  1.0411569e+000
 -1.0421984e+000  1.0421984e+000
 -1.0432284e+000  1.0432284e+000
 -1.0438284e+000  1.0438284e+000
 -1.0436749e+000  1.0436749e+000
 -1.0435189e+000  1.0435189e+000
 -1.0433598e+000  1.0433598e+000
 -1.0435157e+000  1.0435157e+000
 -1.0439499e+000  1.0439499e+000
 -1.0440244e+000  1.0440244e+000
 -1.0438730e+000  1.0438730e+000
 -1.0445153e+000  1.0445153e+000
 -1.0455019e+000  1.0455019e+000
 -1.0460367e+000  1.0460367e+000
 -1.0464452e+000  1.0464452e+000
 -1.0463650e+000  1.0463650e+000
 -1.0462086e+000  1.0462086e+000
 -1.0460541e+000  1.0460541e+000
 -1.0459351e+000  1.0459351e+000
 -1.0468856e+000  1.0468856e+000
 -1.0477088e+000  1.0477088e+000
 -1.0475513e+000  1.0475513e+000
 -1.0472853e+000  1.0472853e+000
 -1.0465830e+000  1.0465830e+000
 -1.0466505e+000  1.0466505e+000
 -1.0486728e+000  1.0486728e+000
 -1.0500969e+000  1.0500969e+000
 -1.0504804e+000  1.0504804e+000
 -1.0506180e+000  1.0506180e+000
 -1.0504549e+000  1.0504549e+000
 -1.0505752e+000  1.0505752e+000
 -1.0509437e+000  1.0509437e+000
 -1.0509847e+000  1.0509847e+000
 -1.0508223e+000  1.0508223e+000
 -1.0506612e+000  1.0506612e+000
 -1.0505008e+000  1.0505008e+000
 -1.0507500e+000  1.0507500e+000
 -1.0511121e+000  1.0511121e+000
 -1.0519153e+000  1.0519153e+000
 -1.0527866e+000  1.0527866e+000
 -1.0526735e+000  1.0526735e+000
 -1.0525454e+000  1.0525454e+000
 -1.0534181e+000  1.0534181e+000
 -1.0541687e+000  1.0541687e+000
 -1.0540025e+000  1.0540025e+000
 -1.0539385e+000  1.0539385e+000
 -1.0542793e+000  1.0542793e+000
 -1.0544759e+000  1.0544759e+000
 -1.0543106e+000  1.0543106e+000
 -1.0543323e+000  1.0543323e+000
 -1.0546742e+000  1.0546742e+000
 -1.0550108e+000  1.0550108e+000
 -1.0553411e+000  1.0553411e+000
 -1.0554058e+000  1.0554058e+000
 -1.0552405e+000  1.0552405e+000
 -1.0556827e+000  1.0556827e+000
 -1.0564988e+000  1.0564988e+000
 -1.0566240e+000  1.0566240e+000
 -1.0564569e+000  1.0564569e+000
 -1.0566706e+000  1.0566706e+000
 -1.0569878e+000  1.0569878e+000
 -1.0577200e+000  1.0577200e+000
 -1.0585149e+000  1.0585149e+000
 -1.0588610e+000  1.0588610e+000
 -1.0591845e+000  1.0591845e+000
 -1.0594878e+000  1.0594878e+000
 -1.0597339e+000  1.0597339e+000
 -1.0595628e+000  1.0595628e+000
 -1.0595836e+000  1.0595836e+000
 -1.0603525e+000  1.0603525e+000
 -1.0608510e+000  1.0608510e+000
 -1.0606786e+000  1.0606786e+000
 -1.0606830e+000  1.0606830e+000
 -1.0609867e+000  1.0609867e+000
 -1.0614931e+000  1.0614931e+000
 -1.0622428e+000  1.0622428e+000
 -1.0624954e+000  1.0624954e+000
 -1.0623211e+000  1.0623211e+000
 -1.0624316e+000  1.0624316e+000
 -1.0627154e+000  1.0627154e+000
 -1.0630055e+000  1.0630055e+000
 -1.0632982e+000  1.0632982e+000
 -1.0635780e+000  1.0635780e+000
 -1.0638544e+000  1.0638544e+000
 -1.0641286e+000  1.0641286e+000
 -1.0644026e+000  1.0644026e+000
 -1.0642463e+000  1.0642463e+000
 -1.0640906e+000  1.0640906e+000
 -1.0643616e+000  1.0643616e+000
 -1.0646345e+000  1.0646345e+000
 -1.0649207e+000  1.0649207e+000
 -1.0651118e+000  1.0651118e+000
 -1.0649379e+000  1.0649379e+000
 -1.0651434e+000  1.0651434e+000
 -1.0662786e+000  1.0662786e+000
 -1.0672601e+000  1.0672601e+000
 -1.0679779e+000  1.0679779e+000
 -1.0682855e+000  1.0682855e+000
 -1.0681057e+000  1.0681057e+000
 -1.0676873e+000  1.0676873e+000
 -1.0670662e+000  1.0670662e+000
 -1.0670015e+000  1.0670015e+000
 -1.0672715e+000  1.0672715e+000
 -1.0678404e+000  1.0678404e+000
 -1.0685302e+000  1.0685302e+000
 -1.0688690e+000  1.0688690e+000
 -1.0691155e+000  1.0691155e+000
 -1.0689790e+000  1.0689790e+000
 -1.0687879e+000  1.0687879e+000
 -1.0686118e+000  1.0686118e+000
 -1.0684538e+000  1.0684538e+000
 -1.0687096e+000  1.0687096e+000
 -1.0689633e+000  1.0689633e+000
 -1.0692032e+000  1.0692032e+000
 -1.0695289e+000  1.0695289e+000
 -1.0701796e+000  1.0701796e+000
 -1.0707136e+000  1.0707136e+000
 -1.0709650e+000  1.0709650e+000
 -1.0712032e+000  1.0712032e+000
 -1.0714581e+000  1.0714581e+000
 -1.0717008e+000  1.0717008e+000
 -1.0719294e+000  1.0719294e+000
 -1.0721639e+000  1.0721639e+000
 -1.0724033e+000  1.0724033e+000
 -1.0728852e+000  1.0728852e+000
 -1.0735116e+000  1.0735116e+000
 -1.0738314e+000  1.0738314e+000
 -1.0740688e+000  1.0740688e+000
 -1.0739747e+000  1.0739747e+000
 -1.0737945e+000  1.0737945e+000
 -1.0739791e+000  1.0739791e+000
 -1.0742146e+000  1.0742146e+000
 -1.0748246e+000  1.0748246e+000
 -1.0754314e+000  1.0754314e+000
 -1.0756336e+000  1.0756336e+000
 -1.0759072e+000  1.0759072e+000
 -1.0765077e+000  1.0765077e+000
 -1.0770251e+000  1.0770251e+000
 -1.0772316e+000  1.0772316e+000
 -1.0775561e+000  1.0775561e+000
 -1.0781626e+000  1.0781626e+000
 -1.0784667e+000  1.0784667e+000
 -1.0782739e+000  1.0782739e+000
 -1.0784544e+000  1.0784544e+000
 -1.0790369e+000  1.0790369e+000
 -1.0794093e+000  1.0794093e+000
 -1.0796067e+000  1.0796067e+000
 -1.0803020e+000  1.0803020e+000
 -1.0812917e+000  1.0812917e+000
 -1.0819785e+000  1.0819785e+000
 -1.0825435e+000  1.0825435e+000
 -1.0828125e+000  1.0828125e+000
 -1.0829967e+000  1.0829967e+000
 -1.0831946e+000  1.0831946e+000
 -1.0833945e+000  1.0833945e+000
 -1.0839376e+000  1.0839376e+000
 -1.0844762e+000  1.0844762e+000
 -1.0846536e+000  1.0846536e+000
 -1.0847799e+000  1.0847799e+000
 -1.0845898e+000  1.0845898e+000
 -1.0846400e+000  1.0846400e+000
 -1.0855732e+000  1.0855732e+000
 -1.0861717e+000  1.0861717e+000
 -1.0859785e+000  1.0859785e+000
 -1.0860700e+000  1.0860700e+000
 -1.0866243e+000  1.0866243e+000
 -1.0871597e+000  1.0871597e+000
 -1.0876987e+000  1.0876987e+000
 -1.0880427e+000  1.0880427e+000
 -1.0882259e+000  1.0882259e+000
 -1.0883974e+000  1.0883974e+000
 -1.0885621e+000  1.0885621e+000
 -1.0892504e+000  1.0892504e+000
 -1.0901478e+000  1.0901478e+000
 -1.0907440e+000  1.0907440e+000
 -1.0912910e+000  1.0912910e+000
 -1.0911801e+000  1.0911801e+000
 -1.0909814e+000  1.0909814e+000
 -1.0914657e+000  1.0914657e+000
 -1.0919568e+000  1.0919568e+000
 -1.0921095e+000  1.0921095e+000
 -1.0922631e+000  1.0922631e+000
 -1.0924216e+000  1.0924216e+000
 -1.0925993e+000  1.0925993e+000
 -1.0927500e+000  1.0927500e+000
 -1.0931142e+000  1.0931142e+000
 -1.0939771e+000  1.0939771e+000
 -1.0945727e+000  1.0945727e+000
 -1.0947376e+000  1.0947376e+000
 -1.0950505e+000  1.0950505e+000
 -1.0955322e+000  1.0955322e+000
 -1.0958369e+000  1.0958369e+000
 -1.0959776e+000  1.0959776e+000
 -1.0961170e+000  1.0961170e+000
 -1.0962556e+000  1.0962556e+000
 -1.0966661e+000  1.0966661e+000
 -1.0971836e+000  1.0971836e+000
 -1.0979531e+000  1.0979531e+000
 -1.0987855e+000  1.0987855e+000
 -1.0989995e+000  1.0989995e+000
 -1.0991306e+000  1.0991306e+000
 -1.0996045e+000  1.0996045e+000
 -1.1001067e+000  1.1001067e+000
 -1.1009219e+000  1.1009219e+000
 -1.1016921e+000  1.1016921e+000
 -1.1021717e+000  1.1021717e+000
 -1.1025686e+000  1.1025686e+000
 -1.1026923e+000  1.1026923e+000
 -1.1030262e+000  1.1030262e+000
 -1.1038457e+000  1.1038457e+000
 -1.1045217e+000  1.1045217e+000
 -1.1049686e+000  1.1049686e+000
 -1.1054133e+000  1.1054133e+000
 -1.1058554e+000  1.1058554e+000
 -1.1061102e+000  1.1061102e+000
 -1.1062269e+000  1.1062269e+000
 -1.1069717e+000  1.1069717e+000
 -1.1080761e+000  1.1080761e+000
 -1.1082301e+000  1.1082301e+000
 -1.1080145e+000  1.1080145e+000
 -1.1091259e+000  1.1091259e+000
 -1.1105631e+000  1.1105631e+000
 -1.1110862e+000  1.1110862e+000
 -1.1115199e+000  1.1115199e+000
 -1.1119588e+000  1.1119588e+000
 -1.1123793e+000  1.1123793e+000
 -1.1124759e+000  1.1124759e+000
 -1.1127091e+000  1.1127091e+000
 -1.1137991e+000  1.1137991e+000
 -1.1148112e+000  1.1148112e+000
 -1.1155465e+000  1.1155465e+000
 -1.1160038e+000  1.1160038e+000
 -1.1157790e+000  1.1157790e+000
 -1.1157971e+000  1.1157971e+000
 -1.1161980e+000  1.1161980e+000
 -1.1167662e+000  1.1167662e+000
 -1.1175218e+000  1.1175218e+000
 -1.1180750e+000  1.1180750e+000
 -1.1184660e+000  1.1184660e+000
 -1.1186650e+000  1.1186650e+000
 -1.1187479e+000  1.1187479e+000
 -1.1192886e+000  1.1192886e+000
 -1.1200052e+000  1.1200052e+000
 -1.1207398e+000  1.1207398e+000
 -1.1214790e+000  1.1214790e+000
 -1.1216269e+000  1.1216269e+000
 -1.1217012e+000  1.1217012e+000
 -1.1217774e+000  1.1217774e+000
 -1.1218699e+000  1.1218699e+000
 -1.1222467e+000  1.1222467e+000
 -1.1226262e+000  1.1226262e+000
 -1.1230221e+000  1.1230221e+000
 -1.1234123e+000  1.1234123e+000
 -1.1237833e+000  1.1237833e+000
 -1.1240547e+000  1.1240547e+000
 -1.1241285e+000  1.1241285e+000
 -1.1245685e+000  1.1245685e+000
 -1.1255795e+000  1.1255795e+000
 -1.1264335e+000  1.1264335e+000
 -1.1271129e+000  1.1271129e+000
 -1.1274486e+000  1.1274486e+000
 -1.1275116e+000  1.1275116e+000
 -1.1277723e+000  1.1277723e+000
 -1.1281597e+000  1.1281597e+000
 -1.1289809e+000  1.1289809e+000
 -1.1299670e+000  1.1299670e+000
 -1.1304373e+000  1.1304373e+000
 -1.1307855e+000  1.1307855e+000
 -1.1313914e+000  1.1313914e+000
 -1.1320286e+000  1.1320286e+000
 -1.1321074e+000  1.1321074e+000
 -1.1322237e+000  1.1322237e+000
 -1.1328535e+000  1.1328535e+000
 -1.1334861e+000  1.1334861e+000
 -1.1341362e+000  1.1341362e+000
 -1.1347856e+000  1.1347856e+000
 -1.1354323e+000  1.1354323e+000
 -1.1359794e+000  1.1359794e+000
 -1.1363040e+000  1.1363040e+000
 -1.1367610e+000  1.1367610e+000
 -1.1373969e+000  1.1373969e+000
 -1.1381662e+000  1.1381662e+000
 -1.1390821e+000  1.1390821e+000
 -1.1399955e+000  1.1399955e+000
 -1.1409072e+000  1.1409072e+000
 -1.1416116e+000  1.1416116e+000
 -1.1422013e+000  1.1422013e+000
 -1.1426158e+000  1.1426158e+000
 -1.1429539e+000  1.1429539e+000
 -1.1437405e+000  1.1437405e+000
 -1.1446319e+000  1.1446319e+000
 -1.1452739e+000  1.1452739e+000
 -1.1458864e+000  1.1458864e+000
 -1.1467863e+000  1.1467863e+000
 -1.1476545e+000  1.1476545e+000
 -1.1479517e+000  1.1479517e+000
 -1.1483762e+000  1.1483762e+000
 -1.1495514e+000  1.1495514e+000
 -1.1505930e+000  1.1505930e+000
 -1.1511812e+000  1.1511812e+000
 -1.1516850e+000  1.1516850e+000
 -1.1520029e+000  1.1520029e+000
 -1.1524182e+000  1.1524182e+000
 -1.1530059e+000  1.1530059e+000
 -1.1535770e+000  1.1535770e+000
 -1.1541299e+000  1.1541299e+000
 -1.1546950e+000  1.1546950e+000
 -1.1552696e+000  1.1552696e+000
 -1.1560180e+000  1.1560180e+000
 -1.1568616e+000  1.1568616e+000
 -1.1574887e+000  1.1574887e+000
 -1.1580717e+000  1.1580717e+000
 -1.1588793e+000  1.1588793e+000
 -1.1597387e+000  1.1597387e+000
 -1.1603040e+000  1.1603040e+000
 -1.1608354e+000  1.1608354e+000
 -1.1614189e+000  1.1614189e+000
 -1.1619824e+000  1.1619824e+000
 -1.1622404e+000  1.1622404e+000
 -1.1626308e+000  1.1626308e+000
 -1.1637354e+000  1.1637354e+000
 -1.1647110e+000  1.1647110e+000
 -1.1652560e+000  1.1652560e+000
 -1.1658904e+000  1.1658904e+000
 -1.1667198e+000  1.1667198e+000
 -1.1674312e+000  1.1674312e+000
 -1.1679642e+000  1.1679642e+000
 -1.1685058e+000  1.1685058e+000
 -1.1690391e+000  1.1690391e+000
 -1.1697151e+000  1.1697151e+000
 -1.1705010e+000  1.1705010e+000
 -1.1713051e+000  1.1713051e+000
 -1.1721191e+000  1.1721191e+000
 -1.1733034e+000  1.1733034e+000
 -1.1746238e+000  1.1746238e+000
 -1.1752718e+000  1.1752718e+000
 -1.1757586e+000  1.1757586e+000
 -1.1764968e+000  1.1764968e+000
 -1.1772632e+000  1.1772632e+000
 -1.1780550e+000  1.1780550e+000
 -1.1788261e+000  1.1788261e+000
 -1.1793013e+000  1.1793013e+000
 -1.1798531e+000  1.1798531e+000
 -1.1808605e+000  1.1808605e+000
 -1.1818799e+000  1.1818799e+000
 -1.1829381e+000  1.1829381e+000
 -1.1838076e+000  1.1838076e+000
 -1.1842698e+000  1.1842698e+000
 -1.1847435e+000  1.1847435e+000
 -1.1852347e+000  1.1852347e+000
 -1.1859685e+000  1.1859685e+000
 -1.1869881e+000  1.1869881e+000
 -1.1880017e+000  1.1880017e+000
 -1.1890110e+000  1.1890110e+000
 -1.1899941e+000  1.1899941e+000
 -1.1909635e+000  1.1909635e+000
 -1.1919312e+000  1.1919312e+000
 -1.1928987e+000  1.1928987e+000
 -1.1936756e+000  1.1936756e+000
 -1.1944253e+000  1.1944253e+000
 -1.1953853e+000  1.1953853e+000
 -1.1963684e+000  1.1963684e+000
 -1.1973171e+000  1.1973171e+000
 -1.1982838e+000  1.1982838e+000
 -1.1994978e+000  1.1994978e+000
 -1.2006308e+000  1.2006308e+000
 -1.2013093e+000  1.2013093e+000
 -1.2020285e+000  1.2020285e+000
 -1.2027484e+000  1.2027484e+000
 -1.2034570e+000  1.2034570e+000
 -1.2041419e+000  1.2041419e+000
 -1.2047155e+000  1.2047155e+000
 -1.2051244e+000  1.2051244e+000
 -1.2059078e+000  1.2059078e+000
 -1.2070869e+000  1.2070869e+000
 -1.2083939e+000  1.2083939e+000
 -1.2097787e+000  1.2097787e+000
 -1.2105364e+000  1.2105364e+000
 -1.2109613e+000  1.2109613e+000
 -1.2121312e+000  1.2121312e+000
 -1.2135675e+000  1.2135675e+000
 -1.2141415e+000  1.2141415e+000
 -1.2145266e+000  1.2145266e+000
 -1.2154022e+000  1.2154022e+000
 -1.2163263e+000  1.2163263e+000
 -1.2172383e+000  1.2172383e+000
 -1.2181665e+000  1.2181665e+000
 -1.2193073e+000  1.2193073e+000
 -1.2204118e+000  1.2204118e+000
 -1.2213169e+000  1.2213169e+000
 -1.2222056e+000  1.2222056e+000
 -1.2230722e+000  1.2230722e+000
 -1.2239355e+000  1.2239355e+000
 -1.2247916e+000  1.2247916e+000
 -1.2257555e+000  1.2257555e+000
 -1.2268775e+000  1.2268775e+000
 -1.2278661e+000  1.2278661e+000
 -1.2287153e+000  1.2287153e+000
 -1.2298280e+000  1.2298280e+000
 -1.2311681e+000  1.2311681e+000
 -1.2320296e+000  1.2320296e+000
 -1.2326399e+000  1.2326399e+000
 -1.2332455e+000  1.2332455e+000
 -1.2338492e+000  1.2338492e+000
 -1.2346679e+000  1.2346679e+000
 -1.2355326e+000  1.2355326e+000
 -1.2367896e+000  1.2367896e+000
 -1.2381127e+000  1.2381127e+000
 -1.2388994e+000  1.2388994e+000
 -1.2397021e+000  1.2397021e+000
 -1.2407718e+000  1.2407718e+000
 -1.2418765e+000  1.2418765e+000
 -1.2431673e+000  1.2431673e+000
 -1.2445669e+000  1.2445669e+000
 -1.2463091e+000  1.2463091e+000
 -1.2478639e+000  1.2478639e+000
 -1.2489168e+000  1.2489168e+000
 -1.2499654e+000  1.2499654e+000
 -1.2510081e+000  1.2510081e+000
 -1.2520487e+000  1.2520487e+000
 -1.2530875e+000  1.2530875e+000
 -1.2542449e+000  1.2542449e+000
 -1.2554905e+000  1.2554905e+000
 -1.2567716e+000  1.2567716e+000
 -1.2580548e+000  1.2580548e+000
 -1.2587639e+000  1.2587639e+000
 -1.2592730e+000  1.2592730e+000
 -1.2605907e+000  1.2605907e+000
 -1.2620798e+000  1.2620798e+000
 -1.2629007e+000  1.2629007e+000
 -1.2636545e+000  1.2636545e+000
 -1.2651238e+000  1.2651238e+000
 -1.2666142e+000  1.2666142e+000
 -1.2682919e+000  1.2682919e+000
 -1.2698603e+000  1.2698603e+000
 -1.2708474e+000  1.2708474e+000
 -1.2718860e+000  1.2718860e+000
 -1.2730853e+000  1.2730853e+000
 -1.2741959e+000  1.2741959e+000
 -1.2751866e+000  1.2751866e+000
 -1.2766216e+000  1.2766216e+000
 -1.2786963e+000  1.2786963e+000
 -1.2802235e+000  1.2802235e+000
 -1.2811880e+000  1.2811880e+000
 -1.2824152e+000  1.2824152e+000
 -1.2838351e+000  1.2838351e+000
 -1.2850473e+000  1.2850473e+000
 -1.2861815e+000  1.2861815e+000
 -1.2877995e+000  1.2877995e+000
 -1.2895845e+000  1.2895845e+000
 -1.2908769e+000  1.2908769e+000
 -1.2920672e+000  1.2920672e+000
 -1.2931755e+000  1.2931755e+000
 -1.2942759e+000  1.2942759e+000
 -1.2953876e+000  1.2953876e+000
 -1.2965846e+000  1.2965846e+000
 -1.2981283e+000  1.2981283e+000
 -1.2996440e+000  1.2996440e+000
 -1.3010122e+000  1.3010122e+000
 -1.3021971e+000  1.3021971e+000
 -1.3028194e+000  1.3028194e+000
 -1.3037613e+000  1.3037613e+000
 -1.3053549e+000  1.3053549e+000
 -1.3069298e+000  1.3069298e+000
 -1.3084370e+000  1.3084370e+000
 -1.3102870e+000  1.3102870e+000
 -1.3124860e+000  1.3124860e+000
 -1.3142772e+000  1.3142772e+000
 -1.3157723e+000  1.3157723e+000
 -1.3169603e+000  1.3169603e+000
 -1.3179924e+000  1.3179924e+000
 -1.3197047e+000  1.3197047e+000
 -1.3216271e+000  1.3216271e+000
 -1.3232066e+000  1.3232066e+000
 -1.3247166e+000  1.3247166e+000
 -1.3265861e+000  1.3265861e+000
 -1.3284905e+000  1.3284905e+000
 -1.3295421e+000  1.3295421e+000
 -1.3306357e+000  1.3306357e+000
 -1.3322827e+000  1.3322827e+000
 -1.3337975e+000  1.3337975e+000
 -1.3346395e+000  1.3346395e+000
 -1.3356378e+000  1.3356378e+000
 -1.3371114e+000  1.3371114e+000
 -1.3385022e+000  1.3385022e+000
 -1.3397257e+000  1.3397257e+000
 -1.3411058e+000  1.3411058e+000
 -1.3427691e+000  1.3427691e+000
 -1.3441094e+000  1.3441094e+000
 -1.3451248e+000  1.3451248e+000
 -1.3463892e+000  1.3463892e+000
 -1.3478325e+000  1.3478325e+000
 -1.3492432e+000  1.3492432e+000
 -1.3506375e+000  1.3506375e+000
 -1.3528983e+000  1.3528983e+000
 -1.3555148e+000  1.3555148e+000
 -1.3572966e+000  1.3572966e+000
 -1.3589114e+000  1.3589114e+000
 -1.3608706e+000  1.3608706e+000
 -1.3628625e+000  1.3628625e+000
 -1.3654083e+000  1.3654083e+000
 -1.3679175e+000  1.3679175e+000
 -1.3699962e+000  1.3699962e+000
 -1.3721032e+000  1.3721032e+000
 -1.3740488e+000  1.3740488e+000
 -1.3757922e+000  1.3757922e+000
 -1.3769293e+000  1.3769293e+000
 -1.3781448e+000  1.3781448e+000
 -1.3795178e+000  1.3795178e+000
 -1.3809567e+000  1.3809567e+000
 -1.3824880e+000  1.3824880e+000
 -1.3841791e+000  1.3841791e+000
 -1.3859584e+000  1.3859584e+000
 -1.3878104e+000  1.3878104e+000
 -1.3897143e+000  1.3897143e+000
 -1.3912434e+000  1.3912434e+000
 -1.3925861e+000  1.3925861e+000
 -1.3940550e+000  1.3940550e+000
 -1.3955654e+000  1.3955654e+000
 -1.3969380e+000  1.3969380e+000
 -1.3982666e+000  1.3982666e+000
 -1.3999266e+000  1.3999266e+000
 -1.4016165e+000  1.4016165e+000
 -1.4036628e+000  1.4036628e+000
 -1.4057912e+000  1.4057912e+000
 -1.4087820e+000  1.4087820e+000
 -1.4117712e+000  1.4117712e+000
 -1.4148288e+000  1.4148288e+000
 -1.4176808e+000  1.4176808e+000
 -1.4199167e+000  1.4199167e+000
 -1.4218862e+000  1.4218862e+000
 -1.4233293e+000  1.4233293e+000
 -1.4253012e+000  1.4253012e+000
 -1.4280047e+000  1.4280047e+000
 -1.4301544e+000  1.4301544e+000
 -1.4318357e+000  1.4318357e+000
 -1.4340359e+000  1.4340359e+000
 -1.4366020e+000  1.4366020e+000
 -1.4381259e+000  1.4381259e+000
 -1.4391370e+000  1.4391370e+000
 -1.4422311e+000  1.4422311e+000
 -1.4460093e+000  1.4460093e+000
 -1.4482820e+000  1.4482820e+000
 -1.4503554e+000  1.4503554e+000
 -1.4538861e+000  1.4538861e+000
 -1.4575387e+000  1.4575387e+000
 -1.4596887e+000  1.4596887e+000
 -1.4619506e+000  1.4619506e+000
 -1.4653585e+000  1.4653585e+000
 -1.4683695e+000  1.4683695e+000
 -1.4694512e+000  1.4694512e+000
 -1.4708881e+000  1.4708881e+000
 -1.4729929e+000  1.4729929e+000
 -1.4748217e+000  1.4748217e+000
 -1.4761119e+000  1.4761119e+000
 -1.4778573e+000  1.4778573e+000
 -1.4802260e+000  1.4802260e+000
 -1.4821177e+000  1.4821177e+000
 -1.4835429e+000  1.4835429e+000
 -1.4848581e+000  1.4848581e+000
 -1.4860119e+000  1.4860119e+000
 -1.4873206e+000  1.4873206e+000
 -1.4887035e+000  1.4887035e+000
 -1.4908935e+000  1.4908935e+000
 -1.4933433e+000  1.4933433e+000
 -1.5006789e+000  1.5006789e+000
 -1.5089791e+000  1.5089791e+000
 -1.5119525e+000  1.5119525e+000
 -1.5144660e+000  1.5144660e+000
 -1.5157407e+000  1.5157407e+000
 -1.5171039e+000  1.5171039e+000
 -1.5193744e+000  1.5193744e+000
 -1.5216791e+000  1.5216791e+000
 -1.5241471e+000  1.5241471e+000
 -1.5267438e+000  1.5267438e+000
 -1.5298463e+000  1.5298463e+000
 -1.5329277e+000  1.5329277e+000
 -1.5359670e+000  1.5359670e+000
 -1.5387951e+000  1.5387951e+000
 -1.5413359e+000  1.5413359e+000
 -1.5440693e+000  1.5440693e+000
 -1.5469895e+000  1.5469895e+000
 -1.5496717e+000  1.5496717e+000
 -1.5523759e+000  1.5523759e+000
 -1.5550754e+000  1.5550754e+000
 -1.5577727e+000  1.5577727e+000
 -1.5600730e+000  1.5600730e+000
 -1.5622460e+000  1.5622460e+000
 -1.5658184e+000  1.5658184e+000
 -1.5696556e+000  1.5696556e+000
 -1.5762936e+000  1.5762936e+000
 -1.5833140e+000  1.5833140e+000
 -1.5864997e+000  1.5864997e+000
 -1.5898759e+000  1.5898759e+000
 -1.5950917e+000  1.5950917e+000
 -1.5998720e+000  1.5998720e+000
 -1.6025814e+000  1.6025814e+000
 -1.6053906e+000  1.6053906e+000
 -1.6084853e+000  1.6084853e+000
 -1.6114513e+000  1.6114513e+000
 -1.6137380e+000  1.6137380e+000
 -1.6159121e+000  1.6159121e+000
 -1.6179360e+000  1.6179360e+000
 -1.6205774e+000  1.6205774e+000
 -1.6238112e+000  1.6238112e+000
 -1.6259651e+000  1.6259651e+000
 -1.6273799e+000  1.6273799e+000
 -1.6293637e+000  1.6293637e+000
 -1.6314971e+000  1.6314971e+000
 -1.6332124e+000  1.6332124e+000
 -1.6347932e+000  1.6347932e+000
 -1.6350105e+000  1.6350105e+000
 -1.6349729e+000  1.6349729e+000
 -1.6349431e+000  1.6349431e+000
 -1.6349011e+000  1.6349011e+000
 -1.6346435e+000  1.6346435e+000
 -1.6343795e+000  1.6343795e+000
 -1.6341223e+000  1.6341223e+000
 -1.6338589e+000  1.6338589e+000
 -1.6335961e+000  1.6335961e+000
 -1.6333291e+000  1.6333291e+000
 -1.6330638e+000  1.6330638e+000
 -1.6327741e+000  1.6327741e+000
 -1.6327880e+000  1.6327880e+000
 -1.6327744e+000  1.6327744e+000
 -1.6327274e+000  1.6327274e+000
 -1.6325633e+000  1.6325633e+000
 -1.6322879e+000  1.6322879e+000
 -1.6322732e+000  1.6322732e+000
 -1.6324310e+000  1.6324310e+000
 -1.6328527e+000  1.6328527e+000
 -1.6337871e+000  1.6337871e+000
 -1.6341256e+000  1.6341256e+000
 -1.6342729e+000  1.6342729e+000
 -1.6340545e+000  1.6340545e+000
 -1.6337618e+000  1.6337618e+000
 -1.6336746e+000  1.6336746e+000
 -1.6335960e+000  1.6335960e+000
 -1.6337329e+000  1.6337329e+000
 -1.6343326e+000  1.6343326e+000
 -1.6351012e+000  1.6351012e+000
 -1.6357065e+000  1.6357065e+000
 -1.6356232e+000  1.6356232e+000
 -1.6354760e+000  1.6354760e+000
 -1.6351751e+000  1.6351751e+000
 -1.6351055e+000  1.6351055e+000
 -1.6354779e+000  1.6354779e+000
 -1.6363202e+000  1.6363202e+000
 -1.6370467e+000  1.6370467e+000
 -1.6372371e+000  1.6372371e+000
 -1.6369242e+000  1.6369242e+000
 -1.6366142e+000  1.6366142e+000
 -1.6363008e+000  1.6363008e+000
 -1.6359462e+000  1.6359462e+000
 -1.6300879e+000  1.6300879e+000
 -1.6355440e+000  1.6355440e+000
 -1.6410000e+000  1.6410000e+000
 -1.6464560e+000  1.6464560e+000
 -1.6519121e+000  1.6519121e+000
 -1.6573681e+000  1.6573681e+000
 -1.6628242e+000  1.6628242e+000
 -1.6682802e+000  1.6682802e+000
 -1.6737363e+000  1.6737363e+000
 -1.6801113e+000  1.6801113e+000
 -1.6864863e+000  1.6864863e+000
 -1.6928613e+000  1.6928613e+000
 -1.6992363e+000  1.6992363e+000
 -1.7056113e+000  1.7056113e+000
 -1.7119863e+000  1.7119863e+000
 -1.7183613e+000  1.7183613e+000
 -1.7247363e+000  1.7247363e+000
 -1.7315810e+000  1.7315810e+000
 -1.7384258e+000  1.7384258e+000
 -1.7452706e+000  1.7452706e+000
 -1.7521154e+000  1.7521154e+000
 -1.7589602e+000  1.7589602e+000
 -1.7658049e+000  1.7658049e+000
 -1.7726497e+000  1.7726497e+000
 -1.7794945e+000  1.7794945e+000
 -1.7870124e+000  1.7870124e+000
 -1.7945302e+000  1.7945302e+000
 -1.8020481e+000  1.8020481e+000
 -1.8095659e+000  1.8095659e+000
 -1.8170838e+000  1.8170838e+000
 -1.8246016e+000  1.8246016e+000
 -1.8321195e+000  1.8321195e+000
 -1.8396374e+000  1.8396374e+000
 -1.8480989e+000  1.8480989e+000
 -1.8565604e+000  1.8565604e+000
 -1.8650220e+000  1.8650220e+000
 -1.8734835e+000  1.8734835e+000
 -1.8819451e+000  1.8819451e+000
 -1.8904066e+000  1.8904066e+000
 -1.8988681e+000  1.8988681e+000
 -1.9073297e+000  1.9073297e+000
 -1.9171030e+000  1.9171030e+000
 -1.9268764e+000  1.9268764e+000
 -1.9366497e+000  1.9366497e+000
 -1.9464231e+000  1.9464231e+000
 -1.9561964e+000  1.9561964e+000
 -1.9659698e+000  1.9659698e+000
 -1.9757431e+000  1.9757431e+000
 -1.9855165e+000  1.9855165e+000
 -1.9962816e+000  1.9962816e+000
 -2.0000000e+000  2.0000000e+000
 -2.0000000e+000  2.0000000e+000
 -2.0000000e+000  2.0000000e+000
 -2.0000000e+000  2.0000000e+000
 -2.0000000e+000  2.0000000e+000
 -2.0000000e+000  2.0000000e+000
 -2.0000000e+000  2.0000000e+000
 -2.0000000e+000  2.0000000e+000
 -2.0000000e+000  2.0000000e+000
 -2.0000000e+000  2.0000000e+000
 -2.0000000e+000  2.0000000e+000
 -2.0000000e+000  2.0000000e+000
 -2.0000000e+000  2.0000000e+000
 -2.0000000e+000  2.0000000e+000
 -2.0000000e+000  2.0000000e+000
 -2.0000000e+000  2.0000000e+000
 -2.0000000e+000  2.0000000e+000
 -2.0000000e+000  2.0000000e+000
 -2.0000000e+000  2.0000000e+000
 -2.0000000e+000  2.0000000e+000
 -2.0000000e+000  2.0000000e+000
 -2.0000000e+000  2.0000000e+000
 -2.0000000e+000  2.0000000e+000
 -2.0000000e+000  2.0000000e+000
 -2.0000000e+000  2.0000000e+000
 -2.0000000e+000  2.0000000e+000
 -2.0000000e+000  2.0000000e+000
 -2.0000000e+000  2.0000000e+000
 -2.0000000e+000  2.0000000e+000
 -2.0000000e+000  2.0000000e+000
 -2.0000000e+000  2.0000000e+000
 -2.0000000e+000  2.0000000e+000
 -2.0000000e+000  2.0000000e+000
 -2.0000000e+000  2.0000000e+000
 -2.0000000e+000  2.0000000e+000
 -2.0000000e+000  2.0000000e+000
 -2.0000000e+000  2.0000000e+000
 -2.0000000e+000  2.0000000e+000
 -2.0000000e+000  2.0000000e+000
