 -1.0000000e+000  1.0000000e+000
 -1.0000000e+000  1.0000000e+000
 -1.0000000e+000  1.0000000e+000
 -1.0000000e+000  1.0000000e+000
 -1.0000000e+000  1.0000000e+000
 -1.0000000e+000  1.0000000e+000
 -1.0000000e+000  1.0000000e+000
 -1.0000000e+000  1.0000000e+000
 -1.0000000e+000  1.0000000e+000
 -1.0000000e+000  1.0000000e+000
 -1.0000000e+000  1.0000000e+000
 -1.0000000e+000  1.0000000e+000
 -1.0000000e+000  1.0000000e+000
 -1.0000000e+000  1.0000000e+000
 -1.0000000e+000  1.0000000e+000
 -1.0000000e+000  1.0000000e+000
 -1.0000000e+000  1.0000000e+000
 -1.0000000e+000  1.0000000e+000
 -1.0000000e+000  1.0000000e+000
 -1.0000000e+000  1.0000000e+000
 -1.0000000e+000  1.0000000e+000
 -1.0000000e+000  1.0000000e+000
 -1.0000000e+000  1.0000000e+000
 -1.0000000e+000  1.0000000e+000
 -1.0000000e+000  1.0000000e+000
 -1.0000000e+000  1.0000000e+000
 -1.0000000e+000  1.0000000e+000
 -1.0000000e+000  1.0000000e+000
 -1.0000000e+000  1.0000000e+000
 -1.0000000e+000  1.0000000e+000
 -1.0000000e+000  1.0000000e+000
 -1.0000000e+000  1.0000000e+000
 -1.0000000e+000  1.0000000e+000
 -1.0000000e+000  1.0000000e+000
 -1.0000000e+000  1.0000000e+000
 -1.0000000e+000  1.0000000e+000
 -1.0000000e+000  1.0000000e+000
 -1.0000000e+000  1.0000000e+000
 -1.0000000e+000  1.0000000e+000
 -1.0000000e+000  1.0000000e+000
 -1.0000000e+000  1.0000000e+000
 -1.0000000e+000  1.0000000e+000
 -1.0000000e+000  1.0000000e+000
 -1.0000000e+000  1.0000000e+000
 -1.0000000e+000  1.0000000e+000
 -1.0000000e+000  1.0000000e+000
 -1.0000000e+000  1.0000000e+000
 -1.0000000e+000  1.0000000e+000
 -1.0000000e+000  1.0000000e+000
 -1.0000000e+000  1.0000000e+000
 -1.0000000e+000  1.0000000e+000
 -1.0000000e+000  1.0000000e+000
 -1.0000000e+000  1.0000000e+000
 -1.0000000e+000  1.0000000e+000
 -1.0000000e+000  1.0000000e+000
 -1.0000000e+000  1.0000000e+000
 -1.0000000e+000  1.0000000e+000
 -1.0000000e+000  1.0000000e+000
 -1.0000000e+000  1.0000000e+000
 -1.0000000e+000  1.0000000e+000
 -1.0000000e+000  1.0000000e+000
 -1.0000000e+000  1.0000000e+000
 -1.0000000e+000  1.0000000e+000
 -1.0000000e+000  1.0000000e+000
 -1.0000000e+000  1.0000000e+000
 -1.0000000e+000  1.0000000e+000
 -1.0000000e+000  1.0000000e+000
 -1.0000000e+000  1.0000000e+000
 -1.0000000e+000  1.0000000e+000
 -1.0000000e+000  1.0000000e+000
 -1.0000000e+000  1.0000000e+000
 -1.0000000e+000  1.0000000e+000
 -1.0000000e+000  1.0000000e+000
 -1.0000000e+000  1.0000000e+000
 -1.0000000e+000  1.0000000e+000
 -1.0000000e+000  1.0000000e+000
 -1.0000000e+000  1.0000000e+000
 -1.0000000e+000  1.0000000e+000
 -1.0000000e+000  1.0000000e+000
 -1.0000000e+000  1.0000000e+000
 -1.0000000e+000  1.0000000e+000
 -1.0000000e+000  1.0000000e+000
 -1.0000000e+000  1.0000000e+000
 -1.0000000e+000  1.0000000e+000
 -1.0000000e+000  1.0000000e+000
 -1.0000000e+000  1.0000000e+000
 -1.0000000e+000  1.0000000e+000
 -1.0000000e+000  1.0000000e+000
 -1.0000000e+000  1.0000000e+000
 -1.0000000e+000  1.0000000e+000
 -1.0000000e+000  1.0000000e+000
 -1.0000000e+000  1.0000000e+000
 -1.0000000e+000  1.0000000e+000
 -1.0000000e+000  1.0000000e+000
 -1.0000000e+000  1.0000000e+000
 -1.0000000e+000  1.0000000e+000
 -1.0000000e+000  1.0000000e+000
 -1.0000000e+000  1.0000000e+000
 -1.0000000e+000  1.0000000e+000
 -1.0000000e+000  1.0000000e+000
 -1.0000000e+000  1.0000000e+000
 -1.0000000e+000  1.0000000e+000
 -1.0000000e+000  1.0000000e+000
 -1.0000000e+000  1.0000000e+000
 -1.0000000e+000  1.0000000e+000
 -1.0000000e+000  1.0000000e+000
 -1.0000000e+000  1.0000000e+000
 -1.0000000e+000  1.0000000e+000
 -1.0000000e+000  1.0000000e+000
 -1.0000000e+000  1.0000000e+000
 -1.0000000e+000  1.0000000e+000
 -1.0000000e+000  1.0000000e+000
 -1.0000000e+000  1.0000000e+000
 -1.0000000e+000  1.0000000e+000
 -1.0000000e+000  1.0000000e+000
 -1.0000000e+000  1.0000000e+000
 -1.0000000e+000  1.0000000e+000
 -1.0000000e+000  1.0000000e+000
 -1.0000000e+000  1.0000000e+000
 -1.0000000e+000  1.0000000e+000
 -1.0000000e+000  1.0000000e+000
 -1.0000000e+000  1.0000000e+000
 -1.0000000e+000  1.0000000e+000
 -1.0000000e+000  1.0000000e+000
 -1.0000000e+000  1.0000000e+000
 -1.0000000e+000  1.0000000e+000
 -1.0000000e+000  1.0000000e+000
 -1.0000000e+000  1.0000000e+000
 -1.0000000e+000  1.0000000e+000
 -1.0000000e+000  1.0000000e+000
 -1.0000000e+000  1.0000000e+000
 -1.0000000e+000  1.0000000e+000
 -1.0000000e+000  1.0000000e+000
 -1.0000000e+000  1.0000000e+000
 -1.0000000e+000  1.0000000e+000
 -1.0000000e+000  1.0000000e+000
 -1.0000000e+000  1.0000000e+000
 -1.0000000e+000  1.0000000e+000
 -1.0000000e+000  1.0000000e+000
 -1.0000000e+000  1.0000000e+000
 -1.0000000e+000  1.0000000e+000
 -1.0000000e+000  1.0000000e+000
 -1.0000000e+000  1.0000000e+000
 -1.0000000e+000  1.0000000e+000
 -1.0000000e+000  1.0000000e+000
 -1.0000000e+000  1.0000000e+000
 -1.0000000e+000  1.0000000e+000
 -1.0000000e+000  1.0000000e+000
 -1.0000000e+000  1.0000000e+000
 -1.0000000e+000  1.0000000e+000
 -1.0000000e+000  1.0000000e+000
 -1.0000000e+000  1.0000000e+000
 -1.0000000e+000  1.0000000e+000
 -1.0000000e+000  1.0000000e+000
 -1.0014589e+000  1.0014589e+000
 -1.0035985e+000  1.0035985e+000
 -1.0040785e+000  1.0040785e+000
 -1.0040525e+000  1.0040525e+000
 -1.0040271e+000  1.0040271e+000
 -1.0040017e+000  1.0040017e+000
 -1.0039769e+000  1.0039769e+000
 -1.0039522e+000  1.0039522e+000
 -1.0039280e+000  1.0039280e+000
 -1.0039039e+000  1.0039039e+000
 -1.0038803e+000  1.0038803e+000
 -1.0038568e+000  1.0038568e+000
 -1.0038337e+000  1.0038337e+000
 -1.0038108e+000  1.0038108e+000
 -1.0037882e+000  1.0037882e+000
 -1.0037659e+000  1.0037659e+000
 -1.0037438e+000  1.0037438e+000
 -1.0037220e+000  1.0037220e+000
 -1.0037004e+000  1.0037004e+000
 -1.0036791e+000  1.0036791e+000
 -1.0036581e+000  1.0036581e+000
 -1.0047619e+000  1.0047619e+000
 -1.0066121e+000  1.0066121e+000
 -1.0071670e+000  1.0071670e+000
 -1.0071269e+000  1.0071269e+000
 -1.0070875e+000  1.0070875e+000
 -1.0070483e+000  1.0070483e+000
 -1.0070097e+000  1.0070097e+000
 -1.0069713e+000  1.0069713e+000
 -1.0069336e+000  1.0069336e+000
 -1.0069315e+000  1.0069315e+000
 -1.0086925e+000  1.0086925e+000
 -1.0102686e+000  1.0102686e+000
 -1.0102141e+000  1.0102141e+000
 -1.0101597e+000  1.0101597e+000
 -1.0101063e+000  1.0101063e+000
 -1.0100532e+000  1.0100532e+000
 -1.0100008e+000  1.0100008e+000
 -1.0105615e+000  1.0105615e+000
 -1.0122433e+000  1.0122433e+000
 -1.0131611e+000  1.0131611e+000
 -1.0130937e+000  1.0130937e+000
 -1.0130269e+000  1.0130269e+000
 -1.0129608e+000  1.0129608e+000
 -1.0128955e+000  1.0128955e+000
 -1.0128306e+000  1.0128306e+000
 -1.0127666e+000  1.0127666e+000
 -1.0127030e+000  1.0127030e+000
 -1.0138936e+000  1.0138936e+000
 -1.0154577e+000  1.0154577e+000
 -1.0156192e+000  1.0156192e+000
 -1.0155429e+000  1.0155429e+000
 -1.0154680e+000  1.0154680e+000
 -1.0153931e+000  1.0153931e+000
 -1.0153196e+000  1.0153196e+000
 -1.0154137e+000  1.0154137e+000
 -1.0169266e+000  1.0169266e+000
 -1.0181386e+000  1.0181386e+000
 -1.0180534e+000  1.0180534e+000
 -1.0179686e+000  1.0179686e+000
 -1.0178849e+000  1.0178849e+000
 -1.0178017e+000  1.0178017e+000
 -1.0177195e+000  1.0177195e+000
 -1.0183123e+000  1.0183123e+000
 -1.0197660e+000  1.0197660e+000
 -1.0204109e+000  1.0204109e+000
 -1.0203181e+000  1.0203181e+000
 -1.0202263e+000  1.0202263e+000
 -1.0201351e+000  1.0201351e+000
 -1.0200450e+000  1.0200450e+000
 -1.0199553e+000  1.0199553e+000
 -1.0198669e+000  1.0198669e+000
 -1.0197787e+000  1.0197787e+000
 -1.0209445e+000  1.0209445e+000
 -1.0223202e+000  1.0223202e+000
 -1.0236656e+000  1.0236656e+000
 -1.0249748e+000  1.0249748e+000
 -1.0248671e+000  1.0248671e+000
 -1.0247597e+000  1.0247597e+000
 -1.0246539e+000  1.0246539e+000
 -1.0248185e+000  1.0248185e+000
 -1.0261242e+000  1.0261242e+000
 -1.0266546e+000  1.0266546e+000
 -1.0251414e+000  1.0251414e+000
 -1.0246337e+000  1.0246337e+000
 -1.0259206e+000  1.0259206e+000
 -1.0265901e+000  1.0265901e+000
 -1.0264799e+000  1.0264799e+000
 -1.0263706e+000  1.0263706e+000
 -1.0262621e+000  1.0262621e+000
 -1.0261547e+000  1.0261547e+000
 -1.0260479e+000  1.0260479e+000
 -1.0259423e+000  1.0259423e+000
 -1.0258372e+000  1.0258372e+000
 -1.0257333e+000  1.0257333e+000
 -1.0256298e+000  1.0256298e+000
 -1.0255276e+000  1.0255276e+000
 -1.0254257e+000  1.0254257e+000
 -1.0253252e+000  1.0253252e+000
 -1.0252601e+000  1.0252601e+000
 -1.0264588e+000  1.0264588e+000
 -1.0275142e+000  1.0275142e+000
 -1.0274072e+000  1.0274072e+000
 -1.0273004e+000  1.0273004e+000
 -1.0271950e+000  1.0271950e+000
 -1.0270900e+000  1.0270900e+000
 -1.0269861e+000  1.0269861e+000
 -1.0278018e+000  1.0278018e+000
 -1.0302471e+000  1.0302471e+000
 -1.0315540e+000  1.0315540e+000
 -1.0314346e+000  1.0314346e+000
 -1.0313161e+000  1.0313161e+000
 -1.0311984e+000  1.0311984e+000
 -1.0310817e+000  1.0310817e+000
 -1.0309657e+000  1.0309657e+000
 -1.0317023e+000  1.0317023e+000
 -1.0328133e+000  1.0328133e+000
 -1.0329644e+000  1.0329644e+000
 -1.0328431e+000  1.0328431e+000
 -1.0327232e+000  1.0327232e+000
 -1.0326036e+000  1.0326036e+000
 -1.0313497e+000  1.0313497e+000
 -1.0301390e+000  1.0301390e+000
 -1.0324144e+000  1.0324144e+000
 -1.0344227e+000  1.0344227e+000
 -1.0342997e+000  1.0342997e+000
 -1.0341772e+000  1.0341772e+000
 -1.0340559e+000  1.0340559e+000
 -1.0339351e+000  1.0339351e+000
 -1.0338155e+000  1.0338155e+000
 -1.0336965e+000  1.0336965e+000
 -1.0335785e+000  1.0335785e+000
 -1.0334612e+000  1.0334612e+000
 -1.0333448e+000  1.0333448e+000
 -1.0332291e+000  1.0332291e+000
 -1.0331142e+000  1.0331142e+000
 -1.0330003e+000  1.0330003e+000
 -1.0328869e+000  1.0328869e+000
 -1.0327745e+000  1.0327745e+000
 -1.0326626e+000  1.0326626e+000
 -1.0325519e+000  1.0325519e+000
 -1.0324414e+000  1.0324414e+000
 -1.0332944e+000  1.0332944e+000
 -1.0342986e+000  1.0342986e+000
 -1.0342414e+000  1.0342414e+000
 -1.0341627e+000  1.0341627e+000
 -1.0351707e+000  1.0351707e+000
 -1.0360491e+000  1.0360491e+000
 -1.0359301e+000  1.0359301e+000
 -1.0358114e+000  1.0358114e+000
 -1.0356939e+000  1.0356939e+000
 -1.0355768e+000  1.0355768e+000
 -1.0354608e+000  1.0354608e+000
 -1.0353453e+000  1.0353453e+000
 -1.0352307e+000  1.0352307e+000
 -1.0351167e+000  1.0351167e+000
 -1.0350036e+000  1.0350036e+000
 -1.0348911e+000  1.0348911e+000
 -1.0347793e+000  1.0347793e+000
 -1.0353274e+000  1.0353274e+000
 -1.0362860e+000  1.0362860e+000
 -1.0357478e+000  1.0357478e+000
 -1.0345701e+000  1.0345701e+000
 -1.0350491e+000  1.0350491e+000
 -1.0359853e+000  1.0359853e+000
 -1.0360116e+000  1.0360116e+000
 -1.0358989e+000  1.0358989e+000
 -1.0367812e+000  1.0367812e+000
 -1.0377145e+000  1.0377145e+000
 -1.0386212e+000  1.0386212e+000
 -1.0394072e+000  1.0394072e+000
 -1.0392863e+000  1.0392863e+000
 -1.0391657e+000  1.0391657e+000
 -1.0390463e+000  1.0390463e+000
 -1.0389270e+000  1.0389270e+000
 -1.0388089e+000  1.0388089e+000
 -1.0386913e+000  1.0386913e+000
 -1.0385745e+000  1.0385745e+000
 -1.0384584e+000  1.0384584e+000
 -1.0383430e+000  1.0383430e+000
 -1.0382286e+000  1.0382286e+000
 -1.0381152e+000  1.0381152e+000
 -1.0386171e+000  1.0386171e+000
 -1.0394999e+000  1.0394999e+000
 -1.0403691e+000  1.0403691e+000
 -1.0412330e+000  1.0412330e+000
 -1.0413222e+000  1.0413222e+000
 -1.0412008e+000  1.0412008e+000
 -1.0410806e+000  1.0410806e+000
 -1.0409605e+000  1.0409605e+000
 -1.0408418e+000  1.0408418e+000
 -1.0407232e+000  1.0407232e+000
 -1.0406058e+000  1.0406058e+000
 -1.0404886e+000  1.0404886e+000
 -1.0403725e+000  1.0403725e+000
 -1.0402567e+000  1.0402567e+000
 -1.0401419e+000  1.0401419e+000
 -1.0408402e+000  1.0408402e+000
 -1.0435620e+000  1.0435620e+000
 -1.0452299e+000  1.0452299e+000
 -1.0451022e+000  1.0451022e+000
 -1.0449752e+000  1.0449752e+000
 -1.0448489e+000  1.0448489e+000
 -1.0442180e+000  1.0442180e+000
 -1.0431550e+000  1.0431550e+000
 -1.0432590e+000  1.0432590e+000
 -1.0440739e+000  1.0440739e+000
 -1.0442279e+000  1.0442279e+000
 -1.0441056e+000  1.0441056e+000
 -1.0439843e+000  1.0439843e+000
 -1.0438633e+000  1.0438633e+000
 -1.0437433e+000  1.0437433e+000
 -1.0436236e+000  1.0436236e+000
 -1.0426294e+000  1.0426294e+000
 -1.0416361e+000  1.0416361e+000
 -1.0415236e+000  1.0415236e+000
 -1.0415223e+000  1.0415223e+000
 -1.0423148e+000  1.0423148e+000
 -1.0429202e+000  1.0429202e+000
 -1.0428054e+000  1.0428054e+000
 -1.0426903e+000  1.0426903e+000
 -1.0425747e+000  1.0425747e+000
 -1.0427919e+000  1.0427919e+000
 -1.0435580e+000  1.0435580e+000
 -1.0439210e+000  1.0439210e+000
 -1.0438052e+000  1.0438052e+000
 -1.0436900e+000  1.0436900e+000
 -1.0435753e+000  1.0435753e+000
 -1.0434605e+000  1.0434605e+000
 -1.0433456e+000  1.0433456e+000
 -1.0432351e+000  1.0432351e+000
 -1.0431227e+000  1.0431227e+000
 -1.0430111e+000  1.0430111e+000
 -1.0428999e+000  1.0428999e+000
 -1.0427895e+000  1.0427895e+000
 -1.0426794e+000  1.0426794e+000
 -1.0433922e+000  1.0433922e+000
 -1.0441406e+000  1.0441406e+000
 -1.0448754e+000  1.0448754e+000
 -1.0455038e+000  1.0455038e+000
 -1.0453886e+000  1.0453886e+000
 -1.0452736e+000  1.0452736e+000
 -1.0451593e+000  1.0451593e+000
 -1.0452889e+000  1.0452889e+000
 -1.0460082e+000  1.0460082e+000
 -1.0464087e+000  1.0464087e+000
 -1.0462959e+000  1.0462959e+000
 -1.0461821e+000  1.0461821e+000
 -1.0460673e+000  1.0460673e+000
 -1.0459531e+000  1.0459531e+000
 -1.0458393e+000  1.0458393e+000
 -1.0457262e+000  1.0457262e+000
 -1.0456136e+000  1.0456136e+000
 -1.0454918e+000  1.0454918e+000
 -1.0453883e+000  1.0453883e+000
 -1.0452792e+000  1.0452792e+000
 -1.0451686e+000  1.0451686e+000
 -1.0450590e+000  1.0450590e+000
 -1.0449494e+000  1.0449494e+000
 -1.0456087e+000  1.0456087e+000
 -1.0462997e+000  1.0462997e+000
 -1.0469921e+000  1.0469921e+000
 -1.0475887e+000  1.0475887e+000
 -1.0474748e+000  1.0474748e+000
 -1.0473611e+000  1.0473611e+000
 -1.0472483e+000  1.0472483e+000
 -1.0471357e+000  1.0471357e+000
 -1.0470239e+000  1.0470239e+000
 -1.0472075e+000  1.0472075e+000
 -1.0478767e+000  1.0478767e+000
 -1.0485618e+000  1.0485618e+000
 -1.0492364e+000  1.0492364e+000
 -1.0499029e+000  1.0499029e+000
 -1.0505625e+000  1.0505625e+000
 -1.0507328e+000  1.0507328e+000
 -1.0506145e+000  1.0506145e+000
 -1.0504961e+000  1.0504961e+000
 -1.0503779e+000  1.0503779e+000
 -1.0508784e+000  1.0508784e+000
 -1.0515352e+000  1.0515352e+000
 -1.0515097e+000  1.0515097e+000
 -1.0513912e+000  1.0513912e+000
 -1.0520093e+000  1.0520093e+000
 -1.0526199e+000  1.0526199e+000
 -1.0525000e+000  1.0525000e+000
 -1.0524747e+000  1.0524747e+000
 -1.0531098e+000  1.0531098e+000
 -1.0535833e+000  1.0535833e+000
 -1.0534622e+000  1.0534622e+000
 -1.0533416e+000  1.0533416e+000
 -1.0532215e+000  1.0532215e+000
 -1.0536718e+000  1.0536718e+000
 -1.0550497e+000  1.0550497e+000
 -1.0553789e+000  1.0553789e+000
 -1.0545099e+000  1.0545099e+000
 -1.0544595e+000  1.0544595e+000
 -1.0550835e+000  1.0550835e+000
 -1.0556991e+000  1.0556991e+000
 -1.0563099e+000  1.0563099e+000
 -1.0563951e+000  1.0563951e+000
 -1.0562707e+000  1.0562707e+000
 -1.0567269e+000  1.0567269e+000
 -1.0573380e+000  1.0573380e+000
 -1.0572994e+000  1.0572994e+000
 -1.0571741e+000  1.0571741e+000
 -1.0577533e+000  1.0577533e+000
 -1.0583572e+000  1.0583572e+000
 -1.0589515e+000  1.0589515e+000
 -1.0595437e+000  1.0595437e+000
 -1.0601195e+000  1.0601195e+000
 -1.0605654e+000  1.0605654e+000
 -1.0604353e+000  1.0604353e+000
 -1.0603055e+000  1.0603055e+000
 -1.0601765e+000  1.0601765e+000
 -1.0608635e+000  1.0608635e+000
 -1.0628651e+000  1.0628651e+000
 -1.0638672e+000  1.0638672e+000
 -1.0637257e+000  1.0637257e+000
 -1.0635995e+000  1.0635995e+000
 -1.0634650e+000  1.0634650e+000
 -1.0637747e+000  1.0637747e+000
 -1.0643409e+000  1.0643409e+000
 -1.0644038e+000  1.0644038e+000
 -1.0642687e+000  1.0642687e+000
 -1.0646893e+000  1.0646893e+000
 -1.0652482e+000  1.0652482e+000
 -1.0651915e+000  1.0651915e+000
 -1.0650558e+000  1.0650558e+000
 -1.0655943e+000  1.0655943e+000
 -1.0661190e+000  1.0661190e+000
 -1.0659826e+000  1.0659826e+000
 -1.0658464e+000  1.0658464e+000
 -1.0657112e+000  1.0657112e+000
 -1.0655691e+000  1.0655691e+000
 -1.0654390e+000  1.0654390e+000
 -1.0657171e+000  1.0657171e+000
 -1.0669376e+000  1.0669376e+000
 -1.0676346e+000  1.0676346e+000
 -1.0674972e+000  1.0674972e+000
 -1.0673604e+000  1.0673604e+000
 -1.0672240e+000  1.0672240e+000
 -1.0674552e+000  1.0674552e+000
 -1.0680016e+000  1.0680016e+000
 -1.0689613e+000  1.0689613e+000
 -1.0701577e+000  1.0701577e+000
 -1.0703913e+000  1.0703913e+000
 -1.0702505e+000  1.0702505e+000
 -1.0701105e+000  1.0701105e+000
 -1.0699706e+000  1.0699706e+000
 -1.0704166e+000  1.0704166e+000
 -1.0709498e+000  1.0709498e+000
 -1.0708292e+000  1.0708292e+000
 -1.0707245e+000  1.0707245e+000
 -1.0712377e+000  1.0712377e+000
 -1.0717517e+000  1.0717517e+000
 -1.0722687e+000  1.0722687e+000
 -1.0726383e+000  1.0726383e+000
 -1.0724883e+000  1.0724883e+000
 -1.0723564e+000  1.0723564e+000
 -1.0722154e+000  1.0722154e+000
 -1.0723260e+000  1.0723260e+000
 -1.0728326e+000  1.0728326e+000
 -1.0730336e+000  1.0730336e+000
 -1.0728924e+000  1.0728924e+000
 -1.0734647e+000  1.0734647e+000
 -1.0746090e+000  1.0746090e+000
 -1.0749290e+000  1.0749290e+000
 -1.0747850e+000  1.0747850e+000
 -1.0746419e+000  1.0746419e+000
 -1.0744991e+000  1.0744991e+000
 -1.0748688e+000  1.0748688e+000
 -1.0753617e+000  1.0753617e+000
 -1.0752884e+000  1.0752884e+000
 -1.0751447e+000  1.0751447e+000
 -1.0762298e+000  1.0762298e+000
 -1.0773126e+000  1.0773126e+000
 -1.0777949e+000  1.0777949e+000
 -1.0781890e+000  1.0781890e+000
 -1.0780423e+000  1.0780423e+000
 -1.0780358e+000  1.0780358e+000
 -1.0785162e+000  1.0785162e+000
 -1.0789924e+000  1.0789924e+000
 -1.0794649e+000  1.0794649e+000
 -1.0796949e+000  1.0796949e+000
 -1.0795468e+000  1.0795468e+000
 -1.0799854e+000  1.0799854e+000
 -1.0810746e+000  1.0810746e+000
 -1.0814725e+000  1.0814725e+000
 -1.0813222e+000  1.0813222e+000
 -1.0815542e+000  1.0815542e+000
 -1.0820221e+000  1.0820221e+000
 -1.0824856e+000  1.0824856e+000
 -1.0829475e+000  1.0829475e+000
 -1.0829134e+000  1.0829134e+000
 -1.0827619e+000  1.0827619e+000
 -1.0831526e+000  1.0831526e+000
 -1.0836089e+000  1.0836089e+000
 -1.0828766e+000  1.0828766e+000
 -1.0822335e+000  1.0822335e+000
 -1.0832904e+000  1.0832904e+000
 -1.0842609e+000  1.0842609e+000
 -1.0847072e+000  1.0847072e+000
 -1.0850181e+000  1.0850181e+000
 -1.0848656e+000  1.0848656e+000
 -1.0848963e+000  1.0848963e+000
 -1.0853351e+000  1.0853351e+000
 -1.0857869e+000  1.0857869e+000
 -1.0862293e+000  1.0862293e+000
 -1.0866687e+000  1.0866687e+000
 -1.0871051e+000  1.0871051e+000
 -1.0872104e+000  1.0872104e+000
 -1.0870560e+000  1.0870560e+000
 -1.0872786e+000  1.0872786e+000
 -1.0877098e+000  1.0877098e+000
 -1.0881490e+000  1.0881490e+000
 -1.0885815e+000  1.0885815e+000
 -1.0890093e+000  1.0890093e+000
 -1.0894359e+000  1.0894359e+000
 -1.0898622e+000  1.0898622e+000
 -1.0902883e+000  1.0902883e+000
 -1.0901441e+000  1.0901441e+000
 -1.0900931e+000  1.0900931e+000
 -1.0916702e+000  1.0916702e+000
 -1.0929966e+000  1.0929966e+000
 -1.0928359e+000  1.0928359e+000
 -1.0926754e+000  1.0926754e+000
 -1.0925158e+000  1.0925158e+000
 -1.0927139e+000  1.0927139e+000
 -1.0937007e+000  1.0937007e+000
 -1.0944513e+000  1.0944513e+000
 -1.0948639e+000  1.0948639e+000
 -1.0952732e+000  1.0952732e+000
 -1.0956789e+000  1.0956789e+000
 -1.0960844e+000  1.0960844e+000
 -1.0964897e+000  1.0964897e+000
 -1.0968916e+000  1.0968916e+000
 -1.0972914e+000  1.0972914e+000
 -1.0980997e+000  1.0980997e+000
 -1.0990639e+000  1.0990639e+000
 -1.0995635e+000  1.0995635e+000
 -1.0999564e+000  1.0999564e+000
 -1.1003476e+000  1.1003476e+000
 -1.1007385e+000  1.1007385e+000
 -1.1011292e+000  1.1011292e+000
 -1.1015182e+000  1.1015182e+000
 -1.1018844e+000  1.1018844e+000
 -1.1022902e+000  1.1022902e+000
 -1.1026754e+000  1.1026754e+000
 -1.1031869e+000  1.1031869e+000
 -1.1041195e+000  1.1041195e+000
 -1.1047044e+000  1.1047044e+000
 -1.1045315e+000  1.1045315e+000
 -1.1050144e+000  1.1050144e+000
 -1.1064897e+000  1.1064897e+000
 -1.1071678e+000  1.1071678e+000
 -1.1069918e+000  1.1069918e+000
 -1.1071244e+000  1.1071244e+000
 -1.1074942e+000  1.1074942e+000
 -1.1082158e+000  1.1082158e+000
 -1.1091279e+000  1.1091279e+000
 -1.1092393e+000  1.1092393e+000
 -1.1090579e+000  1.1090579e+000
 -1.1093276e+000  1.1093276e+000
 -1.1096905e+000  1.1096905e+000
 -1.1105366e+000  1.1105366e+000
 -1.1114370e+000  1.1114370e+000
 -1.1112759e+000  1.1112759e+000
 -1.1111677e+000  1.1111677e+000
 -1.1120605e+000  1.1120605e+000
 -1.1128714e+000  1.1128714e+000
 -1.1132240e+000  1.1132240e+000
 -1.1134519e+000  1.1134519e+000
 -1.1132708e+000  1.1132708e+000
 -1.1135942e+000  1.1135942e+000
 -1.1150049e+000  1.1150049e+000
 -1.1157773e+000  1.1157773e+000
 -1.1155936e+000  1.1155936e+000
 -1.1159101e+000  1.1159101e+000
 -1.1167884e+000  1.1167884e+000
 -1.1173619e+000  1.1173619e+000
 -1.1177031e+000  1.1177031e+000
 -1.1180425e+000  1.1180425e+000
 -1.1183807e+000  1.1183807e+000
 -1.1191018e+000  1.1191018e+000
 -1.1199614e+000  1.1199614e+000
 -1.1203810e+000  1.1203810e+000
 -1.1207216e+000  1.1207216e+000
 -1.1215221e+000  1.1215221e+000
 -1.1223731e+000  1.1223731e+000
 -1.1227079e+000  1.1227079e+000
 -1.1230705e+000  1.1230705e+000
 -1.1239126e+000  1.1239126e+000
 -1.1246739e+000  1.1246739e+000
 -1.1249848e+000  1.1249848e+000
 -1.1253185e+000  1.1253185e+000
 -1.1256374e+000  1.1256374e+000
 -1.1261201e+000  1.1261201e+000
 -1.1269514e+000  1.1269514e+000
 -1.1279856e+000  1.1279856e+000
 -1.1293207e+000  1.1293207e+000
 -1.1299083e+000  1.1299083e+000
 -1.1297068e+000  1.1297068e+000
 -1.1300909e+000  1.1300909e+000
 -1.1309057e+000  1.1309057e+000
 -1.1313898e+000  1.1313898e+000
 -1.1316986e+000  1.1316986e+000
 -1.1327474e+000  1.1327474e+000
 -1.1340609e+000  1.1340609e+000
 -1.1345422e+000  1.1345422e+000
 -1.1348418e+000  1.1348418e+000
 -1.1355960e+000  1.1355960e+000
 -1.1363945e+000  1.1363945e+000
 -1.1371874e+000  1.1371874e+000
 -1.1379804e+000  1.1379804e+000
 -1.1387717e+000  1.1387717e+000
 -1.1396393e+000  1.1396393e+000
 -1.1409219e+000  1.1409219e+000
 -1.1418465e+000  1.1418465e+000
 -1.1416371e+000  1.1416371e+000
 -1.1419047e+000  1.1419047e+000
 -1.1431772e+000  1.1431772e+000
 -1.1438477e+000  1.1438477e+000
 -1.1436350e+000  1.1436350e+000
 -1.1441435e+000  1.1441435e+000
 -1.1454060e+000  1.1454060e+000
 -1.1458061e+000  1.1458061e+000
 -1.1456041e+000  1.1456041e+000
 -1.1460342e+000  1.1460342e+000
 -1.1467957e+000  1.1467957e+000
 -1.1475561e+000  1.1475561e+000
 -1.1483161e+000  1.1483161e+000
 -1.1486720e+000  1.1486720e+000
 -1.1489410e+000  1.1489410e+000
 -1.1500806e+000  1.1500806e+000
 -1.1513247e+000  1.1513247e+000
 -1.1516004e+000  1.1516004e+000
 -1.1519015e+000  1.1519015e+000
 -1.1526433e+000  1.1526433e+000
 -1.1533850e+000  1.1533850e+000
 -1.1541254e+000  1.1541254e+000
 -1.1549777e+000  1.1549777e+000
 -1.1561824e+000  1.1561824e+000
 -1.1569431e+000  1.1569431e+000
 -1.1567181e+000  1.1567181e+000
 -1.1570766e+000  1.1570766e+000
 -1.1582823e+000  1.1582823e+000
 -1.1590167e+000  1.1590167e+000
 -1.1592627e+000  1.1592627e+000
 -1.1597812e+000  1.1597812e+000
 -1.1605009e+000  1.1605009e+000
 -1.1609142e+000  1.1609142e+000
 -1.1611562e+000  1.1611562e+000
 -1.1620987e+000  1.1620987e+000
 -1.1632850e+000  1.1632850e+000
 -1.1640772e+000  1.1640772e+000
 -1.1647860e+000  1.1647860e+000
 -1.1650665e+000  1.1650665e+000
 -1.1653038e+000  1.1653038e+000
 -1.1664681e+000  1.1664681e+000
 -1.1675672e+000  1.1675672e+000
 -1.1677962e+000  1.1677962e+000
 -1.1680999e+000  1.1680999e+000
 -1.1687989e+000  1.1687989e+000
 -1.1694955e+000  1.1694955e+000
 -1.1701847e+000  1.1701847e+000
 -1.1708642e+000  1.1708642e+000
 -1.1715581e+000  1.1715581e+000
 -1.1722496e+000  1.1722496e+000
 -1.1729375e+000  1.1729375e+000
 -1.1736216e+000  1.1736216e+000
 -1.1743021e+000  1.1743021e+000
 -1.1749794e+000  1.1749794e+000
 -1.1756545e+000  1.1756545e+000
 -1.1766151e+000  1.1766151e+000
 -1.1777597e+000  1.1777597e+000
 -1.1785498e+000  1.1785498e+000
 -1.1792178e+000  1.1792178e+000
 -1.1802609e+000  1.1802609e+000
 -1.1813821e+000  1.1813821e+000
 -1.1816708e+000  1.1816708e+000
 -1.1818784e+000  1.1818784e+000
 -1.1825207e+000  1.1825207e+000
 -1.1832274e+000  1.1832274e+000
 -1.1843345e+000  1.1843345e+000
 -1.1854407e+000  1.1854407e+000
 -1.1865421e+000  1.1865421e+000
 -1.1876421e+000  1.1876421e+000
 -1.1887378e+000  1.1887378e+000
 -1.1896819e+000  1.1896819e+000
 -1.1903168e+000  1.1903168e+000
 -1.1911571e+000  1.1911571e+000
 -1.1922426e+000  1.1922426e+000
 -1.1935450e+000  1.1935450e+000
 -1.1950679e+000  1.1950679e+000
 -1.1963303e+000  1.1963303e+000
 -1.1974037e+000  1.1974037e+000
 -1.1981745e+000  1.1981745e+000
 -1.1987916e+000  1.1987916e+000
 -1.1997527e+000  1.1997527e+000
 -1.2008163e+000  1.2008163e+000
 -1.2018754e+000  1.2018754e+000
 -1.2029337e+000  1.2029337e+000
 -1.2039870e+000  1.2039870e+000
 -1.2050398e+000  1.2050398e+000
 -1.2060873e+000  1.2060873e+000
 -1.2070957e+000  1.2070957e+000
 -1.2076995e+000  1.2076995e+000
 -1.2083746e+000  1.2083746e+000
 -1.2094127e+000  1.2094127e+000
 -1.2104496e+000  1.2104496e+000
 -1.2114826e+000  1.2114826e+000
 -1.2125137e+000  1.2125137e+000
 -1.2135415e+000  1.2135415e+000
 -1.2145508e+000  1.2145508e+000
 -1.2155844e+000  1.2155844e+000
 -1.2166064e+000  1.2166064e+000
 -1.2176169e+000  1.2176169e+000
 -1.2181267e+000  1.2181267e+000
 -1.2182770e+000  1.2182770e+000
 -1.2195717e+000  1.2195717e+000
 -1.2214417e+000  1.2214417e+000
 -1.2223184e+000  1.2223184e+000
 -1.2229168e+000  1.2229168e+000
 -1.2242019e+000  1.2242019e+000
 -1.2256248e+000  1.2256248e+000
 -1.2266534e+000  1.2266534e+000
 -1.2276458e+000  1.2276458e+000
 -1.2277826e+000  1.2277826e+000
 -1.2280238e+000  1.2280238e+000
 -1.2294166e+000  1.2294166e+000
 -1.2307084e+000  1.2307084e+000
 -1.2312605e+000  1.2312605e+000
 -1.2319185e+000  1.2319185e+000
 -1.2328940e+000  1.2328940e+000
 -1.2338652e+000  1.2338652e+000
 -1.2348278e+000  1.2348278e+000
 -1.2357852e+000  1.2357852e+000
 -1.2367358e+000  1.2367358e+000
 -1.2377217e+000  1.2377217e+000
 -1.2386832e+000  1.2386832e+000
 -1.2396419e+000  1.2396419e+000
 -1.2405987e+000  1.2405987e+000
 -1.2415526e+000  1.2415526e+000
 -1.2425046e+000  1.2425046e+000
 -1.2434506e+000  1.2434506e+000
 -1.2443940e+000  1.2443940e+000
 -1.2456884e+000  1.2456884e+000
 -1.2470426e+000  1.2470426e+000
 -1.2480142e+000  1.2480142e+000
 -1.2489539e+000  1.2489539e+000
 -1.2507198e+000  1.2507198e+000
 -1.2523426e+000  1.2523426e+000
 -1.2524386e+000  1.2524386e+000
 -1.2528017e+000  1.2528017e+000
 -1.2545560e+000  1.2545560e+000
 -1.2562034e+000  1.2562034e+000
 -1.2575340e+000  1.2575340e+000
 -1.2585853e+000  1.2585853e+000
 -1.2590868e+000  1.2590868e+000
 -1.2599289e+000  1.2599289e+000
 -1.2612420e+000  1.2612420e+000
 -1.2621234e+000  1.2621234e+000
 -1.2626411e+000  1.2626411e+000
 -1.2638610e+000  1.2638610e+000
 -1.2655750e+000  1.2655750e+000
 -1.2667397e+000  1.2667397e+000
 -1.2676344e+000  1.2676344e+000
 -1.2685262e+000  1.2685262e+000
 -1.2694166e+000  1.2694166e+000
 -1.2706020e+000  1.2706020e+000
 -1.2719207e+000  1.2719207e+000
 -1.2728369e+000  1.2728369e+000
 -1.2737199e+000  1.2737199e+000
 -1.2749941e+000  1.2749941e+000
 -1.2762323e+000  1.2762323e+000
 -1.2771052e+000  1.2771052e+000
 -1.2779695e+000  1.2779695e+000
 -1.2787971e+000  1.2787971e+000
 -1.2796947e+000  1.2796947e+000
 -1.2805594e+000  1.2805594e+000
 -1.2814223e+000  1.2814223e+000
 -1.2822830e+000  1.2822830e+000
 -1.2833069e+000  1.2833069e+000
 -1.2845546e+000  1.2845546e+000
 -1.2861950e+000  1.2861950e+000
 -1.2882195e+000  1.2882195e+000
 -1.2900430e+000  1.2900430e+000
 -1.2916655e+000  1.2916655e+000
 -1.2930295e+000  1.2930295e+000
 -1.2942678e+000  1.2942678e+000
 -1.2957942e+000  1.2957942e+000
 -1.2974131e+000  1.2974131e+000
 -1.2986909e+000  1.2986909e+000
 -1.2999030e+000  1.2999030e+000
 -1.3014857e+000  1.3014857e+000
 -1.3030909e+000  1.3030909e+000
 -1.3046888e+000  1.3046888e+000
 -1.3062508e+000  1.3062508e+000
 -1.3074591e+000  1.3074591e+000
 -1.3087301e+000  1.3087301e+000
 -1.3103021e+000  1.3103021e+000
 -1.3118535e+000  1.3118535e+000
 -1.3134604e+000  1.3134604e+000
 -1.3149194e+000  1.3149194e+000
 -1.3160944e+000  1.3160944e+000
 -1.3172730e+000  1.3172730e+000
 -1.3184571e+000  1.3184571e+000
 -1.3202275e+000  1.3202275e+000
 -1.3225656e+000  1.3225656e+000
 -1.3239343e+000  1.3239343e+000
 -1.3247542e+000  1.3247542e+000
 -1.3263085e+000  1.3263085e+000
 -1.3282154e+000  1.3282154e+000
 -1.3301321e+000  1.3301321e+000
 -1.3320520e+000  1.3320520e+000
 -1.3330065e+000  1.3330065e+000
 -1.3337791e+000  1.3337791e+000
 -1.3351907e+000  1.3351907e+000
 -1.3367770e+000  1.3367770e+000
 -1.3383044e+000  1.3383044e+000
 -1.3397945e+000  1.3397945e+000
 -1.3409376e+000  1.3409376e+000
 -1.3420781e+000  1.3420781e+000
 -1.3432156e+000  1.3432156e+000
 -1.3444319e+000  1.3444319e+000
 -1.3458766e+000  1.3458766e+000
 -1.3476988e+000  1.3476988e+000
 -1.3499479e+000  1.3499479e+000
 -1.3518765e+000  1.3518765e+000
 -1.3533749e+000  1.3533749e+000
 -1.3548576e+000  1.3548576e+000
 -1.3563252e+000  1.3563252e+000
 -1.3582298e+000  1.3582298e+000
 -1.3604327e+000  1.3604327e+000
 -1.3616845e+000  1.3616845e+000
 -1.3624024e+000  1.3624024e+000
 -1.3642534e+000  1.3642534e+000
 -1.3664584e+000  1.3664584e+000
 -1.3683474e+000  1.3683474e+000
 -1.3701772e+000  1.3701772e+000
 -1.3723479e+000  1.3723479e+000
 -1.3745414e+000  1.3745414e+000
 -1.3767334e+000  1.3767334e+000
 -1.3788844e+000  1.3788844e+000
 -1.3806614e+000  1.3806614e+000
 -1.3825744e+000  1.3825744e+000
 -1.3851188e+000  1.3851188e+000
 -1.3874566e+000  1.3874566e+000
 -1.3892146e+000  1.3892146e+000
 -1.3909187e+000  1.3909187e+000
 -1.3890604e+000  1.3890604e+000
 -1.3918462e+000  1.3918462e+000
 -1.3946319e+000  1.3946319e+000
 -1.3974176e+000  1.3974176e+000
 -1.4002033e+000  1.4002033e+000
 -1.4029890e+000  1.4029890e+000
 -1.4057747e+000  1.4057747e+000
 -1.4085604e+000  1.4085604e+000
 -1.4115948e+000  1.4115948e+000
 -1.4146291e+000  1.4146291e+000
 -1.4176635e+000  1.4176635e+000
 -1.4206978e+000  1.4206978e+000
 -1.4237321e+000  1.4237321e+000
 -1.4267665e+000  1.4267665e+000
 -1.4298008e+000  1.4298008e+000
 -1.4328352e+000  1.4328352e+000
 -1.4361690e+000  1.4361690e+000
 -1.4395027e+000  1.4395027e+000
 -1.4428365e+000  1.4428365e+000
 -1.4461703e+000  1.4461703e+000
 -1.4495041e+000  1.4495041e+000
 -1.4528379e+000  1.4528379e+000
 -1.4561717e+000  1.4561717e+000
 -1.4595055e+000  1.4595055e+000
 -1.4631868e+000  1.4631868e+000
 -1.4668681e+000  1.4668681e+000
 -1.4705495e+000  1.4705495e+000
 -1.4742308e+000  1.4742308e+000
 -1.4779121e+000  1.4779121e+000
 -1.4815934e+000  1.4815934e+000
 -1.4852747e+000  1.4852747e+000
 -1.4889560e+000  1.4889560e+000
 -1.4930508e+000  1.4930508e+000
 -1.4971456e+000  1.4971456e+000
 -1.5012404e+000  1.5012404e+000
 -1.5053352e+000  1.5053352e+000
 -1.5094299e+000  1.5094299e+000
 -1.5135247e+000  1.5135247e+000
 -1.5176195e+000  1.5176195e+000
 -1.5217143e+000  1.5217143e+000
 -1.5262637e+000  1.5262637e+000
 -1.5308132e+000  1.5308132e+000
 -1.5353626e+000  1.5353626e+000
 -1.5399121e+000  1.5399121e+000
 -1.5444615e+000  1.5444615e+000
 -1.5490110e+000  1.5490110e+000
 -1.5535604e+000  1.5535604e+000
 -1.5581099e+000  1.5581099e+000
 -1.5631799e+000  1.5631799e+000
 -1.5682500e+000  1.5682500e+000
 -1.5733201e+000  1.5733201e+000
 -1.5783901e+000  1.5783901e+000
 -1.5834602e+000  1.5834602e+000
 -1.5885302e+000  1.5885302e+000
 -1.5936003e+000  1.5936003e+000
 -1.5986703e+000  1.5986703e+000
 -1.6042747e+000  1.6042747e+000
 -1.6098791e+000  1.6098791e+000
 -1.6154835e+000  1.6154835e+000
 -1.6210879e+000  1.6210879e+000
 -1.6266923e+000  1.6266923e+000
 -1.6322967e+000  1.6322967e+000
 -1.6379011e+000  1.6379011e+000
 -1.6435055e+000  1.6435055e+000
 -1.6494986e+000  1.6494986e+000
 -1.6554918e+000  1.6554918e+000
 -1.6614849e+000  1.6614849e+000
 -1.6674780e+000  1.6674780e+000
 -1.6734712e+000  1.6734712e+000
 -1.6794643e+000  1.6794643e+000
 -1.6854574e+000  1.6854574e+000
 -1.6914505e+000  1.6914505e+000
 -1.6980330e+000  1.6980330e+000
 -1.7046154e+000  1.7046154e+000
 -1.7111978e+000  1.7111978e+000
 -1.7177802e+000  1.7177802e+000
 -1.7243626e+000  1.7243626e+000
 -1.7309451e+000  1.7309451e+000
 -1.7375275e+000  1.7375275e+000
 -1.7441099e+000  1.7441099e+000
 -1.7508036e+000  1.7508036e+000
 -1.7574973e+000  1.7574973e+000
 -1.7641909e+000  1.7641909e+000
 -1.7708846e+000  1.7708846e+000
 -1.7775783e+000  1.7775783e+000
 -1.7842720e+000  1.7842720e+000
 -1.7909657e+000  1.7909657e+000
 -1.7976593e+000  1.7976593e+000
 -1.8046401e+000  1.8046401e+000
 -1.8116209e+000  1.8116209e+000
 -1.8186016e+000  1.8186016e+000
 -1.8255824e+000  1.8255824e+000
 -1.8325632e+000  1.8325632e+000
 -1.8395440e+000  1.8395440e+000
 -1.8465247e+000  1.8465247e+000
 -1.8535055e+000  1.8535055e+000
 -1.8608159e+000  1.8608159e+000
 -1.8681264e+000  1.8681264e+000
 -1.8754368e+000  1.8754368e+000
 -1.8827473e+000  1.8827473e+000
 -1.8900577e+000  1.8900577e+000
 -1.8973681e+000  1.8973681e+000
 -1.9046786e+000  1.9046786e+000
 -1.9119890e+000  1.9119890e+000
 -1.9190604e+000  1.9190604e+000
 -1.9261319e+000  1.9261319e+000
 -1.9332033e+000  1.9332033e+000
 -1.9402747e+000  1.9402747e+000
 -1.9473462e+000  1.9473462e+000
 -1.9544176e+000  1.9544176e+000
 -1.9614890e+000  1.9614890e+000
 -1.9685604e+000  1.9685604e+000
 -1.9838558e+000  1.9838558e+000
 -1.9991511e+000  1.9991511e+000
 -2.0000000e+000  2.0000000e+000
 -2.0000000e+000  2.0000000e+000
 -2.0000000e+000  2.0000000e+000
 -2.0000000e+000  2.0000000e+000
 -2.0000000e+000  2.0000000e+000
 -2.0000000e+000  2.0000000e+000
