 -1.0000000e+000  1.0000000e+000
 -1.0000000e+000  1.0000000e+000
 -1.0000000e+000  1.0000000e+000
 -1.0000000e+000  1.0000000e+000
 -1.0000000e+000  1.0000000e+000
 -1.0000000e+000  1.0000000e+000
 -1.0000000e+000  1.0000000e+000
 -1.0000000e+000  1.0000000e+000
 -1.0000000e+000  1.0000000e+000
 -1.0000000e+000  1.0000000e+000
 -1.0000000e+000  1.0000000e+000
 -1.0000000e+000  1.0000000e+000
 -1.0000000e+000  1.0000000e+000
 -1.0000000e+000  1.0000000e+000
 -1.0000000e+000  1.0000000e+000
 -1.0000000e+000  1.0000000e+000
 -1.0000000e+000  1.0000000e+000
 -1.0000000e+000  1.0000000e+000
 -1.0000000e+000  1.0000000e+000
 -1.0000000e+000  1.0000000e+000
 -1.0000000e+000  1.0000000e+000
 -1.0000000e+000  1.0000000e+000
 -1.0000000e+000  1.0000000e+000
 -1.0000000e+000  1.0000000e+000
 -1.0000000e+000  1.0000000e+000
 -1.0000000e+000  1.0000000e+000
 -1.0000000e+000  1.0000000e+000
 -1.0000000e+000  1.0000000e+000
 -1.0000000e+000  1.0000000e+000
 -1.0000000e+000  1.0000000e+000
 -1.0000000e+000  1.0000000e+000
 -1.0000000e+000  1.0000000e+000
 -1.0000000e+000  1.0000000e+000
 -1.0000000e+000  1.0000000e+000
 -1.0000000e+000  1.0000000e+000
 -1.0000000e+000  1.0000000e+000
 -1.0000000e+000  1.0000000e+000
 -1.0000000e+000  1.0000000e+000
 -1.0000000e+000  1.0000000e+000
 -1.0000000e+000  1.0000000e+000
 -1.0000000e+000  1.0000000e+000
 -1.0000000e+000  1.0000000e+000
 -1.0000000e+000  1.0000000e+000
 -1.0000000e+000  1.0000000e+000
 -1.0000000e+000  1.0000000e+000
 -1.0000000e+000  1.0000000e+000
 -1.0000000e+000  1.0000000e+000
 -1.0000000e+000  1.0000000e+000
 -1.0000000e+000  1.0000000e+000
 -1.0000000e+000  1.0000000e+000
 -1.0000000e+000  1.0000000e+000
 -1.0000000e+000  1.0000000e+000
 -1.0000000e+000  1.0000000e+000
 -1.0000000e+000  1.0000000e+000
 -1.0000000e+000  1.0000000e+000
 -1.0000000e+000  1.0000000e+000
 -1.0000000e+000  1.0000000e+000
 -1.0000000e+000  1.0000000e+000
 -1.0000000e+000  1.0000000e+000
 -1.0000000e+000  1.0000000e+000
 -1.0000000e+000  1.0000000e+000
 -1.0000000e+000  1.0000000e+000
 -1.0000000e+000  1.0000000e+000
 -1.0000000e+000  1.0000000e+000
 -1.0000000e+000  1.0000000e+000
 -1.0000000e+000  1.0000000e+000
 -1.0000000e+000  1.0000000e+000
 -1.0000000e+000  1.0000000e+000
 -1.0000000e+000  1.0000000e+000
 -1.0000000e+000  1.0000000e+000
 -1.0000000e+000  1.0000000e+000
 -1.0000000e+000  1.0000000e+000
 -1.0000000e+000  1.0000000e+000
 -1.0000000e+000  1.0000000e+000
 -1.0000000e+000  1.0000000e+000
 -1.0000000e+000  1.0000000e+000
 -1.0000000e+000  1.0000000e+000
 -1.0000000e+000  1.0000000e+000
 -1.0000000e+000  1.0000000e+000
 -1.0000000e+000  1.0000000e+000
 -1.0000000e+000  1.0000000e+000
 -1.0000000e+000  1.0000000e+000
 -1.0000000e+000  1.0000000e+000
 -1.0000000e+000  1.0000000e+000
 -1.0000000e+000  1.0000000e+000
 -1.0000000e+000  1.0000000e+000
 -1.0000000e+000  1.0000000e+000
 -1.0000000e+000  1.0000000e+000
 -1.0000000e+000  1.0000000e+000
 -1.0000000e+000  1.0000000e+000
 -1.0000000e+000  1.0000000e+000
 -1.0000000e+000  1.0000000e+000
 -1.0000000e+000  1.0000000e+000
 -1.0000000e+000  1.0000000e+000
 -1.0000000e+000  1.0000000e+000
 -1.0000000e+000  1.0000000e+000
 -1.0000000e+000  1.0000000e+000
 -1.0000000e+000  1.0000000e+000
 -1.0000000e+000  1.0000000e+000
 -1.0000000e+000  1.0000000e+000
 -1.0000000e+000  1.0000000e+000
 -1.0000000e+000  1.0000000e+000
 -1.0000000e+000  1.0000000e+000
 -1.0000000e+000  1.0000000e+000
 -1.0000000e+000  1.0000000e+000
 -1.0000000e+000  1.0000000e+000
 -1.0000000e+000  1.0000000e+000
 -1.0000000e+000  1.0000000e+000
 -1.0000000e+000  1.0000000e+000
 -1.0000000e+000  1.0000000e+000
 -1.0000000e+000  1.0000000e+000
 -1.0000000e+000  1.0000000e+000
 -1.0000000e+000  1.0000000e+000
 -1.0000000e+000  1.0000000e+000
 -1.0000000e+000  1.0000000e+000
 -1.0000000e+000  1.0000000e+000
 -1.0000000e+000  1.0000000e+000
 -1.0000000e+000  1.0000000e+000
 -1.0000000e+000  1.0000000e+000
 -1.0000000e+000  1.0000000e+000
 -1.0000000e+000  1.0000000e+000
 -1.0000000e+000  1.0000000e+000
 -1.0000000e+000  1.0000000e+000
 -1.0000000e+000  1.0000000e+000
 -1.0000000e+000  1.0000000e+000
 -1.0000000e+000  1.0000000e+000
 -1.0000000e+000  1.0000000e+000
 -1.0000000e+000  1.0000000e+000
 -1.0000000e+000  1.0000000e+000
 -1.0000000e+000  1.0000000e+000
 -1.0000000e+000  1.0000000e+000
 -1.0000000e+000  1.0000000e+000
 -1.0000000e+000  1.0000000e+000
 -1.0000000e+000  1.0000000e+000
 -1.0000000e+000  1.0000000e+000
 -1.0000000e+000  1.0000000e+000
 -1.0000000e+000  1.0000000e+000
 -1.0000000e+000  1.0000000e+000
 -1.0000000e+000  1.0000000e+000
 -1.0000000e+000  1.0000000e+000
 -1.0000000e+000  1.0000000e+000
 -1.0000000e+000  1.0000000e+000
 -1.0000000e+000  1.0000000e+000
 -1.0000000e+000  1.0000000e+000
 -1.0000000e+000  1.0000000e+000
 -1.0000000e+000  1.0000000e+000
 -1.0000000e+000  1.0000000e+000
 -1.0000000e+000  1.0000000e+000
 -1.0000000e+000  1.0000000e+000
 -1.0000000e+000  1.0000000e+000
 -1.0001026e+000  1.0001026e+000
 -1.0003016e+000  1.0003016e+000
 -1.0004976e+000  1.0004976e+000
 -1.0006917e+000  1.0006917e+000
 -1.0008825e+000  1.0008825e+000
 -1.0010719e+000  1.0010719e+000
 -1.0018447e+000  1.0018447e+000
 -1.0027959e+000  1.0027959e+000
 -1.0034054e+000  1.0034054e+000
 -1.0039550e+000  1.0039550e+000
 -1.0043193e+000  1.0043193e+000
 -1.0046736e+000  1.0046736e+000
 -1.0051983e+000  1.0051983e+000
 -1.0057226e+000  1.0057226e+000
 -1.0062400e+000  1.0062400e+000
 -1.0067221e+000  1.0067221e+000
 -1.0070462e+000  1.0070462e+000
 -1.0072720e+000  1.0072720e+000
 -1.0072290e+000  1.0072290e+000
 -1.0073740e+000  1.0073740e+000
 -1.0078660e+000  1.0078660e+000
 -1.0081236e+000  1.0081236e+000
 -1.0080765e+000  1.0080765e+000
 -1.0082107e+000  1.0082107e+000
 -1.0085131e+000  1.0085131e+000
 -1.0089133e+000  1.0089133e+000
 -1.0093783e+000  1.0093783e+000
 -1.0094893e+000  1.0094893e+000
 -1.0094378e+000  1.0094378e+000
 -1.0100327e+000  1.0100327e+000
 -1.0108223e+000  1.0108223e+000
 -1.0111715e+000  1.0111715e+000
 -1.0114447e+000  1.0114447e+000
 -1.0115559e+000  1.0115559e+000
 -1.0116624e+000  1.0116624e+000
 -1.0120872e+000  1.0120872e+000
 -1.0124615e+000  1.0124615e+000
 -1.0123969e+000  1.0123969e+000
 -1.0122724e+000  1.0122724e+000
 -1.0118875e+000  1.0118875e+000
 -1.0117182e+000  1.0117182e+000
 -1.0121306e+000  1.0121306e+000
 -1.0127616e+000  1.0127616e+000
 -1.0137919e+000  1.0137919e+000
 -1.0144767e+000  1.0144767e+000
 -1.0147163e+000  1.0147163e+000
 -1.0149505e+000  1.0149505e+000
 -1.0151797e+000  1.0151797e+000
 -1.0154090e+000  1.0154090e+000
 -1.0156384e+000  1.0156384e+000
 -1.0155535e+000  1.0155535e+000
 -1.0153262e+000  1.0153262e+000
 -1.0154447e+000  1.0154447e+000
 -1.0156656e+000  1.0156656e+000
 -1.0162641e+000  1.0162641e+000
 -1.0169271e+000  1.0169271e+000
 -1.0170287e+000  1.0170287e+000
 -1.0170904e+000  1.0170904e+000
 -1.0170061e+000  1.0170061e+000
 -1.0169982e+000  1.0169982e+000
 -1.0176368e+000  1.0176368e+000
 -1.0182463e+000  1.0182463e+000
 -1.0187298e+000  1.0187298e+000
 -1.0190958e+000  1.0190958e+000
 -1.0191477e+000  1.0191477e+000
 -1.0193486e+000  1.0193486e+000
 -1.0198184e+000  1.0198184e+000
 -1.0201642e+000  1.0201642e+000
 -1.0203517e+000  1.0203517e+000
 -1.0204651e+000  1.0204651e+000
 -1.0205110e+000  1.0205110e+000
 -1.0206376e+000  1.0206376e+000
 -1.0208166e+000  1.0208166e+000
 -1.0209003e+000  1.0209003e+000
 -1.0209413e+000  1.0209413e+000
 -1.0213976e+000  1.0213976e+000
 -1.0219754e+000  1.0219754e+000
 -1.0224293e+000  1.0224293e+000
 -1.0228628e+000  1.0228628e+000
 -1.0230403e+000  1.0230403e+000
 -1.0232050e+000  1.0232050e+000
 -1.0234961e+000  1.0234961e+000
 -1.0237870e+000  1.0237870e+000
 -1.0240767e+000  1.0240767e+000
 -1.0243894e+000  1.0243894e+000
 -1.0247987e+000  1.0247987e+000
 -1.0251371e+000  1.0251371e+000
 -1.0252890e+000  1.0252890e+000
 -1.0254389e+000  1.0254389e+000
 -1.0255854e+000  1.0255854e+000
 -1.0256180e+000  1.0256180e+000
 -1.0255070e+000  1.0255070e+000
 -1.0255956e+000  1.0255956e+000
 -1.0258640e+000  1.0258640e+000
 -1.0262052e+000  1.0262052e+000
 -1.0265931e+000  1.0265931e+000
 -1.0268022e+000  1.0268022e+000
 -1.0269321e+000  1.0269321e+000
 -1.0271606e+000  1.0271606e+000
 -1.0274176e+000  1.0274176e+000
 -1.0272543e+000  1.0272543e+000
 -1.0270226e+000  1.0270226e+000
 -1.0275877e+000  1.0275877e+000
 -1.0281907e+000  1.0281907e+000
 -1.0284342e+000  1.0284342e+000
 -1.0286252e+000  1.0286252e+000
 -1.0283948e+000  1.0283948e+000
 -1.0281878e+000  1.0281878e+000
 -1.0280781e+000  1.0280781e+000
 -1.0280966e+000  1.0280966e+000
 -1.0284482e+000  1.0284482e+000
 -1.0287171e+000  1.0287171e+000
 -1.0288397e+000  1.0288397e+000
 -1.0291162e+000  1.0291162e+000
 -1.0295847e+000  1.0295847e+000
 -1.0295643e+000  1.0295643e+000
 -1.0291076e+000  1.0291076e+000
 -1.0290727e+000  1.0290727e+000
 -1.0293053e+000  1.0293053e+000
 -1.0296125e+000  1.0296125e+000
 -1.0299524e+000  1.0299524e+000
 -1.0302859e+000  1.0302859e+000
 -1.0306176e+000  1.0306176e+000
 -1.0308484e+000  1.0308484e+000
 -1.0310632e+000  1.0310632e+000
 -1.0310709e+000  1.0310709e+000
 -1.0310766e+000  1.0310766e+000
 -1.0313999e+000  1.0313999e+000
 -1.0316739e+000  1.0316739e+000
 -1.0315602e+000  1.0315602e+000
 -1.0315302e+000  1.0315302e+000
 -1.0318424e+000  1.0318424e+000
 -1.0320954e+000  1.0320954e+000
 -1.0321960e+000  1.0321960e+000
 -1.0322197e+000  1.0322197e+000
 -1.0321092e+000  1.0321092e+000
 -1.0322834e+000  1.0322834e+000
 -1.0328096e+000  1.0328096e+000
 -1.0330501e+000  1.0330501e+000
 -1.0330379e+000  1.0330379e+000
 -1.0332851e+000  1.0332851e+000
 -1.0336953e+000  1.0336953e+000
 -1.0338811e+000  1.0338811e+000
 -1.0339697e+000  1.0339697e+000
 -1.0342202e+000  1.0342202e+000
 -1.0345160e+000  1.0345160e+000
 -1.0347206e+000  1.0347206e+000
 -1.0349110e+000  1.0349110e+000
 -1.0349029e+000  1.0349029e+000
 -1.0349033e+000  1.0349033e+000
 -1.0354865e+000  1.0354865e+000
 -1.0360006e+000  1.0360006e+000
 -1.0359827e+000  1.0359827e+000
 -1.0359843e+000  1.0359843e+000
 -1.0360632e+000  1.0360632e+000
 -1.0361979e+000  1.0361979e+000
 -1.0364741e+000  1.0364741e+000
 -1.0367116e+000  1.0367116e+000
 -1.0368821e+000  1.0368821e+000
 -1.0370122e+000  1.0370122e+000
 -1.0370927e+000  1.0370927e+000
 -1.0371184e+000  1.0371184e+000
 -1.0370952e+000  1.0370952e+000
 -1.0374260e+000  1.0374260e+000
 -1.0379770e+000  1.0379770e+000
 -1.0382574e+000  1.0382574e+000
 -1.0384221e+000  1.0384221e+000
 -1.0384382e+000  1.0384382e+000
 -1.0384134e+000  1.0384134e+000
 -1.0385515e+000  1.0385515e+000
 -1.0387119e+000  1.0387119e+000
 -1.0391364e+000  1.0391364e+000
 -1.0395651e+000  1.0395651e+000
 -1.0397227e+000  1.0397227e+000
 -1.0398584e+000  1.0398584e+000
 -1.0398301e+000  1.0398301e+000
 -1.0398384e+000  1.0398384e+000
 -1.0399916e+000  1.0399916e+000
 -1.0401726e+000  1.0401726e+000
 -1.0404200e+000  1.0404200e+000
 -1.0406315e+000  1.0406315e+000
 -1.0407814e+000  1.0407814e+000
 -1.0409307e+000  1.0409307e+000
 -1.0410791e+000  1.0410791e+000
 -1.0412272e+000  1.0412272e+000
 -1.0413748e+000  1.0413748e+000
 -1.0415221e+000  1.0415221e+000
 -1.0416670e+000  1.0416670e+000
 -1.0419336e+000  1.0419336e+000
 -1.0422518e+000  1.0422518e+000
 -1.0424308e+000  1.0424308e+000
 -1.0425719e+000  1.0425719e+000
 -1.0427860e+000  1.0427860e+000
 -1.0430112e+000  1.0430112e+000
 -1.0429042e+000  1.0429042e+000
 -1.0427870e+000  1.0427870e+000
 -1.0428312e+000  1.0428312e+000
 -1.0429068e+000  1.0429068e+000
 -1.0432118e+000  1.0432118e+000
 -1.0435003e+000  1.0435003e+000
 -1.0437239e+000  1.0437239e+000
 -1.0439927e+000  1.0439927e+000
 -1.0443791e+000  1.0443791e+000
 -1.0446380e+000  1.0446380e+000
 -1.0446807e+000  1.0446807e+000
 -1.0447228e+000  1.0447228e+000
 -1.0447642e+000  1.0447642e+000
 -1.0449421e+000  1.0449421e+000
 -1.0452372e+000  1.0452372e+000
 -1.0454725e+000  1.0454725e+000
 -1.0456859e+000  1.0456859e+000
 -1.0457757e+000  1.0457757e+000
 -1.0458140e+000  1.0458140e+000
 -1.0457233e+000  1.0457233e+000
 -1.0455979e+000  1.0455979e+000
 -1.0456853e+000  1.0456853e+000
 -1.0458038e+000  1.0458038e+000
 -1.0461474e+000  1.0461474e+000
 -1.0465000e+000  1.0465000e+000
 -1.0464578e+000  1.0464578e+000
 -1.0464250e+000  1.0464250e+000
 -1.0464593e+000  1.0464593e+000
 -1.0465111e+000  1.0465111e+000
 -1.0466291e+000  1.0466291e+000
 -1.0466985e+000  1.0466985e+000
 -1.0466483e+000  1.0466483e+000
 -1.0468737e+000  1.0468737e+000
 -1.0475517e+000  1.0475517e+000
 -1.0479331e+000  1.0479331e+000
 -1.0479619e+000  1.0479619e+000
 -1.0481223e+000  1.0481223e+000
 -1.0483947e+000  1.0483947e+000
 -1.0485618e+000  1.0485618e+000
 -1.0486653e+000  1.0486653e+000
 -1.0487197e+000  1.0487197e+000
 -1.0487503e+000  1.0487503e+000
 -1.0490881e+000  1.0490881e+000
 -1.0495069e+000  1.0495069e+000
 -1.0497167e+000  1.0497167e+000
 -1.0498968e+000  1.0498968e+000
 -1.0499965e+000  1.0499965e+000
 -1.0500892e+000  1.0500892e+000
 -1.0501194e+000  1.0501194e+000
 -1.0502147e+000  1.0502147e+000
 -1.0507636e+000  1.0507636e+000
 -1.0512658e+000  1.0512658e+000
 -1.0515901e+000  1.0515901e+000
 -1.0518264e+000  1.0518264e+000
 -1.0518496e+000  1.0518496e+000
 -1.0518064e+000  1.0518064e+000
 -1.0516752e+000  1.0516752e+000
 -1.0516819e+000  1.0516819e+000
 -1.0518504e+000  1.0518504e+000
 -1.0520989e+000  1.0520989e+000
 -1.0524148e+000  1.0524148e+000
 -1.0528700e+000  1.0528700e+000
 -1.0534082e+000  1.0534082e+000
 -1.0536274e+000  1.0536274e+000
 -1.0537180e+000  1.0537180e+000
 -1.0539202e+000  1.0539202e+000
 -1.0541515e+000  1.0541515e+000
 -1.0545158e+000  1.0545158e+000
 -1.0548987e+000  1.0548987e+000
 -1.0552690e+000  1.0552690e+000
 -1.0556188e+000  1.0556188e+000
 -1.0555372e+000  1.0555372e+000
 -1.0555526e+000  1.0555526e+000
 -1.0559937e+000  1.0559937e+000
 -1.0563888e+000  1.0563888e+000
 -1.0566120e+000  1.0566120e+000
 -1.0568140e+000  1.0568140e+000
 -1.0569648e+000  1.0569648e+000
 -1.0573009e+000  1.0573009e+000
 -1.0579413e+000  1.0579413e+000
 -1.0583952e+000  1.0583952e+000
 -1.0586063e+000  1.0586063e+000
 -1.0587041e+000  1.0587041e+000
 -1.0587075e+000  1.0587075e+000
 -1.0589265e+000  1.0589265e+000
 -1.0592728e+000  1.0592728e+000
 -1.0596202e+000  1.0596202e+000
 -1.0599682e+000  1.0599682e+000
 -1.0602604e+000  1.0602604e+000
 -1.0605387e+000  1.0605387e+000
 -1.0606928e+000  1.0606928e+000
 -1.0608300e+000  1.0608300e+000
 -1.0614269e+000  1.0614269e+000
 -1.0620192e+000  1.0620192e+000
 -1.0621538e+000  1.0621538e+000
 -1.0623201e+000  1.0623201e+000
 -1.0627266e+000  1.0627266e+000
 -1.0631016e+000  1.0631016e+000
 -1.0633604e+000  1.0633604e+000
 -1.0636597e+000  1.0636597e+000
 -1.0640546e+000  1.0640546e+000
 -1.0643718e+000  1.0643718e+000
 -1.0645629e+000  1.0645629e+000
 -1.0647149e+000  1.0647149e+000
 -1.0648354e+000  1.0648354e+000
 -1.0651442e+000  1.0651442e+000
 -1.0656084e+000  1.0656084e+000
 -1.0659400e+000  1.0659400e+000
 -1.0661941e+000  1.0661941e+000
 -1.0667310e+000  1.0667310e+000
 -1.0673806e+000  1.0673806e+000
 -1.0674824e+000  1.0674824e+000
 -1.0674803e+000  1.0674803e+000
 -1.0677532e+000  1.0677532e+000
 -1.0680630e+000  1.0680630e+000
 -1.0682945e+000  1.0682945e+000
 -1.0685338e+000  1.0685338e+000
 -1.0689803e+000  1.0689803e+000
 -1.0693910e+000  1.0693910e+000
 -1.0695672e+000  1.0695672e+000
 -1.0698043e+000  1.0698043e+000
 -1.0702287e+000  1.0702287e+000
 -1.0705947e+000  1.0705947e+000
 -1.0708243e+000  1.0708243e+000
 -1.0711799e+000  1.0711799e+000
 -1.0717384e+000  1.0717384e+000
 -1.0721377e+000  1.0721377e+000
 -1.0723549e+000  1.0723549e+000
 -1.0726855e+000  1.0726855e+000
 -1.0730968e+000  1.0730968e+000
 -1.0734307e+000  1.0734307e+000
 -1.0737198e+000  1.0737198e+000
 -1.0739162e+000  1.0739162e+000
 -1.0740759e+000  1.0740759e+000
 -1.0743875e+000  1.0743875e+000
 -1.0747369e+000  1.0747369e+000
 -1.0749118e+000  1.0749118e+000
 -1.0750616e+000  1.0750616e+000
 -1.0753381e+000  1.0753381e+000
 -1.0756314e+000  1.0756314e+000
 -1.0761545e+000  1.0761545e+000
 -1.0766435e+000  1.0766435e+000
 -1.0769137e+000  1.0769137e+000
 -1.0771812e+000  1.0771812e+000
 -1.0774593e+000  1.0774593e+000
 -1.0777714e+000  1.0777714e+000
 -1.0781612e+000  1.0781612e+000
 -1.0784783e+000  1.0784783e+000
 -1.0786793e+000  1.0786793e+000
 -1.0788236e+000  1.0788236e+000
 -1.0789035e+000  1.0789035e+000
 -1.0792124e+000  1.0792124e+000
 -1.0797257e+000  1.0797257e+000
 -1.0800431e+000  1.0800431e+000
 -1.0802487e+000  1.0802487e+000
 -1.0805725e+000  1.0805725e+000
 -1.0809424e+000  1.0809424e+000
 -1.0814641e+000  1.0814641e+000
 -1.0820229e+000  1.0820229e+000
 -1.0823054e+000  1.0823054e+000
 -1.0825647e+000  1.0825647e+000
 -1.0829785e+000  1.0829785e+000
 -1.0833913e+000  1.0833913e+000
 -1.0837020e+000  1.0837020e+000
 -1.0840359e+000  1.0840359e+000
 -1.0845139e+000  1.0845139e+000
 -1.0849272e+000  1.0849272e+000
 -1.0851129e+000  1.0851129e+000
 -1.0854169e+000  1.0854169e+000
 -1.0859443e+000  1.0859443e+000
 -1.0862939e+000  1.0862939e+000
 -1.0863631e+000  1.0863631e+000
 -1.0864806e+000  1.0864806e+000
 -1.0866523e+000  1.0866523e+000
 -1.0869879e+000  1.0869879e+000
 -1.0874548e+000  1.0874548e+000
 -1.0879612e+000  1.0879612e+000
 -1.0884818e+000  1.0884818e+000
 -1.0887939e+000  1.0887939e+000
 -1.0890258e+000  1.0890258e+000
 -1.0893491e+000  1.0893491e+000
 -1.0896942e+000  1.0896942e+000
 -1.0900388e+000  1.0900388e+000
 -1.0903833e+000  1.0903833e+000
 -1.0908288e+000  1.0908288e+000
 -1.0912702e+000  1.0912702e+000
 -1.0916099e+000  1.0916099e+000
 -1.0919323e+000  1.0919323e+000
 -1.0921482e+000  1.0921482e+000
 -1.0924047e+000  1.0924047e+000
 -1.0928021e+000  1.0928021e+000
 -1.0931762e+000  1.0931762e+000
 -1.0935035e+000  1.0935035e+000
 -1.0937854e+000  1.0937854e+000
 -1.0939963e+000  1.0939963e+000
 -1.0943099e+000  1.0943099e+000
 -1.0947373e+000  1.0947373e+000
 -1.0952388e+000  1.0952388e+000
 -1.0957994e+000  1.0957994e+000
 -1.0963031e+000  1.0963031e+000
 -1.0967923e+000  1.0967923e+000
 -1.0970707e+000  1.0970707e+000
 -1.0972692e+000  1.0972692e+000
 -1.0976031e+000  1.0976031e+000
 -1.0979688e+000  1.0979688e+000
 -1.0986284e+000  1.0986284e+000
 -1.0993236e+000  1.0993236e+000
 -1.0995306e+000  1.0995306e+000
 -1.0997556e+000  1.0997556e+000
 -1.1002067e+000  1.1002067e+000
 -1.1006694e+000  1.1006694e+000
 -1.1012002e+000  1.1012002e+000
 -1.1017151e+000  1.1017151e+000
 -1.1021749e+000  1.1021749e+000
 -1.1025945e+000  1.1025945e+000
 -1.1029242e+000  1.1029242e+000
 -1.1032560e+000  1.1032560e+000
 -1.1035506e+000  1.1035506e+000
 -1.1039949e+000  1.1039949e+000
 -1.1046034e+000  1.1046034e+000
 -1.1050595e+000  1.1050595e+000
 -1.1053958e+000  1.1053958e+000
 -1.1059752e+000  1.1059752e+000
 -1.1066892e+000  1.1066892e+000
 -1.1072872e+000  1.1072872e+000
 -1.1078346e+000  1.1078346e+000
 -1.1082381e+000  1.1082381e+000
 -1.1086080e+000  1.1086080e+000
 -1.1092244e+000  1.1092244e+000
 -1.1098701e+000  1.1098701e+000
 -1.1104663e+000  1.1104663e+000
 -1.1110432e+000  1.1110432e+000
 -1.1113595e+000  1.1113595e+000
 -1.1117151e+000  1.1117151e+000
 -1.1123028e+000  1.1123028e+000
 -1.1128620e+000  1.1128620e+000
 -1.1133247e+000  1.1133247e+000
 -1.1138246e+000  1.1138246e+000
 -1.1144061e+000  1.1144061e+000
 -1.1150594e+000  1.1150594e+000
 -1.1158444e+000  1.1158444e+000
 -1.1163728e+000  1.1163728e+000
 -1.1166221e+000  1.1166221e+000
 -1.1169945e+000  1.1169945e+000
 -1.1174626e+000  1.1174626e+000
 -1.1180193e+000  1.1180193e+000
 -1.1186247e+000  1.1186247e+000
 -1.1192615e+000  1.1192615e+000
 -1.1199245e+000  1.1199245e+000
 -1.1202936e+000  1.1202936e+000
 -1.1205952e+000  1.1205952e+000
 -1.1210231e+000  1.1210231e+000
 -1.1214655e+000  1.1214655e+000
 -1.1220656e+000  1.1220656e+000
 -1.1226677e+000  1.1226677e+000
 -1.1232518e+000  1.1232518e+000
 -1.1238502e+000  1.1238502e+000
 -1.1243878e+000  1.1243878e+000
 -1.1249257e+000  1.1249257e+000
 -1.1254642e+000  1.1254642e+000
 -1.1259679e+000  1.1259679e+000
 -1.1263963e+000  1.1263963e+000
 -1.1269843e+000  1.1269843e+000
 -1.1278138e+000  1.1278138e+000
 -1.1284088e+000  1.1284088e+000
 -1.1287342e+000  1.1287342e+000
 -1.1292309e+000  1.1292309e+000
 -1.1298593e+000  1.1298593e+000
 -1.1305364e+000  1.1305364e+000
 -1.1312400e+000  1.1312400e+000
 -1.1319144e+000  1.1319144e+000
 -1.1325784e+000  1.1325784e+000
 -1.1332043e+000  1.1332043e+000
 -1.1338167e+000  1.1338167e+000
 -1.1343376e+000  1.1343376e+000
 -1.1348484e+000  1.1348484e+000
 -1.1354117e+000  1.1354117e+000
 -1.1359807e+000  1.1359807e+000
 -1.1366190e+000  1.1366190e+000
 -1.1372394e+000  1.1372394e+000
 -1.1377826e+000  1.1377826e+000
 -1.1383614e+000  1.1383614e+000
 -1.1390570e+000  1.1390570e+000
 -1.1397267e+000  1.1397267e+000
 -1.1403407e+000  1.1403407e+000
 -1.1409478e+000  1.1409478e+000
 -1.1415449e+000  1.1415449e+000
 -1.1422365e+000  1.1422365e+000
 -1.1430534e+000  1.1430534e+000
 -1.1437015e+000  1.1437015e+000
 -1.1442207e+000  1.1442207e+000
 -1.1449306e+000  1.1449306e+000
 -1.1457426e+000  1.1457426e+000
 -1.1463776e+000  1.1463776e+000
 -1.1469486e+000  1.1469486e+000
 -1.1475070e+000  1.1475070e+000
 -1.1480740e+000  1.1480740e+000
 -1.1488194e+000  1.1488194e+000
 -1.1495843e+000  1.1495843e+000
 -1.1502682e+000  1.1502682e+000
 -1.1509456e+000  1.1509456e+000
 -1.1515486e+000  1.1515486e+000
 -1.1521496e+000  1.1521496e+000
 -1.1527412e+000  1.1527412e+000
 -1.1534027e+000  1.1534027e+000
 -1.1542056e+000  1.1542056e+000
 -1.1549266e+000  1.1549266e+000
 -1.1554730e+000  1.1554730e+000
 -1.1560283e+000  1.1560283e+000
 -1.1565968e+000  1.1565968e+000
 -1.1573067e+000  1.1573067e+000
 -1.1581657e+000  1.1581657e+000
 -1.1589002e+000  1.1589002e+000
 -1.1595133e+000  1.1595133e+000
 -1.1601022e+000  1.1601022e+000
 -1.1606783e+000  1.1606783e+000
 -1.1613060e+000  1.1613060e+000
 -1.1619522e+000  1.1619522e+000
 -1.1626462e+000  1.1626462e+000
 -1.1633507e+000  1.1633507e+000
 -1.1639224e+000  1.1639224e+000
 -1.1644780e+000  1.1644780e+000
 -1.1653904e+000  1.1653904e+000
 -1.1663016e+000  1.1663016e+000
 -1.1671380e+000  1.1671380e+000
 -1.1679416e+000  1.1679416e+000
 -1.1685650e+000  1.1685650e+000
 -1.1692272e+000  1.1692272e+000
 -1.1700416e+000  1.1700416e+000
 -1.1708101e+000  1.1708101e+000
 -1.1714825e+000  1.1714825e+000
 -1.1721353e+000  1.1721353e+000
 -1.1727597e+000  1.1727597e+000
 -1.1733862e+000  1.1733862e+000
 -1.1740148e+000  1.1740148e+000
 -1.1747270e+000  1.1747270e+000
 -1.1755275e+000  1.1755275e+000
 -1.1763136e+000  1.1763136e+000
 -1.1770920e+000  1.1770920e+000
 -1.1778662e+000  1.1778662e+000
 -1.1786389e+000  1.1786389e+000
 -1.1794264e+000  1.1794264e+000
 -1.1802171e+000  1.1802171e+000
 -1.1811676e+000  1.1811676e+000
 -1.1821653e+000  1.1821653e+000
 -1.1827728e+000  1.1827728e+000
 -1.1833848e+000  1.1833848e+000
 -1.1841018e+000  1.1841018e+000
 -1.1848403e+000  1.1848403e+000
 -1.1856939e+000  1.1856939e+000
 -1.1864996e+000  1.1864996e+000
 -1.1871541e+000  1.1871541e+000
 -1.1878591e+000  1.1878591e+000
 -1.1886086e+000  1.1886086e+000
 -1.1894648e+000  1.1894648e+000
 -1.1904758e+000  1.1904758e+000
 -1.1914352e+000  1.1914352e+000
 -1.1923410e+000  1.1923410e+000
 -1.1931992e+000  1.1931992e+000
 -1.1940222e+000  1.1940222e+000
 -1.1949328e+000  1.1949328e+000
 -1.1958783e+000  1.1958783e+000
 -1.1966734e+000  1.1966734e+000
 -1.1974161e+000  1.1974161e+000
 -1.1981047e+000  1.1981047e+000
 -1.1987818e+000  1.1987818e+000
 -1.1996953e+000  1.1996953e+000
 -1.2006325e+000  1.2006325e+000
 -1.2015584e+000  1.2015584e+000
 -1.2024713e+000  1.2024713e+000
 -1.2032328e+000  1.2032328e+000
 -1.2040046e+000  1.2040046e+000
 -1.2048319e+000  1.2048319e+000
 -1.2056744e+000  1.2056744e+000
 -1.2065637e+000  1.2065637e+000
 -1.2073817e+000  1.2073817e+000
 -1.2080829e+000  1.2080829e+000
 -1.2088507e+000  1.2088507e+000
 -1.2097142e+000  1.2097142e+000
 -1.2106286e+000  1.2106286e+000
 -1.2115950e+000  1.2115950e+000
 -1.2126274e+000  1.2126274e+000
 -1.2137082e+000  1.2137082e+000
 -1.2145346e+000  1.2145346e+000
 -1.2152786e+000  1.2152786e+000
 -1.2160900e+000  1.2160900e+000
 -1.2169244e+000  1.2169244e+000
 -1.2178757e+000  1.2178757e+000
 -1.2188513e+000  1.2188513e+000
 -1.2198030e+000  1.2198030e+000
 -1.2207525e+000  1.2207525e+000
 -1.2217423e+000  1.2217423e+000
 -1.2227417e+000  1.2227417e+000
 -1.2235777e+000  1.2235777e+000
 -1.2244294e+000  1.2244294e+000
 -1.2253628e+000  1.2253628e+000
 -1.2263278e+000  1.2263278e+000
 -1.2273902e+000  1.2273902e+000
 -1.2283753e+000  1.2283753e+000
 -1.2292031e+000  1.2292031e+000
 -1.2301483e+000  1.2301483e+000
 -1.2311970e+000  1.2311970e+000
 -1.2321823e+000  1.2321823e+000
 -1.2331033e+000  1.2331033e+000
 -1.2340886e+000  1.2340886e+000
 -1.2351206e+000  1.2351206e+000
 -1.2361701e+000  1.2361701e+000
 -1.2372285e+000  1.2372285e+000
 -1.2383090e+000  1.2383090e+000
 -1.2393831e+000  1.2393831e+000
 -1.2403360e+000  1.2403360e+000
 -1.2412638e+000  1.2412638e+000
 -1.2424554e+000  1.2424554e+000
 -1.2436718e+000  1.2436718e+000
 -1.2447895e+000  1.2447895e+000
 -1.2459101e+000  1.2459101e+000
 -1.2471132e+000  1.2471132e+000
 -1.2482754e+000  1.2482754e+000
 -1.2492298e+000  1.2492298e+000
 -1.2502339e+000  1.2502339e+000
 -1.2513892e+000  1.2513892e+000
 -1.2524918e+000  1.2524918e+000
 -1.2534879e+000  1.2534879e+000
 -1.2545392e+000  1.2545392e+000
 -1.2557133e+000  1.2557133e+000
 -1.2568681e+000  1.2568681e+000
 -1.2580035e+000  1.2580035e+000
 -1.2592521e+000  1.2592521e+000
 -1.2605820e+000  1.2605820e+000
 -1.2618716e+000  1.2618716e+000
 -1.2631410e+000  1.2631410e+000
 -1.2642976e+000  1.2642976e+000
 -1.2654658e+000  1.2654658e+000
 -1.2666846e+000  1.2666846e+000
 -1.2679136e+000  1.2679136e+000
 -1.2690186e+000  1.2690186e+000
 -1.2701119e+000  1.2701119e+000
 -1.2713265e+000  1.2713265e+000
 -1.2725621e+000  1.2725621e+000
 -1.2740283e+000  1.2740283e+000
 -1.2754927e+000  1.2754927e+000
 -1.2766923e+000  1.2766923e+000
 -1.2778411e+000  1.2778411e+000
 -1.2788384e+000  1.2788384e+000
 -1.2799876e+000  1.2799876e+000
 -1.2814406e+000  1.2814406e+000
 -1.2828452e+000  1.2828452e+000
 -1.2841822e+000  1.2841822e+000
 -1.2855201e+000  1.2855201e+000
 -1.2867921e+000  1.2867921e+000
 -1.2879682e+000  1.2879682e+000
 -1.2890759e+000  1.2890759e+000
 -1.2902997e+000  1.2902997e+000
 -1.2915810e+000  1.2915810e+000
 -1.2929083e+000  1.2929083e+000
 -1.2942506e+000  1.2942506e+000
 -1.2955041e+000  1.2955041e+000
 -1.2967297e+000  1.2967297e+000
 -1.2978527e+000  1.2978527e+000
 -1.2989665e+000  1.2989665e+000
 -1.3001594e+000  1.3001594e+000
 -1.3013650e+000  1.3013650e+000
 -1.3027096e+000  1.3027096e+000
 -1.3040308e+000  1.3040308e+000
 -1.3053014e+000  1.3053014e+000
 -1.3065955e+000  1.3065955e+000
 -1.3079595e+000  1.3079595e+000
 -1.3092375e+000  1.3092375e+000
 -1.3103468e+000  1.3103468e+000
 -1.3115144e+000  1.3115144e+000
 -1.3127629e+000  1.3127629e+000
 -1.3140154e+000  1.3140154e+000
 -1.3153528e+000  1.3153528e+000
 -1.3167547e+000  1.3167547e+000
 -1.3182020e+000  1.3182020e+000
 -1.3195958e+000  1.3195958e+000
 -1.3209631e+000  1.3209631e+000
 -1.3222566e+000  1.3222566e+000
 -1.3235255e+000  1.3235255e+000
 -1.3247754e+000  1.3247754e+000
 -1.3260935e+000  1.3260935e+000
 -1.3274956e+000  1.3274956e+000
 -1.3289049e+000  1.3289049e+000
 -1.3304005e+000  1.3304005e+000
 -1.3318753e+000  1.3318753e+000
 -1.3331388e+000  1.3331388e+000
 -1.3344885e+000  1.3344885e+000
 -1.3362557e+000  1.3362557e+000
 -1.3379696e+000  1.3379696e+000
 -1.3392915e+000  1.3392915e+000
 -1.3406873e+000  1.3406873e+000
 -1.3422281e+000  1.3422281e+000
 -1.3438429e+000  1.3438429e+000
 -1.3455592e+000  1.3455592e+000
 -1.3473846e+000  1.3473846e+000
 -1.3493166e+000  1.3493166e+000
 -1.3510428e+000  1.3510428e+000
 -1.3525639e+000  1.3525639e+000
 -1.3540218e+000  1.3540218e+000
 -1.3554487e+000  1.3554487e+000
 -1.3570221e+000  1.3570221e+000
 -1.3586424e+000  1.3586424e+000
 -1.3603081e+000  1.3603081e+000
 -1.3619822e+000  1.3619822e+000
 -1.3632664e+000  1.3632664e+000
 -1.3645108e+000  1.3645108e+000
 -1.3660906e+000  1.3660906e+000
 -1.3676574e+000  1.3676574e+000
 -1.3691000e+000  1.3691000e+000
 -1.3705872e+000  1.3705872e+000
 -1.3722896e+000  1.3722896e+000
 -1.3740139e+000  1.3740139e+000
 -1.3758904e+000  1.3758904e+000
 -1.3775852e+000  1.3775852e+000
 -1.3789299e+000  1.3789299e+000
 -1.3804400e+000  1.3804400e+000
 -1.3821749e+000  1.3821749e+000
 -1.3839899e+000  1.3839899e+000
 -1.3858827e+000  1.3858827e+000
 -1.3876578e+000  1.3876578e+000
 -1.3894883e+000  1.3894883e+000
 -1.3913619e+000  1.3913619e+000
 -1.3932558e+000  1.3932558e+000
 -1.3949664e+000  1.3949664e+000
 -1.3966180e+000  1.3966180e+000
 -1.3985541e+000  1.3985541e+000
 -1.4005428e+000  1.4005428e+000
 -1.4025574e+000  1.4025574e+000
 -1.4046968e+000  1.4046968e+000
 -1.4064951e+000  1.4064951e+000
 -1.4082444e+000  1.4082444e+000
 -1.4095301e+000  1.4095301e+000
 -1.4108929e+000  1.4108929e+000
 -1.4126228e+000  1.4126228e+000
 -1.4143127e+000  1.4143127e+000
 -1.4158920e+000  1.4158920e+000
 -1.4176619e+000  1.4176619e+000
 -1.4195189e+000  1.4195189e+000
 -1.4212580e+000  1.4212580e+000
 -1.4228397e+000  1.4228397e+000
 -1.4244819e+000  1.4244819e+000
 -1.4261817e+000  1.4261817e+000
 -1.4278648e+000  1.4278648e+000
 -1.4295359e+000  1.4295359e+000
 -1.4314353e+000  1.4314353e+000
 -1.4333630e+000  1.4333630e+000
 -1.4351633e+000  1.4351633e+000
 -1.4369219e+000  1.4369219e+000
 -1.4389615e+000  1.4389615e+000
 -1.4410511e+000  1.4410511e+000
 -1.4426982e+000  1.4426982e+000
 -1.4443131e+000  1.4443131e+000
 -1.4464285e+000  1.4464285e+000
 -1.4485368e+000  1.4485368e+000
 -1.4505950e+000  1.4505950e+000
 -1.4528046e+000  1.4528046e+000
 -1.4557139e+000  1.4557139e+000
 -1.4584965e+000  1.4584965e+000
 -1.4609218e+000  1.4609218e+000
 -1.4632892e+000  1.4632892e+000
 -1.4657737e+000  1.4657737e+000
 -1.4682788e+000  1.4682788e+000
 -1.4708123e+000  1.4708123e+000
 -1.4735146e+000  1.4735146e+000
 -1.4763777e+000  1.4763777e+000
 -1.4789962e+000  1.4789962e+000
 -1.4814490e+000  1.4814490e+000
 -1.4840697e+000  1.4840697e+000
 -1.4869798e+000  1.4869798e+000
 -1.4893685e+000  1.4893685e+000
 -1.4915940e+000  1.4915940e+000
 -1.4943889e+000  1.4943889e+000
 -1.4972854e+000  1.4972854e+000
 -1.4996266e+000  1.4996266e+000
 -1.5019221e+000  1.5019221e+000
 -1.5040711e+000  1.5040711e+000
 -1.5065218e+000  1.5065218e+000
 -1.5091272e+000  1.5091272e+000
 -1.5117827e+000  1.5117827e+000
 -1.5146736e+000  1.5146736e+000
 -1.5175586e+000  1.5175586e+000
 -1.5204305e+000  1.5204305e+000
 -1.5233108e+000  1.5233108e+000
 -1.5262088e+000  1.5262088e+000
 -1.5290221e+000  1.5290221e+000
 -1.5313175e+000  1.5313175e+000
 -1.5335672e+000  1.5335672e+000
 -1.5357737e+000  1.5357737e+000
 -1.5381395e+000  1.5381395e+000
 -1.5406105e+000  1.5406105e+000
 -1.5426654e+000  1.5426654e+000
 -1.5445238e+000  1.5445238e+000
 -1.5467121e+000  1.5467121e+000
 -1.5488945e+000  1.5488945e+000
 -1.5511946e+000  1.5511946e+000
 -1.5535100e+000  1.5535100e+000
 -1.5554521e+000  1.5554521e+000
 -1.5573794e+000  1.5573794e+000
 -1.5603565e+000  1.5603565e+000
 -1.5632354e+000  1.5632354e+000
 -1.5656896e+000  1.5656896e+000
 -1.5680525e+000  1.5680525e+000
 -1.5645659e+000  1.5645659e+000
 -1.5689121e+000  1.5689121e+000
 -1.5732582e+000  1.5732582e+000
 -1.5776044e+000  1.5776044e+000
 -1.5819505e+000  1.5819505e+000
 -1.5862967e+000  1.5862967e+000
 -1.5910549e+000  1.5910549e+000
 -1.5958132e+000  1.5958132e+000
 -1.6005714e+000  1.6005714e+000
 -1.6053297e+000  1.6053297e+000
 -1.6100879e+000  1.6100879e+000
 -1.6148462e+000  1.6148462e+000
 -1.6196044e+000  1.6196044e+000
 -1.6243626e+000  1.6243626e+000
 -1.6295357e+000  1.6295357e+000
 -1.6347088e+000  1.6347088e+000
 -1.6398819e+000  1.6398819e+000
 -1.6450549e+000  1.6450549e+000
 -1.6502280e+000  1.6502280e+000
 -1.6554011e+000  1.6554011e+000
 -1.6605742e+000  1.6605742e+000
 -1.6657473e+000  1.6657473e+000
 -1.6713448e+000  1.6713448e+000
 -1.6769423e+000  1.6769423e+000
 -1.6825398e+000  1.6825398e+000
 -1.6881374e+000  1.6881374e+000
 -1.6937349e+000  1.6937349e+000
 -1.6993324e+000  1.6993324e+000
 -1.7049299e+000  1.7049299e+000
 -1.7105275e+000  1.7105275e+000
 -1.7161717e+000  1.7161717e+000
 -1.7218159e+000  1.7218159e+000
 -1.7274602e+000  1.7274602e+000
 -1.7331044e+000  1.7331044e+000
 -1.7387486e+000  1.7387486e+000
 -1.7443929e+000  1.7443929e+000
 -1.7500371e+000  1.7500371e+000
 -1.7556813e+000  1.7556813e+000
 -1.7622033e+000  1.7622033e+000
 -1.7687253e+000  1.7687253e+000
 -1.7752473e+000  1.7752473e+000
 -1.7817692e+000  1.7817692e+000
 -1.7882912e+000  1.7882912e+000
 -1.7948132e+000  1.7948132e+000
 -1.8013352e+000  1.8013352e+000
 -1.8078571e+000  1.8078571e+000
 -1.8138970e+000  1.8138970e+000
 -1.8199368e+000  1.8199368e+000
 -1.8259766e+000  1.8259766e+000
 -1.8320165e+000  1.8320165e+000
 -1.8380563e+000  1.8380563e+000
 -1.8440962e+000  1.8440962e+000
 -1.8501360e+000  1.8501360e+000
 -1.8561758e+000  1.8561758e+000
 -1.8627184e+000  1.8627184e+000
 -1.8692610e+000  1.8692610e+000
 -1.8758036e+000  1.8758036e+000
 -1.8823462e+000  1.8823462e+000
 -1.8888887e+000  1.8888887e+000
 -1.8954313e+000  1.8954313e+000
 -1.9019739e+000  1.9019739e+000
 -1.9085165e+000  1.9085165e+000
 -1.9156854e+000  1.9156854e+000
 -1.9228544e+000  1.9228544e+000
 -1.9300234e+000  1.9300234e+000
 -1.9371923e+000  1.9371923e+000
 -1.9443613e+000  1.9443613e+000
 -1.9515302e+000  1.9515302e+000
 -1.9586992e+000  1.9586992e+000
 -1.9658681e+000  1.9658681e+000
 -1.9750467e+000  1.9750467e+000
 -1.9842253e+000  1.9842253e+000
 -1.9934038e+000  1.9934038e+000
 -2.0000000e+000  2.0000000e+000
 -2.0000000e+000  2.0000000e+000
 -2.0000000e+000  2.0000000e+000
 -2.0000000e+000  2.0000000e+000
 -2.0000000e+000  2.0000000e+000
