 -0.0000000e+000  0.0000000e+000
 -0.0000000e+000  0.0000000e+000
 -0.0000000e+000  0.0000000e+000
 -0.0000000e+000  0.0000000e+000
 -0.0000000e+000  0.0000000e+000
 -0.0000000e+000  0.0000000e+000
 -0.0000000e+000  0.0000000e+000
 -0.0000000e+000  0.0000000e+000
 -0.0000000e+000  0.0000000e+000
 -0.0000000e+000  0.0000000e+000
 -0.0000000e+000  0.0000000e+000
 -0.0000000e+000  0.0000000e+000
 -0.0000000e+000  0.0000000e+000
 -0.0000000e+000  0.0000000e+000
 -0.0000000e+000  0.0000000e+000
 -0.0000000e+000  0.0000000e+000
 -0.0000000e+000  0.0000000e+000
 -0.0000000e+000  0.0000000e+000
 -0.0000000e+000  0.0000000e+000
 -0.0000000e+000  0.0000000e+000
 -0.0000000e+000  0.0000000e+000
 -0.0000000e+000  0.0000000e+000
 -0.0000000e+000  0.0000000e+000
 -0.0000000e+000  0.0000000e+000
 -0.0000000e+000  0.0000000e+000
 -0.0000000e+000  0.0000000e+000
 -0.0000000e+000  0.0000000e+000
 -0.0000000e+000  0.0000000e+000
 -0.0000000e+000  0.0000000e+000
 -0.0000000e+000  0.0000000e+000
 -0.0000000e+000  0.0000000e+000
 -0.0000000e+000  0.0000000e+000
 -0.0000000e+000  0.0000000e+000
 -0.0000000e+000  0.0000000e+000
 -0.0000000e+000  0.0000000e+000
 -0.0000000e+000  0.0000000e+000
 -0.0000000e+000  0.0000000e+000
 -0.0000000e+000  0.0000000e+000
 -0.0000000e+000  0.0000000e+000
 -0.0000000e+000  0.0000000e+000
 -0.0000000e+000  0.0000000e+000
 -0.0000000e+000  0.0000000e+000
 -0.0000000e+000  0.0000000e+000
 -0.0000000e+000  0.0000000e+000
 -0.0000000e+000  0.0000000e+000
 -0.0000000e+000  0.0000000e+000
 -0.0000000e+000  0.0000000e+000
 -0.0000000e+000  0.0000000e+000
 -0.0000000e+000  0.0000000e+000
 -0.0000000e+000  0.0000000e+000
 -0.0000000e+000  0.0000000e+000
 -0.0000000e+000  0.0000000e+000
 -0.0000000e+000  0.0000000e+000
 -0.0000000e+000  0.0000000e+000
 -0.0000000e+000  0.0000000e+000
 -0.0000000e+000  0.0000000e+000
 -0.0000000e+000  0.0000000e+000
 -0.0000000e+000  0.0000000e+000
 -0.0000000e+000  0.0000000e+000
 -0.0000000e+000  0.0000000e+000
 -0.0000000e+000  0.0000000e+000
 -0.0000000e+000  0.0000000e+000
 -0.0000000e+000  0.0000000e+000
 -0.0000000e+000  0.0000000e+000
 -0.0000000e+000  0.0000000e+000
 -0.0000000e+000  0.0000000e+000
 -0.0000000e+000  0.0000000e+000
 -0.0000000e+000  0.0000000e+000
 -0.0000000e+000  0.0000000e+000
 -0.0000000e+000  0.0000000e+000
 -0.0000000e+000  0.0000000e+000
 -0.0000000e+000  0.0000000e+000
 -0.0000000e+000  0.0000000e+000
 -0.0000000e+000  0.0000000e+000
 -0.0000000e+000  0.0000000e+000
 -0.0000000e+000  0.0000000e+000
 -0.0000000e+000  0.0000000e+000
 -0.0000000e+000  0.0000000e+000
 -0.0000000e+000  0.0000000e+000
 -0.0000000e+000  0.0000000e+000
 -0.0000000e+000  0.0000000e+000
 -0.0000000e+000  0.0000000e+000
 -0.0000000e+000  0.0000000e+000
 -0.0000000e+000  0.0000000e+000
 -0.0000000e+000  0.0000000e+000
 -0.0000000e+000  0.0000000e+000
 -0.0000000e+000  0.0000000e+000
 -0.0000000e+000  0.0000000e+000
 -0.0000000e+000  0.0000000e+000
 -0.0000000e+000  0.0000000e+000
 -0.0000000e+000  0.0000000e+000
 -0.0000000e+000  0.0000000e+000
  2.5152397e-007 -2.5152397e-007
  2.5737820e-005 -2.5737820e-005
  4.7143653e-005 -4.7143653e-005
  2.8945616e-005 -2.8945616e-005
  1.6489613e-005 -1.6489613e-005
  3.0742189e-005 -3.0742189e-005
  2.6276658e-005 -2.6276658e-005
 -3.1329219e-005  3.1329219e-005
 -6.5811440e-005  6.5811440e-005
 -5.6202220e-005  5.6202220e-005
 -6.9496722e-005  6.9496722e-005
 -1.1345548e-004  1.1345548e-004
 -1.4581311e-004  1.4581311e-004
 -1.6707362e-004  1.6707362e-004
 -2.1159408e-004  2.1159408e-004
 -2.7197050e-004  2.7197050e-004
 -2.6451147e-004  2.6451147e-004
 -2.2486223e-004  2.2486223e-004
 -1.8243633e-004  1.8243633e-004
 -1.3914183e-004  1.3914183e-004
 -1.0902338e-004  1.0902338e-004
 -8.1317060e-005  8.1317060e-005
 -6.0785820e-005  6.0785820e-005
 -4.1181077e-005  4.1181077e-005
 -5.1715521e-005  5.1715521e-005
 -7.8493449e-005  7.8493449e-005
 -2.5845115e-004  2.5845115e-004
 -3.9498945e-004  3.9498945e-004
 -3.3294058e-004  3.3294058e-004
 -2.9053286e-004  2.9053286e-004
 -3.0317851e-004  3.0317851e-004
 -3.3001674e-004  3.3001674e-004
 -3.8362318e-004  3.8362318e-004
 -4.0962272e-004  4.0962272e-004
 -3.9903169e-004  3.9903169e-004
 -4.3674691e-004  4.3674691e-004
 -5.2021565e-004  5.2021565e-004
 -7.1398244e-004  7.1398244e-004
 -9.8217137e-004  9.8217137e-004
 -1.1793397e-003  1.1793397e-003
 -1.3431860e-003  1.3431860e-003
 -1.3781277e-003  1.3781277e-003
 -1.3732919e-003  1.3732919e-003
 -1.4486482e-003  1.4486482e-003
 -1.5384092e-003  1.5384092e-003
 -1.5148479e-003  1.5148479e-003
 -1.4845641e-003  1.4845641e-003
 -1.5635446e-003  1.5635446e-003
 -1.6495897e-003  1.6495897e-003
 -1.8004067e-003  1.8004067e-003
 -1.9312417e-003  1.9312417e-003
 -1.9721963e-003  1.9721963e-003
 -1.9938997e-003  1.9938997e-003
 -1.9623231e-003  1.9623231e-003
 -1.9724168e-003  1.9724168e-003
 -2.0602533e-003  2.0602533e-003
 -2.1453378e-003  2.1453378e-003
 -2.2268111e-003  2.2268111e-003
 -2.3399551e-003  2.3399551e-003
 -2.4828012e-003  2.4828012e-003
 -2.6583898e-003  2.6583898e-003
 -2.8558452e-003  2.8558452e-003
 -2.9079053e-003  2.9079053e-003
 -2.8925190e-003  2.8925190e-003
 -2.9530807e-003  2.9530807e-003
 -3.0367587e-003  3.0367587e-003
 -3.1682136e-003  3.1682136e-003
 -3.3080870e-003  3.3080870e-003
 -3.3009186e-003  3.3009186e-003
 -3.2844252e-003  3.2844252e-003
 -3.3311357e-003  3.3311357e-003
 -3.3860937e-003  3.3860937e-003
 -3.5146153e-003  3.5146153e-003
 -3.6244135e-003  3.6244135e-003
 -3.6513703e-003  3.6513703e-003
 -3.6586755e-003  3.6586755e-003
 -3.6122748e-003  3.6122748e-003
 -3.5876318e-003  3.5876318e-003
 -3.6031439e-003  3.6031439e-003
 -3.6426957e-003  3.6426957e-003
 -3.7134759e-003  3.7134759e-003
 -3.7416791e-003  3.7416791e-003
 -3.7303443e-003  3.7303443e-003
 -3.7434720e-003  3.7434720e-003
 -3.7727698e-003  3.7727698e-003
 -3.7630068e-003  3.7630068e-003
 -3.7353300e-003  3.7353300e-003
 -3.6085323e-003  3.6085323e-003
 -3.4519800e-003  3.4519800e-003
 -3.4978313e-003  3.4978313e-003
 -3.5786579e-003  3.5786579e-003
 -3.4861047e-003  3.4861047e-003
 -3.3834470e-003  3.3834470e-003
 -3.3657788e-003  3.3657788e-003
 -3.3493542e-003  3.3493542e-003
 -3.3437284e-003  3.3437284e-003
 -3.3467477e-003  3.3467477e-003
 -3.3873982e-003  3.3873982e-003
 -3.4405461e-003  3.4405461e-003
 -3.5274224e-003  3.5274224e-003
 -3.5548624e-003  3.5548624e-003
 -3.4737890e-003  3.4737890e-003
 -3.4412753e-003  3.4412753e-003
 -3.4712127e-003  3.4712127e-003
 -3.5264470e-003  3.5264470e-003
 -3.6049417e-003  3.6049417e-003
 -3.5623937e-003  3.5623937e-003
 -3.4406560e-003  3.4406560e-003
 -3.4175418e-003  3.4175418e-003
 -3.4391419e-003  3.4391419e-003
 -3.3134072e-003  3.3134072e-003
 -3.1440574e-003  3.1440574e-003
 -3.0626188e-003  3.0626188e-003
 -2.9960739e-003  2.9960739e-003
 -2.9097633e-003  2.9097633e-003
 -2.8218777e-003  2.8218777e-003
 -2.7215064e-003  2.7215064e-003
 -2.6109032e-003  2.6109032e-003
 -2.4137712e-003  2.4137712e-003
 -2.2382114e-003  2.2382114e-003
 -2.1550480e-003  2.1550480e-003
 -2.0981628e-003  2.0981628e-003
 -2.1113196e-003  2.1113196e-003
 -2.0970306e-003  2.0970306e-003
 -2.0331705e-003  2.0331705e-003
 -1.9386605e-003  1.9386605e-003
 -1.8051255e-003  1.8051255e-003
 -1.6780270e-003  1.6780270e-003
 -1.5567887e-003  1.5567887e-003
 -1.4573667e-003  1.4573667e-003
 -1.3720711e-003  1.3720711e-003
 -1.3387205e-003  1.3387205e-003
 -1.3286512e-003  1.3286512e-003
 -1.1784799e-003  1.1784799e-003
 -9.8741329e-004  9.8741329e-004
 -8.2111691e-004  8.2111691e-004
 -6.5893370e-004  6.5893370e-004
 -5.2303134e-004  5.2303134e-004
 -3.9194193e-004  3.9194193e-004
 -3.8613083e-004  3.8613083e-004
 -3.5844158e-004  3.5844158e-004
 -1.5045069e-004  1.5045069e-004
  5.6084907e-005 -5.6084907e-005
  2.5648624e-004 -2.5648624e-004
  4.4380970e-004 -4.4380970e-004
  5.9670512e-004 -5.9670512e-004
  7.4247149e-004 -7.4247149e-004
  8.7549931e-004 -8.7549931e-004
  9.6339640e-004 -9.6339640e-004
  9.9440323e-004 -9.9440323e-004
  1.1666234e-003 -1.1666234e-003
  1.4661447e-003 -1.4661447e-003
  1.8772365e-003 -1.8772365e-003
  2.3598268e-003 -2.3598268e-003
  2.7335409e-003 -2.7335409e-003
  3.0590190e-003 -3.0590190e-003
  3.4098372e-003 -3.4098372e-003
  3.7679481e-003 -3.7679481e-003
  4.0330939e-003 -4.0330939e-003
  4.2831136e-003 -4.2831136e-003
  4.4586501e-003 -4.4586501e-003
  4.6305632e-003 -4.6305632e-003
  4.8321752e-003 -4.8321752e-003
  5.0585909e-003 -5.0585909e-003
  5.4843095e-003 -5.4843095e-003
  5.8705198e-003 -5.8705198e-003
  6.0928155e-003 -6.0928155e-003
  6.3062996e-003 -6.3062996e-003
  6.4968707e-003 -6.4968707e-003
  6.7325059e-003 -6.7325059e-003
  7.0478064e-003 -7.0478064e-003
  7.3335744e-003 -7.3335744e-003
  7.5824852e-003 -7.5824852e-003
  7.7980695e-003 -7.7980695e-003
  7.9839066e-003 -7.9839066e-003
  8.2833843e-003 -8.2833843e-003
  8.6549353e-003 -8.6549353e-003
  8.9360414e-003 -8.9360414e-003
  9.1775404e-003 -9.1775404e-003
  9.4821109e-003 -9.4821109e-003
  9.8045755e-003 -9.8045755e-003
  1.0172049e-002 -1.0172049e-002
  1.0546696e-002 -1.0546696e-002
  1.0947446e-002 -1.0947446e-002
  1.1352334e-002 -1.1352334e-002
  1.1844081e-002 -1.1844081e-002
  1.2330588e-002 -1.2330588e-002
  1.2776028e-002 -1.2776028e-002
  1.3166433e-002 -1.3166433e-002
  1.3332053e-002 -1.3332053e-002
  1.3497236e-002 -1.3497236e-002
  1.3661295e-002 -1.3661295e-002
  1.3886373e-002 -1.3886373e-002
  1.4218175e-002 -1.4218175e-002
  1.4583259e-002 -1.4583259e-002
  1.4989469e-002 -1.4989469e-002
  1.5306521e-002 -1.5306521e-002
  1.5544775e-002 -1.5544775e-002
  1.5812338e-002 -1.5812338e-002
  1.6098297e-002 -1.6098297e-002
  1.6411278e-002 -1.6411278e-002
  1.6735955e-002 -1.6735955e-002
  1.7017722e-002 -1.7017722e-002
  1.7287489e-002 -1.7287489e-002
  1.7356632e-002 -1.7356632e-002
  1.7394462e-002 -1.7394462e-002
  1.7638044e-002 -1.7638044e-002
  1.7895079e-002 -1.7895079e-002
  1.8221226e-002 -1.8221226e-002
  1.8536653e-002 -1.8536653e-002
  1.8770077e-002 -1.8770077e-002
  1.9004834e-002 -1.9004834e-002
  1.9419950e-002 -1.9419950e-002
  1.9795561e-002 -1.9795561e-002
  2.0070929e-002 -2.0070929e-002
  2.0392612e-002 -2.0392612e-002
  2.0794443e-002 -2.0794443e-002
  2.1168600e-002 -2.1168600e-002
  2.1508904e-002 -2.1508904e-002
  2.1805022e-002 -2.1805022e-002
  2.2212474e-002 -2.2212474e-002
  2.2543056e-002 -2.2543056e-002
  2.2825891e-002 -2.2825891e-002
  2.3224571e-002 -2.3224571e-002
  2.3672806e-002 -2.3672806e-002
  2.3884323e-002 -2.3884323e-002
  2.4030593e-002 -2.4030593e-002
  2.4275560e-002 -2.4275560e-002
  2.4548107e-002 -2.4548107e-002
  2.4951277e-002 -2.4951277e-002
  2.5358302e-002 -2.5358302e-002
  2.5684975e-002 -2.5684975e-002
  2.5992142e-002 -2.5992142e-002
  2.6153617e-002 -2.6153617e-002
  2.6341340e-002 -2.6341340e-002
  2.6633003e-002 -2.6633003e-002
  2.6911564e-002 -2.6911564e-002
  2.7188619e-002 -2.7188619e-002
  2.7535778e-002 -2.7535778e-002
  2.8002974e-002 -2.8002974e-002
  2.8373215e-002 -2.8373215e-002
  2.8626021e-002 -2.8626021e-002
  2.8928974e-002 -2.8928974e-002
  2.9275377e-002 -2.9275377e-002
  2.9664415e-002 -2.9664415e-002
  3.0087344e-002 -3.0087344e-002
  3.0452501e-002 -3.0452501e-002
  3.0793234e-002 -3.0793234e-002
  3.1063736e-002 -3.1063736e-002
  3.1315162e-002 -3.1315162e-002
  3.1518986e-002 -3.1518986e-002
  3.1715692e-002 -3.1715692e-002
  3.1960988e-002 -3.1960988e-002
  3.2206961e-002 -3.2206961e-002
  3.2408865e-002 -3.2408865e-002
  3.2605431e-002 -3.2605431e-002
  3.2763058e-002 -3.2763058e-002
  3.2976314e-002 -3.2976314e-002
  3.3406522e-002 -3.3406522e-002
  3.3789426e-002 -3.3789426e-002
  3.4055169e-002 -3.4055169e-002
  3.4346998e-002 -3.4346998e-002
  3.4683023e-002 -3.4683023e-002
  3.5042868e-002 -3.5042868e-002
  3.5431278e-002 -3.5431278e-002
  3.5714765e-002 -3.5714765e-002
  3.5908241e-002 -3.5908241e-002
  3.6123439e-002 -3.6123439e-002
  3.6351850e-002 -3.6351850e-002
  3.6506338e-002 -3.6506338e-002
  3.6629943e-002 -3.6629943e-002
  3.6918186e-002 -3.6918186e-002
  3.7250496e-002 -3.7250496e-002
  3.7527643e-002 -3.7527643e-002
  3.7796723e-002 -3.7796723e-002
  3.8163628e-002 -3.8163628e-002
  3.8505317e-002 -3.8505317e-002
  3.8732030e-002 -3.8732030e-002
  3.8952285e-002 -3.8952285e-002
  3.9126510e-002 -3.9126510e-002
  3.9323046e-002 -3.9323046e-002
  3.9605289e-002 -3.9605289e-002
  3.9874691e-002 -3.9874691e-002
  4.0112672e-002 -4.0112672e-002
  4.0380483e-002 -4.0380483e-002
  4.0677347e-002 -4.0677347e-002
  4.1007759e-002 -4.1007759e-002
  4.1378004e-002 -4.1378004e-002
  4.1739860e-002 -4.1739860e-002
  4.2094590e-002 -4.2094590e-002
  4.2468886e-002 -4.2468886e-002
  4.2854960e-002 -4.2854960e-002
  4.3149911e-002 -4.3149911e-002
  4.3412402e-002 -4.3412402e-002
  4.3684225e-002 -4.3684225e-002
  4.3958509e-002 -4.3958509e-002
  4.4118505e-002 -4.4118505e-002
  4.4262154e-002 -4.4262154e-002
  4.4585635e-002 -4.4585635e-002
  4.4908846e-002 -4.4908846e-002
  4.5047620e-002 -4.5047620e-002
  4.5201577e-002 -4.5201577e-002
  4.5461352e-002 -4.5461352e-002
  4.5708382e-002 -4.5708382e-002
  4.5907183e-002 -4.5907183e-002
  4.6160099e-002 -4.6160099e-002
  4.6543869e-002 -4.6543869e-002
  4.6864880e-002 -4.6864880e-002
  4.7081779e-002 -4.7081779e-002
  4.7266721e-002 -4.7266721e-002
  4.7414094e-002 -4.7414094e-002
  4.7657413e-002 -4.7657413e-002
  4.7981427e-002 -4.7981427e-002
  4.8361594e-002 -4.8361594e-002
  4.8775208e-002 -4.8775208e-002
  4.9108785e-002 -4.9108785e-002
  4.9397212e-002 -4.9397212e-002
  4.9730470e-002 -4.9730470e-002
  5.0075374e-002 -5.0075374e-002
  5.0291618e-002 -5.0291618e-002
  5.0489873e-002 -5.0489873e-002
  5.0833585e-002 -5.0833585e-002
  5.1174459e-002 -5.1174459e-002
  5.1326852e-002 -5.1326852e-002
  5.1485581e-002 -5.1485581e-002
  5.1687495e-002 -5.1687495e-002
  5.1896943e-002 -5.1896943e-002
  5.2134477e-002 -5.2134477e-002
  5.2377856e-002 -5.2377856e-002
  5.2635202e-002 -5.2635202e-002
  5.2862257e-002 -5.2862257e-002
  5.3039592e-002 -5.3039592e-002
  5.3234011e-002 -5.3234011e-002
  5.3448316e-002 -5.3448316e-002
  5.3622097e-002 -5.3622097e-002
  5.3762134e-002 -5.3762134e-002
  5.3956329e-002 -5.3956329e-002
  5.4182442e-002 -5.4182442e-002
  5.4353615e-002 -5.4353615e-002
  5.4502644e-002 -5.4502644e-002
  5.4715277e-002 -5.4715277e-002
  5.4944185e-002 -5.4944185e-002
  5.5203469e-002 -5.5203469e-002
  5.5466902e-002 -5.5466902e-002
  5.5702936e-002 -5.5702936e-002
  5.5935957e-002 -5.5935957e-002
  5.6128921e-002 -5.6128921e-002
  5.6334470e-002 -5.6334470e-002
  5.6611431e-002 -5.6611431e-002
  5.6877020e-002 -5.6877020e-002
  5.7100834e-002 -5.7100834e-002
  5.7312309e-002 -5.7312309e-002
  5.7494650e-002 -5.7494650e-002
  5.7656752e-002 -5.7656752e-002
  5.7785977e-002 -5.7785977e-002
  5.7925801e-002 -5.7925801e-002
  5.8077841e-002 -5.8077841e-002
  5.8227665e-002 -5.8227665e-002
  5.8375664e-002 -5.8375664e-002
  5.8597489e-002 -5.8597489e-002
  5.8862368e-002 -5.8862368e-002
  5.9153222e-002 -5.9153222e-002
  5.9454419e-002 -5.9454419e-002
  5.9681097e-002 -5.9681097e-002
  5.9888997e-002 -5.9888997e-002
  6.0111667e-002 -6.0111667e-002
  6.0336308e-002 -6.0336308e-002
  6.0473866e-002 -6.0473866e-002
  6.0614937e-002 -6.0614937e-002
  6.0883084e-002 -6.0883084e-002
  6.1140825e-002 -6.1140825e-002
  6.1330664e-002 -6.1330664e-002
  6.1522668e-002 -6.1522668e-002
  6.1722513e-002 -6.1722513e-002
  6.1897016e-002 -6.1897016e-002
  6.2012380e-002 -6.2012380e-002
  6.2177771e-002 -6.2177771e-002
  6.2423582e-002 -6.2423582e-002
  6.2629953e-002 -6.2629953e-002
  6.2791316e-002 -6.2791316e-002
  6.2955251e-002 -6.2955251e-002
  6.3121286e-002 -6.3121286e-002
  6.3271881e-002 -6.3271881e-002
  6.3413567e-002 -6.3413567e-002
  6.3497293e-002 -6.3497293e-002
  6.3558217e-002 -6.3558217e-002
  6.3786241e-002 -6.3786241e-002
  6.4055728e-002 -6.4055728e-002
  6.4255346e-002 -6.4255346e-002
  6.4447491e-002 -6.4447491e-002
  6.4623623e-002 -6.4623623e-002
  6.4802352e-002 -6.4802352e-002
  6.5038196e-002 -6.5038196e-002
  6.5259146e-002 -6.5259146e-002
  6.5384947e-002 -6.5384947e-002
  6.5527121e-002 -6.5527121e-002
  6.5727725e-002 -6.5727725e-002
  6.5892764e-002 -6.5892764e-002
  6.5975768e-002 -6.5975768e-002
  6.6117065e-002 -6.6117065e-002
  6.6351098e-002 -6.6351098e-002
  6.6549905e-002 -6.6549905e-002
  6.6708911e-002 -6.6708911e-002
  6.6859067e-002 -6.6859067e-002
  6.7002071e-002 -6.7002071e-002
  6.7168108e-002 -6.7168108e-002
  6.7347293e-002 -6.7347293e-002
  6.7526816e-002 -6.7526816e-002
  6.7706471e-002 -6.7706471e-002
  6.7897890e-002 -6.7897890e-002
  6.8092183e-002 -6.8092183e-002
  6.8252685e-002 -6.8252685e-002
  6.8408890e-002 -6.8408890e-002
  6.8572032e-002 -6.8572032e-002
  6.8737270e-002 -6.8737270e-002
  6.8935381e-002 -6.8935381e-002
  6.9118112e-002 -6.9118112e-002
  6.9204623e-002 -6.9204623e-002
  6.9325839e-002 -6.9325839e-002
  6.9569130e-002 -6.9569130e-002
  6.9775817e-002 -6.9775817e-002
  6.9899054e-002 -6.9899054e-002
  7.0035248e-002 -7.0035248e-002
  7.0191841e-002 -7.0191841e-002
  7.0357349e-002 -7.0357349e-002
  7.0532827e-002 -7.0532827e-002
  7.0682880e-002 -7.0682880e-002
  7.0812588e-002 -7.0812588e-002
  7.0989929e-002 -7.0989929e-002
  7.1194172e-002 -7.1194172e-002
  7.1391510e-002 -7.1391510e-002
  7.1586197e-002 -7.1586197e-002
  7.1908499e-002 -7.1908499e-002
  7.2261491e-002 -7.2261491e-002
  7.2401538e-002 -7.2401538e-002
  7.2515177e-002 -7.2515177e-002
  7.2689171e-002 -7.2689171e-002
  7.2869185e-002 -7.2869185e-002
  7.3115920e-002 -7.3115920e-002
  7.3346705e-002 -7.3346705e-002
  7.3479737e-002 -7.3479737e-002
  7.3640102e-002 -7.3640102e-002
  7.3895252e-002 -7.3895252e-002
  7.4111501e-002 -7.4111501e-002
  7.4252590e-002 -7.4252590e-002
  7.4384175e-002 -7.4384175e-002
  7.4500954e-002 -7.4500954e-002
  7.4650582e-002 -7.4650582e-002
  7.4836600e-002 -7.4836600e-002
  7.5062332e-002 -7.5062332e-002
  7.5319525e-002 -7.5319525e-002
  7.5493404e-002 -7.5493404e-002
  7.5608227e-002 -7.5608227e-002
  7.5743207e-002 -7.5743207e-002
  7.5885829e-002 -7.5885829e-002
  7.6121971e-002 -7.6121971e-002
  7.6380250e-002 -7.6380250e-002
  7.6594102e-002 -7.6594102e-002
  7.6802582e-002 -7.6802582e-002
  7.6979964e-002 -7.6979964e-002
  7.7153637e-002 -7.7153637e-002
  7.7280719e-002 -7.7280719e-002
  7.7420807e-002 -7.7420807e-002
  7.7638998e-002 -7.7638998e-002
  7.7829419e-002 -7.7829419e-002
  7.7924891e-002 -7.7924891e-002
  7.8020902e-002 -7.8020902e-002
  7.8118110e-002 -7.8118110e-002
  7.8264463e-002 -7.8264463e-002
  7.8486606e-002 -7.8486606e-002
  7.8652925e-002 -7.8652925e-002
  7.8758014e-002 -7.8758014e-002
  7.8878321e-002 -7.8878321e-002
  7.9010564e-002 -7.9010564e-002
  7.9195245e-002 -7.9195245e-002
  7.9408914e-002 -7.9408914e-002
  7.9568286e-002 -7.9568286e-002
  7.9707322e-002 -7.9707322e-002
  7.9882655e-002 -7.9882655e-002
  8.0066443e-002 -8.0066443e-002
  8.0224263e-002 -8.0224263e-002
  8.0379024e-002 -8.0379024e-002
  8.0525035e-002 -8.0525035e-002
  8.0667281e-002 -8.0667281e-002
  8.0755240e-002 -8.0755240e-002
  8.0862698e-002 -8.0862698e-002
  8.1084926e-002 -8.1084926e-002
  8.1289528e-002 -8.1289528e-002
  8.1434707e-002 -8.1434707e-002
  8.1581723e-002 -8.1581723e-002
  8.1732784e-002 -8.1732784e-002
  8.1899207e-002 -8.1899207e-002
  8.2089078e-002 -8.2089078e-002
  8.2221348e-002 -8.2221348e-002
  8.2291061e-002 -8.2291061e-002
  8.2370394e-002 -8.2370394e-002
  8.2457198e-002 -8.2457198e-002
  8.2569567e-002 -8.2569567e-002
  8.2695918e-002 -8.2695918e-002
  8.2830069e-002 -8.2830069e-002
  8.2967107e-002 -8.2967107e-002
  8.3124776e-002 -8.3124776e-002
  8.3287175e-002 -8.3287175e-002
  8.3412480e-002 -8.3412480e-002
  8.3533529e-002 -8.3533529e-002
  8.3646802e-002 -8.3646802e-002
  8.3758925e-002 -8.3758925e-002
  8.3856518e-002 -8.3856518e-002
  8.3949989e-002 -8.3949989e-002
  8.4091813e-002 -8.4091813e-002
  8.4232311e-002 -8.4232311e-002
  8.4368405e-002 -8.4368405e-002
  8.4513917e-002 -8.4513917e-002
  8.4679933e-002 -8.4679933e-002
  8.4828496e-002 -8.4828496e-002
  8.4950695e-002 -8.4950695e-002
  8.5116372e-002 -8.5116372e-002
  8.5315362e-002 -8.5315362e-002
  8.5494861e-002 -8.5494861e-002
  8.5659378e-002 -8.5659378e-002
  8.5763749e-002 -8.5763749e-002
  8.5835581e-002 -8.5835581e-002
  8.5938442e-002 -8.5938442e-002
  8.6052637e-002 -8.6052637e-002
  8.6087948e-002 -8.6087948e-002
  8.6108290e-002 -8.6108290e-002
  8.6176030e-002 -8.6176030e-002
  8.6249063e-002 -8.6249063e-002
  8.6394621e-002 -8.6394621e-002
  8.6538196e-002 -8.6538196e-002
  8.6636504e-002 -8.6636504e-002
  8.6733569e-002 -8.6733569e-002
  8.6836099e-002 -8.6836099e-002
  8.6945553e-002 -8.6945553e-002
  8.7077706e-002 -8.7077706e-002
  8.7188106e-002 -8.7188106e-002
  8.7251689e-002 -8.7251689e-002
  8.7363752e-002 -8.7363752e-002
  8.7548303e-002 -8.7548303e-002
  8.7730241e-002 -8.7730241e-002
  8.7896897e-002 -8.7896897e-002
  8.8053985e-002 -8.8053985e-002
  8.8203792e-002 -8.8203792e-002
  8.8263727e-002 -8.8263727e-002
  8.8275565e-002 -8.8275565e-002
  8.8343204e-002 -8.8343204e-002
  8.8430969e-002 -8.8430969e-002
  8.8555529e-002 -8.8555529e-002
  8.8688250e-002 -8.8688250e-002
  8.8804464e-002 -8.8804464e-002
  8.8918884e-002 -8.8918884e-002
  8.8990814e-002 -8.8990814e-002
  8.9062199e-002 -8.9062199e-002
  8.9134625e-002 -8.9134625e-002
  8.9203723e-002 -8.9203723e-002
  8.9254343e-002 -8.9254343e-002
  8.9329491e-002 -8.9329491e-002
  8.9483977e-002 -8.9483977e-002
  8.9613412e-002 -8.9613412e-002
  8.9689542e-002 -8.9689542e-002
  8.9784067e-002 -8.9784067e-002
  8.9905814e-002 -8.9905814e-002
  8.9999352e-002 -8.9999352e-002
  9.0063147e-002 -9.0063147e-002
  9.0172444e-002 -9.0172444e-002
  9.0316021e-002 -9.0316021e-002
  9.0420512e-002 -9.0420512e-002
  9.0504312e-002 -9.0504312e-002
  9.0552608e-002 -9.0552608e-002
  9.0588262e-002 -9.0588262e-002
  9.0632395e-002 -9.0632395e-002
  9.0678378e-002 -9.0678378e-002
  9.0771019e-002 -9.0771019e-002
  9.0868588e-002 -9.0868588e-002
  9.0997128e-002 -9.0997128e-002
  9.1121578e-002 -9.1121578e-002
  9.1188060e-002 -9.1188060e-002
  9.1244492e-002 -9.1244492e-002
  9.1246167e-002 -9.1246167e-002
  9.1246361e-002 -9.1246361e-002
  9.1229329e-002 -9.1229329e-002
  9.1253819e-002 -9.1253819e-002
  9.1365669e-002 -9.1365669e-002
  9.1460864e-002 -9.1460864e-002
  9.1531661e-002 -9.1531661e-002
  9.1640194e-002 -9.1640194e-002
  9.1788122e-002 -9.1788122e-002
  9.1928610e-002 -9.1928610e-002
  9.2076048e-002 -9.2076048e-002
  9.2221795e-002 -9.2221795e-002
  9.2366657e-002 -9.2366657e-002
  9.2407625e-002 -9.2407625e-002
  9.2412062e-002 -9.2412062e-002
  9.2421019e-002 -9.2421019e-002
  9.2430944e-002 -9.2430944e-002
  9.2454030e-002 -9.2454030e-002
  9.2465966e-002 -9.2465966e-002
  9.2501736e-002 -9.2501736e-002
  9.2536396e-002 -9.2536396e-002
  9.2554296e-002 -9.2554296e-002
  9.2589325e-002 -9.2589325e-002
  9.2715948e-002 -9.2715948e-002
  9.2828180e-002 -9.2828180e-002
  9.2895113e-002 -9.2895113e-002
  9.2955144e-002 -9.2955144e-002
  9.3000816e-002 -9.3000816e-002
  9.3022699e-002 -9.3022699e-002
  9.3010087e-002 -9.3010087e-002
  9.3036596e-002 -9.3036596e-002
  9.3103546e-002 -9.3103546e-002
  9.3152695e-002 -9.3152695e-002
  9.3188700e-002 -9.3188700e-002
  9.3220367e-002 -9.3220367e-002
  9.3249788e-002 -9.3249788e-002
  9.3283281e-002 -9.3283281e-002
  9.3318187e-002 -9.3318187e-002
  9.3408965e-002 -9.3408965e-002
  9.3511523e-002 -9.3511523e-002
  9.3549607e-002 -9.3549607e-002
  9.3581268e-002 -9.3581268e-002
  9.3592141e-002 -9.3592141e-002
  9.3601874e-002 -9.3601874e-002
  9.3599636e-002 -9.3599636e-002
  9.3607952e-002 -9.3607952e-002
  9.3671670e-002 -9.3671670e-002
  9.3719444e-002 -9.3719444e-002
  9.3717701e-002 -9.3717701e-002
  9.3721823e-002 -9.3721823e-002
  9.3738009e-002 -9.3738009e-002
  9.3765164e-002 -9.3765164e-002
  9.3808060e-002 -9.3808060e-002
  9.3828577e-002 -9.3828577e-002
  9.3826188e-002 -9.3826188e-002
  9.3860588e-002 -9.3860588e-002
  9.3921879e-002 -9.3921879e-002
  9.3949954e-002 -9.3949954e-002
  9.3948514e-002 -9.3948514e-002
  9.3966346e-002 -9.3966346e-002
  9.3990782e-002 -9.3990782e-002
  9.4066160e-002 -9.4066160e-002
  9.4152096e-002 -9.4152096e-002
  9.4196303e-002 -9.4196303e-002
  9.4236477e-002 -9.4236477e-002
  9.4206471e-002 -9.4206471e-002
  9.4172619e-002 -9.4172619e-002
  9.4097665e-002 -9.4097665e-002
  9.4035787e-002 -9.4035787e-002
  9.4041303e-002 -9.4041303e-002
  9.4040989e-002 -9.4040989e-002
  9.4022807e-002 -9.4022807e-002
  9.4017198e-002 -9.4017198e-002
  9.4037164e-002 -9.4037164e-002
  9.4037598e-002 -9.4037598e-002
  9.4010283e-002 -9.4010283e-002
  9.4007139e-002 -9.4007139e-002
  9.4028492e-002 -9.4028492e-002
  9.4000798e-002 -9.4000798e-002
  9.3937614e-002 -9.3937614e-002
  9.3923656e-002 -9.3923656e-002
  9.3934638e-002 -9.3934638e-002
  9.3898002e-002 -9.3898002e-002
  9.3849488e-002 -9.3849488e-002
  9.3864137e-002 -9.3864137e-002
  9.3891649e-002 -9.3891649e-002
  9.3931230e-002 -9.3931230e-002
  9.3971942e-002 -9.3971942e-002
  9.3878970e-002 -9.3878970e-002
  9.3794461e-002 -9.3794461e-002
  9.3808636e-002 -9.3808636e-002
  9.3820206e-002 -9.3820206e-002
  9.3818586e-002 -9.3818586e-002
  9.3809477e-002 -9.3809477e-002
  9.3777718e-002 -9.3777718e-002
  9.3773036e-002 -9.3773036e-002
  9.3822827e-002 -9.3822827e-002
  9.3859217e-002 -9.3859217e-002
  9.3876759e-002 -9.3876759e-002
  9.3890914e-002 -9.3890914e-002
  9.3901670e-002 -9.3901670e-002
  9.3836768e-002 -9.3836768e-002
  9.3717674e-002 -9.3717674e-002
  9.3654282e-002 -9.3654282e-002
  9.3618800e-002 -9.3618800e-002
  9.3573286e-002 -9.3573286e-002
  9.3524423e-002 -9.3524423e-002
  9.3493837e-002 -9.3493837e-002
  9.3466908e-002 -9.3466908e-002
  9.3456427e-002 -9.3456427e-002
  9.3447450e-002 -9.3447450e-002
  9.3471833e-002 -9.3471833e-002
  9.3489094e-002 -9.3489094e-002
  9.3428588e-002 -9.3428588e-002
  9.3356849e-002 -9.3356849e-002
  9.3353572e-002 -9.3353572e-002
  9.3365096e-002 -9.3365096e-002
  9.3420795e-002 -9.3420795e-002
  9.3435793e-002 -9.3435793e-002
  9.3369817e-002 -9.3369817e-002
  9.3290691e-002 -9.3290691e-002
  9.3193258e-002 -9.3193258e-002
  9.3201838e-002 -9.3201838e-002
  9.3303341e-002 -9.3303341e-002
  9.3339604e-002 -9.3339604e-002
  9.3329610e-002 -9.3329610e-002
  9.3293639e-002 -9.3293639e-002
  9.3244794e-002 -9.3244794e-002
  9.3152387e-002 -9.3152387e-002
  9.3045628e-002 -9.3045628e-002
  9.3055908e-002 -9.3055908e-002
  9.3094106e-002 -9.3094106e-002
  9.3063105e-002 -9.3063105e-002
  9.3025931e-002 -9.3025931e-002
  9.2954683e-002 -9.2954683e-002
  9.2887449e-002 -9.2887449e-002
  9.2862691e-002 -9.2862691e-002
  9.2825072e-002 -9.2825072e-002
  9.2724622e-002 -9.2724622e-002
  9.2619974e-002 -9.2619974e-002
  9.2502959e-002 -9.2502959e-002
  9.2367540e-002 -9.2367540e-002
  9.2195910e-002 -9.2195910e-002
  9.2098819e-002 -9.2098819e-002
  9.2104449e-002 -9.2104449e-002
  9.2046957e-002 -9.2046957e-002
  9.1927358e-002 -9.1927358e-002
  9.1849905e-002 -9.1849905e-002
  9.1802034e-002 -9.1802034e-002
  9.1747668e-002 -9.1747668e-002
  9.1690119e-002 -9.1690119e-002
  9.1675736e-002 -9.1675736e-002
  9.1675387e-002 -9.1675387e-002
  9.1585423e-002 -9.1585423e-002
  9.1453162e-002 -9.1453162e-002
  9.1383408e-002 -9.1383408e-002
  9.1318920e-002 -9.1318920e-002
  9.1246618e-002 -9.1246618e-002
  9.1159517e-002 -9.1159517e-002
  9.0920607e-002 -9.0920607e-002
  9.0727389e-002 -9.0727389e-002
  9.0753571e-002 -9.0753571e-002
  9.0754321e-002 -9.0754321e-002
  9.0681120e-002 -9.0681120e-002
  9.0619771e-002 -9.0619771e-002
  9.0581487e-002 -9.0581487e-002
  9.0554681e-002 -9.0554681e-002
  9.0543536e-002 -9.0543536e-002
  9.0414702e-002 -9.0414702e-002
  9.0171206e-002 -9.0171206e-002
  8.9984742e-002 -8.9984742e-002
  8.9846585e-002 -8.9846585e-002
  8.9721896e-002 -8.9721896e-002
  8.9603733e-002 -8.9603733e-002
  8.9498186e-002 -8.9498186e-002
  8.9396687e-002 -8.9396687e-002
  8.9264752e-002 -8.9264752e-002
  8.9127049e-002 -8.9127049e-002
  8.9023084e-002 -8.9023084e-002
  8.8923088e-002 -8.8923088e-002
  8.8845862e-002 -8.8845862e-002
  8.8773735e-002 -8.8773735e-002
  8.8752359e-002 -8.8752359e-002
  8.8713597e-002 -8.8713597e-002
  8.8592767e-002 -8.8592767e-002
  8.8470945e-002 -8.8470945e-002
  8.8333776e-002 -8.8333776e-002
  8.8185761e-002 -8.8185761e-002
  8.8016868e-002 -8.8016868e-002
  8.7864954e-002 -8.7864954e-002
  8.7735971e-002 -8.7735971e-002
  8.7592108e-002 -8.7592108e-002
  8.7433890e-002 -8.7433890e-002
  8.7340581e-002 -8.7340581e-002
  8.7279409e-002 -8.7279409e-002
  8.7177989e-002 -8.7177989e-002
  8.7057284e-002 -8.7057284e-002
  8.6827369e-002 -8.6827369e-002
  8.6562892e-002 -8.6562892e-002
  8.6436075e-002 -8.6436075e-002
  8.6334869e-002 -8.6334869e-002
  8.6217945e-002 -8.6217945e-002
  8.6074163e-002 -8.6074163e-002
  8.5871023e-002 -8.5871023e-002
  8.5682094e-002 -8.5682094e-002
  8.5630542e-002 -8.5630542e-002
  8.5545171e-002 -8.5545171e-002
  8.5302869e-002 -8.5302869e-002
  8.5039513e-002 -8.5039513e-002
  8.4716492e-002 -8.4716492e-002
  8.4437883e-002 -8.4437883e-002
  8.4243825e-002 -8.4243825e-002
  8.4002344e-002 -8.4002344e-002
  8.3697464e-002 -8.3697464e-002
  8.3429888e-002 -8.3429888e-002
  8.3197948e-002 -8.3197948e-002
  8.3038260e-002 -8.3038260e-002
  8.2927754e-002 -8.2927754e-002
  8.2740531e-002 -8.2740531e-002
  8.2528806e-002 -8.2528806e-002
  8.2448988e-002 -8.2448988e-002
  8.2410353e-002 -8.2410353e-002
  8.2246710e-002 -8.2246710e-002
  8.2060242e-002 -8.2060242e-002
  8.1962866e-002 -8.1962866e-002
  8.1870318e-002 -8.1870318e-002
  8.1612177e-002 -8.1612177e-002
  8.1354524e-002 -8.1354524e-002
  8.1101451e-002 -8.1101451e-002
  8.0863351e-002 -8.0863351e-002
  8.0693573e-002 -8.0693573e-002
  8.0492457e-002 -8.0492457e-002
  8.0203661e-002 -8.0203661e-002
  7.9946804e-002 -7.9946804e-002
  7.9737595e-002 -7.9737595e-002
  7.9544687e-002 -7.9544687e-002
  7.9373354e-002 -7.9373354e-002
  7.9162926e-002 -7.9162926e-002
  7.8915523e-002 -7.8915523e-002
  7.8735796e-002 -7.8735796e-002
  7.8601666e-002 -7.8601666e-002
  7.8523714e-002 -7.8523714e-002
  7.8447078e-002 -7.8447078e-002
  7.8399050e-002 -7.8399050e-002
  7.8359834e-002 -7.8359834e-002
  7.8143903e-002 -7.8143903e-002
  7.7896315e-002 -7.7896315e-002
  7.7788044e-002 -7.7788044e-002
  7.7688818e-002 -7.7688818e-002
  7.7512733e-002 -7.7512733e-002
  7.7330778e-002 -7.7330778e-002
  7.7095223e-002 -7.7095223e-002
  7.6861700e-002 -7.6861700e-002
  7.6637298e-002 -7.6637298e-002
  7.6405510e-002 -7.6405510e-002
  7.6153312e-002 -7.6153312e-002
  7.5913734e-002 -7.5913734e-002
  7.5697664e-002 -7.5697664e-002
  7.5351735e-002 -7.5351735e-002
  7.4852031e-002 -7.4852031e-002
  7.4473689e-002 -7.4473689e-002
  7.4209009e-002 -7.4209009e-002
  7.3987030e-002 -7.3987030e-002
  7.3793529e-002 -7.3793529e-002
  7.3539100e-002 -7.3539100e-002
  7.3256454e-002 -7.3256454e-002
  7.2963569e-002 -7.2963569e-002
  7.2671371e-002 -7.2671371e-002
  7.2366839e-002 -7.2366839e-002
  7.2060139e-002 -7.2060139e-002
  7.1832258e-002 -7.1832258e-002
  7.1607714e-002 -7.1607714e-002
  7.1259116e-002 -7.1259116e-002
  7.0907352e-002 -7.0907352e-002
  7.0514948e-002 -7.0514948e-002
  7.0152178e-002 -7.0152178e-002
  6.9920225e-002 -6.9920225e-002
  6.9677711e-002 -6.9677711e-002
  6.9406392e-002 -6.9406392e-002
  6.9149653e-002 -6.9149653e-002
  6.8919783e-002 -6.8919783e-002
  6.8843653e-002 -6.8843653e-002
  6.8767524e-002 -6.8767524e-002
  6.8691394e-002 -6.8691394e-002
  6.8615264e-002 -6.8615264e-002
  6.8539135e-002 -6.8539135e-002
  6.8463005e-002 -6.8463005e-002
  6.8386875e-002 -6.8386875e-002
  6.8310746e-002 -6.8310746e-002
  6.8234616e-002 -6.8234616e-002
  6.8158486e-002 -6.8158486e-002
  6.8082357e-002 -6.8082357e-002
  6.8006227e-002 -6.8006227e-002
  6.7930097e-002 -6.7930097e-002
  6.7853968e-002 -6.7853968e-002
  6.7777838e-002 -6.7777838e-002
  6.7701708e-002 -6.7701708e-002
  6.7625579e-002 -6.7625579e-002
  6.7549449e-002 -6.7549449e-002
  6.7473319e-002 -6.7473319e-002
  6.7397190e-002 -6.7397190e-002
  6.7321060e-002 -6.7321060e-002
  6.7244930e-002 -6.7244930e-002
  6.7168801e-002 -6.7168801e-002
  6.7092671e-002 -6.7092671e-002
  6.7016541e-002 -6.7016541e-002
  6.6940411e-002 -6.6940411e-002
  6.6864282e-002 -6.6864282e-002
  6.6788152e-002 -6.6788152e-002
  6.6712022e-002 -6.6712022e-002
  6.6635893e-002 -6.6635893e-002
  6.6559763e-002 -6.6559763e-002
  6.6483633e-002 -6.6483633e-002
  6.6407504e-002 -6.6407504e-002
  6.6331374e-002 -6.6331374e-002
  6.6255244e-002 -6.6255244e-002
  6.6179115e-002 -6.6179115e-002
  6.6102985e-002 -6.6102985e-002
  6.6026855e-002 -6.6026855e-002
  6.5950726e-002 -6.5950726e-002
  6.5874596e-002 -6.5874596e-002
  6.5798466e-002 -6.5798466e-002
  6.5722337e-002 -6.5722337e-002
  6.5646207e-002 -6.5646207e-002
  6.5570077e-002 -6.5570077e-002
  6.5493948e-002 -6.5493948e-002
  6.5417818e-002 -6.5417818e-002
  6.5341688e-002 -6.5341688e-002
  6.5265559e-002 -6.5265559e-002
  6.5189429e-002 -6.5189429e-002
  6.5113299e-002 -6.5113299e-002
  6.5037170e-002 -6.5037170e-002
  6.4961040e-002 -6.4961040e-002
  6.4884910e-002 -6.4884910e-002
  6.4808781e-002 -6.4808781e-002
  6.4732651e-002 -6.4732651e-002
  6.4656521e-002 -6.4656521e-002
  6.4580392e-002 -6.4580392e-002
  6.4504262e-002 -6.4504262e-002
  6.4428132e-002 -6.4428132e-002
  6.4352003e-002 -6.4352003e-002
  6.4275873e-002 -6.4275873e-002
  6.4199743e-002 -6.4199743e-002
  6.4123614e-002 -6.4123614e-002
  6.4047484e-002 -6.4047484e-002
  6.3971354e-002 -6.3971354e-002
  6.3895225e-002 -6.3895225e-002
  6.3819095e-002 -6.3819095e-002
  6.3742965e-002 -6.3742965e-002
  6.3666836e-002 -6.3666836e-002
  6.3590706e-002 -6.3590706e-002
  6.3514576e-002 -6.3514576e-002
  6.3438447e-002 -6.3438447e-002
  6.3362317e-002 -6.3362317e-002
