 -0.0000000e+000  0.0000000e+000
 -0.0000000e+000  0.0000000e+000
 -0.0000000e+000  0.0000000e+000
 -0.0000000e+000  0.0000000e+000
 -0.0000000e+000  0.0000000e+000
 -0.0000000e+000  0.0000000e+000
 -0.0000000e+000  0.0000000e+000
 -0.0000000e+000  0.0000000e+000
 -0.0000000e+000  0.0000000e+000
 -0.0000000e+000  0.0000000e+000
 -0.0000000e+000  0.0000000e+000
 -0.0000000e+000  0.0000000e+000
 -0.0000000e+000  0.0000000e+000
 -0.0000000e+000  0.0000000e+000
 -0.0000000e+000  0.0000000e+000
 -0.0000000e+000  0.0000000e+000
 -0.0000000e+000  0.0000000e+000
 -0.0000000e+000  0.0000000e+000
 -0.0000000e+000  0.0000000e+000
 -0.0000000e+000  0.0000000e+000
 -0.0000000e+000  0.0000000e+000
 -0.0000000e+000  0.0000000e+000
 -0.0000000e+000  0.0000000e+000
 -0.0000000e+000  0.0000000e+000
 -0.0000000e+000  0.0000000e+000
 -0.0000000e+000  0.0000000e+000
 -0.0000000e+000  0.0000000e+000
 -0.0000000e+000  0.0000000e+000
 -0.0000000e+000  0.0000000e+000
 -0.0000000e+000  0.0000000e+000
 -0.0000000e+000  0.0000000e+000
 -0.0000000e+000  0.0000000e+000
 -0.0000000e+000  0.0000000e+000
 -0.0000000e+000  0.0000000e+000
 -0.0000000e+000  0.0000000e+000
 -0.0000000e+000  0.0000000e+000
 -0.0000000e+000  0.0000000e+000
 -0.0000000e+000  0.0000000e+000
 -0.0000000e+000  0.0000000e+000
 -0.0000000e+000  0.0000000e+000
 -0.0000000e+000  0.0000000e+000
 -0.0000000e+000  0.0000000e+000
 -0.0000000e+000  0.0000000e+000
 -0.0000000e+000  0.0000000e+000
 -0.0000000e+000  0.0000000e+000
 -0.0000000e+000  0.0000000e+000
 -0.0000000e+000  0.0000000e+000
 -0.0000000e+000  0.0000000e+000
 -0.0000000e+000  0.0000000e+000
 -0.0000000e+000  0.0000000e+000
 -0.0000000e+000  0.0000000e+000
 -0.0000000e+000  0.0000000e+000
 -0.0000000e+000  0.0000000e+000
 -0.0000000e+000  0.0000000e+000
 -0.0000000e+000  0.0000000e+000
 -0.0000000e+000  0.0000000e+000
 -0.0000000e+000  0.0000000e+000
 -0.0000000e+000  0.0000000e+000
 -0.0000000e+000  0.0000000e+000
 -0.0000000e+000  0.0000000e+000
 -0.0000000e+000  0.0000000e+000
 -0.0000000e+000  0.0000000e+000
 -0.0000000e+000  0.0000000e+000
 -0.0000000e+000  0.0000000e+000
 -0.0000000e+000  0.0000000e+000
 -0.0000000e+000  0.0000000e+000
 -0.0000000e+000  0.0000000e+000
 -0.0000000e+000  0.0000000e+000
 -0.0000000e+000  0.0000000e+000
 -0.0000000e+000  0.0000000e+000
 -0.0000000e+000  0.0000000e+000
 -0.0000000e+000  0.0000000e+000
 -0.0000000e+000  0.0000000e+000
 -0.0000000e+000  0.0000000e+000
 -0.0000000e+000  0.0000000e+000
 -0.0000000e+000  0.0000000e+000
 -0.0000000e+000  0.0000000e+000
 -0.0000000e+000  0.0000000e+000
 -0.0000000e+000  0.0000000e+000
 -0.0000000e+000  0.0000000e+000
 -0.0000000e+000  0.0000000e+000
 -0.0000000e+000  0.0000000e+000
 -0.0000000e+000  0.0000000e+000
 -0.0000000e+000  0.0000000e+000
 -0.0000000e+000  0.0000000e+000
 -0.0000000e+000  0.0000000e+000
 -0.0000000e+000  0.0000000e+000
 -0.0000000e+000  0.0000000e+000
 -0.0000000e+000  0.0000000e+000
 -0.0000000e+000  0.0000000e+000
 -0.0000000e+000  0.0000000e+000
 -0.0000000e+000  0.0000000e+000
 -5.9859679e-008  5.9859679e-008
 -6.1252916e-006  6.1252916e-006
 -1.3409504e-005  1.3409504e-005
 -3.2522868e-005  3.2522868e-005
 -4.7240139e-005  4.7240139e-005
 -4.1509365e-005  4.1509365e-005
 -3.5402251e-005  3.5402251e-005
 -2.8226717e-005  2.8226717e-005
 -2.4159678e-005  2.4159678e-005
 -2.6019814e-005  2.6019814e-005
 -6.1426573e-005  6.1426573e-005
 -1.4174665e-004  1.4174665e-004
 -1.8430401e-004  1.8430401e-004
 -1.9073927e-004  1.9073927e-004
 -1.9547673e-004  1.9547673e-004
 -1.9905681e-004  1.9905681e-004
 -2.5055438e-004  2.5055438e-004
 -3.2479041e-004  3.2479041e-004
 -3.6122748e-004  3.6122748e-004
 -3.8584032e-004  3.8584032e-004
 -4.1956486e-004  4.1956486e-004
 -4.5495749e-004  4.5495749e-004
 -4.8333371e-004  4.8333371e-004
 -5.1095691e-004  5.1095691e-004
 -5.2135653e-004  5.2135653e-004
 -5.3732811e-004  5.3732811e-004
 -6.0584447e-004  6.0584447e-004
 -6.7483220e-004  6.7483220e-004
 -7.4597584e-004  7.4597584e-004
 -8.1348879e-004  8.1348879e-004
 -8.7082503e-004  8.7082503e-004
 -9.2746827e-004  9.2746827e-004
 -9.8280446e-004  9.8280446e-004
 -1.0245892e-003  1.0245892e-003
 -1.0484127e-003  1.0484127e-003
 -1.1151738e-003  1.1151738e-003
 -1.2226033e-003  1.2226033e-003
 -1.2443585e-003  1.2443585e-003
 -1.2083060e-003  1.2083060e-003
 -1.2999222e-003  1.2999222e-003
 -1.4514392e-003  1.4514392e-003
 -1.4937038e-003  1.4937038e-003
 -1.5022553e-003  1.5022553e-003
 -1.4837707e-003  1.4837707e-003
 -1.4604296e-003  1.4604296e-003
 -1.6134097e-003  1.6134097e-003
 -1.7770803e-003  1.7770803e-003
 -1.7861081e-003  1.7861081e-003
 -1.7968553e-003  1.7968553e-003
 -1.8233663e-003  1.8233663e-003
 -1.8646362e-003  1.8646362e-003
 -1.9722930e-003  1.9722930e-003
 -2.0676747e-003  2.0676747e-003
 -2.1290836e-003  2.1290836e-003
 -2.1934202e-003  2.1934202e-003
 -2.2632191e-003  2.2632191e-003
 -2.3055976e-003  2.3055976e-003
 -2.3119964e-003  2.3119964e-003
 -2.3492900e-003  2.3492900e-003
 -2.4155579e-003  2.4155579e-003
 -2.4733880e-003  2.4733880e-003
 -2.5255829e-003  2.5255829e-003
 -2.5588813e-003  2.5588813e-003
 -2.5834139e-003  2.5834139e-003
 -2.6218217e-003  2.6218217e-003
 -2.6644527e-003  2.6644527e-003
 -2.7463275e-003  2.7463275e-003
 -2.8351171e-003  2.8351171e-003
 -2.8498491e-003  2.8498491e-003
 -2.8589369e-003  2.8589369e-003
 -2.8459366e-003  2.8459366e-003
 -2.8351789e-003  2.8351789e-003
 -2.8444246e-003  2.8444246e-003
 -2.8526345e-003  2.8526345e-003
 -2.8562612e-003  2.8562612e-003
 -2.8417207e-003  2.8417207e-003
 -2.7775310e-003  2.7775310e-003
 -2.7391170e-003  2.7391170e-003
 -2.7482732e-003  2.7482732e-003
 -2.7961936e-003  2.7961936e-003
 -2.8944700e-003  2.8944700e-003
 -2.9612133e-003  2.9612133e-003
 -2.9986744e-003  2.9986744e-003
 -2.9830587e-003  2.9830587e-003
 -2.9323589e-003  2.9323589e-003
 -3.0096856e-003  3.0096856e-003
 -3.1457272e-003  3.1457272e-003
 -3.1521299e-003  3.1521299e-003
 -3.1196170e-003  3.1196170e-003
 -3.1382657e-003  3.1382657e-003
 -3.1657551e-003  3.1657551e-003
 -3.1561081e-003  3.1561081e-003
 -3.1441980e-003  3.1441980e-003
 -3.1455841e-003  3.1455841e-003
 -3.1495395e-003  3.1495395e-003
 -3.1758036e-003  3.1758036e-003
 -3.1887865e-003  3.1887865e-003
 -3.1439583e-003  3.1439583e-003
 -3.1214435e-003  3.1214435e-003
 -3.1591495e-003  3.1591495e-003
 -3.1586300e-003  3.1586300e-003
 -3.0883220e-003  3.0883220e-003
 -3.0837589e-003  3.0837589e-003
 -3.1637481e-003  3.1637481e-003
 -3.1737968e-003  3.1737968e-003
 -3.1195360e-003  3.1195360e-003
 -3.0576795e-003  3.0576795e-003
 -2.9908537e-003  2.9908537e-003
 -2.9949426e-003  2.9949426e-003
 -3.0311831e-003  3.0311831e-003
 -3.0104101e-003  3.0104101e-003
 -2.9727596e-003  2.9727596e-003
 -2.8920137e-003  2.8920137e-003
 -2.8039667e-003  2.8039667e-003
 -2.7353917e-003  2.7353917e-003
 -2.6687989e-003  2.6687989e-003
 -2.6334587e-003  2.6334587e-003
 -2.5968191e-003  2.5968191e-003
 -2.5491911e-003  2.5491911e-003
 -2.5073155e-003  2.5073155e-003
 -2.4900780e-003  2.4900780e-003
 -2.4431202e-003  2.4431202e-003
 -2.3169461e-003  2.3169461e-003
 -2.1820212e-003  2.1820212e-003
 -2.0312908e-003  2.0312908e-003
 -1.9235947e-003  1.9235947e-003
 -1.8706916e-003  1.8706916e-003
 -1.8380802e-003  1.8380802e-003
 -1.8239434e-003  1.8239434e-003
 -1.7028513e-003  1.7028513e-003
 -1.5125049e-003  1.5125049e-003
 -1.3136326e-003  1.3136326e-003
 -1.1109392e-003  1.1109392e-003
 -9.6396780e-004  9.6396780e-004
 -8.3326153e-004  8.3326153e-004
 -6.1172075e-004  6.1172075e-004
 -3.7509670e-004  3.7509670e-004
 -1.6114603e-004  1.6114603e-004
  4.9553863e-005 -4.9553863e-005
  1.8780971e-004 -1.8780971e-004
  3.2387658e-004 -3.2387658e-004
  4.4190375e-004 -4.4190375e-004
  5.6722847e-004 -5.6722847e-004
  7.2331324e-004 -7.2331324e-004
  8.8894777e-004 -8.8894777e-004
  1.0797225e-003 -1.0797225e-003
  1.2811668e-003 -1.2811668e-003
  1.5016759e-003 -1.5016759e-003
  1.6783975e-003 -1.6783975e-003
  1.7999220e-003 -1.7999220e-003
  1.9847393e-003 -1.9847393e-003
  2.2266135e-003 -2.2266135e-003
  2.5113779e-003 -2.5113779e-003
  2.8236277e-003 -2.8236277e-003
  2.9827177e-003 -2.9827177e-003
  3.0739526e-003 -3.0739526e-003
  3.2584105e-003 -3.2584105e-003
  3.4696972e-003 -3.4696972e-003
  3.6073054e-003 -3.6073054e-003
  3.7329257e-003 -3.7329257e-003
  3.9698096e-003 -3.9698096e-003
  4.2151155e-003 -4.2151155e-003
  4.5239319e-003 -4.5239319e-003
  4.8246778e-003 -4.8246778e-003
  5.0605765e-003 -5.0605765e-003
  5.3139306e-003 -5.3139306e-003
  5.6397046e-003 -5.6397046e-003
  5.9613102e-003 -5.9613102e-003
  6.2720769e-003 -6.2720769e-003
  6.5228560e-003 -6.5228560e-003
  6.6675877e-003 -6.6675877e-003
  6.8766693e-003 -6.8766693e-003
  7.1660616e-003 -7.1660616e-003
  7.4088739e-003 -7.4088739e-003
  7.6101090e-003 -7.6101090e-003
  7.8351587e-003 -7.8351587e-003
  8.0753121e-003 -8.0753121e-003
  8.3411268e-003 -8.3411268e-003
  8.6181792e-003 -8.6181792e-003
  8.8688009e-003 -8.8688009e-003
  9.1119239e-003 -9.1119239e-003
  9.3201363e-003 -9.3201363e-003
  9.5227846e-003 -9.5227846e-003
  9.7940540e-003 -9.7940540e-003
  1.0068107e-002 -1.0068107e-002
  1.0305201e-002 -1.0305201e-002
  1.0545242e-002 -1.0545242e-002
  1.0808390e-002 -1.0808390e-002
  1.1063154e-002 -1.1063154e-002
  1.1283677e-002 -1.1283677e-002
  1.1517287e-002 -1.1517287e-002
  1.1784512e-002 -1.1784512e-002
  1.2048689e-002 -1.2048689e-002
  1.2307536e-002 -1.2307536e-002
  1.2546213e-002 -1.2546213e-002
  1.2759969e-002 -1.2759969e-002
  1.2930743e-002 -1.2930743e-002
  1.3063527e-002 -1.3063527e-002
  1.3296721e-002 -1.3296721e-002
  1.3592938e-002 -1.3592938e-002
  1.3883122e-002 -1.3883122e-002
  1.4170695e-002 -1.4170695e-002
  1.4476201e-002 -1.4476201e-002
  1.4786722e-002 -1.4786722e-002
  1.5052752e-002 -1.5052752e-002
  1.5311838e-002 -1.5311838e-002
  1.5630890e-002 -1.5630890e-002
  1.5950970e-002 -1.5950970e-002
  1.6203875e-002 -1.6203875e-002
  1.6454455e-002 -1.6454455e-002
  1.6687243e-002 -1.6687243e-002
  1.6889967e-002 -1.6889967e-002
  1.7148545e-002 -1.7148545e-002
  1.7410706e-002 -1.7410706e-002
  1.7681963e-002 -1.7681963e-002
  1.7920465e-002 -1.7920465e-002
  1.8102284e-002 -1.8102284e-002
  1.8319349e-002 -1.8319349e-002
  1.8579534e-002 -1.8579534e-002
  1.8770281e-002 -1.8770281e-002
  1.9051763e-002 -1.9051763e-002
  1.9287985e-002 -1.9287985e-002
  1.9496093e-002 -1.9496093e-002
  1.9699705e-002 -1.9699705e-002
  1.9901394e-002 -1.9901394e-002
  2.0169472e-002 -2.0169472e-002
  2.0455849e-002 -2.0455849e-002
  2.0661607e-002 -2.0661607e-002
  2.0867672e-002 -2.0867672e-002
  2.1106126e-002 -2.1106126e-002
  2.1343890e-002 -2.1343890e-002
  2.1515727e-002 -2.1515727e-002
  2.1689064e-002 -2.1689064e-002
  2.1873603e-002 -2.1873603e-002
  2.2061502e-002 -2.2061502e-002
  2.2262709e-002 -2.2262709e-002
  2.2451843e-002 -2.2451843e-002
  2.2642364e-002 -2.2642364e-002
  2.2825785e-002 -2.2825785e-002
  2.2997049e-002 -2.2997049e-002
  2.3154924e-002 -2.3154924e-002
  2.3296581e-002 -2.3296581e-002
  2.3447168e-002 -2.3447168e-002
  2.3605492e-002 -2.3605492e-002
  2.3798467e-002 -2.3798467e-002
  2.4020502e-002 -2.4020502e-002
  2.4249006e-002 -2.4249006e-002
  2.4480246e-002 -2.4480246e-002
  2.4732003e-002 -2.4732003e-002
  2.4989332e-002 -2.4989332e-002
  2.5159605e-002 -2.5159605e-002
  2.5316861e-002 -2.5316861e-002
  2.5455958e-002 -2.5455958e-002
  2.5598794e-002 -2.5598794e-002
  2.5862005e-002 -2.5862005e-002
  2.6121302e-002 -2.6121302e-002
  2.6352049e-002 -2.6352049e-002
  2.6590567e-002 -2.6590567e-002
  2.6859394e-002 -2.6859394e-002
  2.7129325e-002 -2.7129325e-002
  2.7401991e-002 -2.7401991e-002
  2.7660853e-002 -2.7660853e-002
  2.7896325e-002 -2.7896325e-002
  2.8107432e-002 -2.8107432e-002
  2.8289320e-002 -2.8289320e-002
  2.8500636e-002 -2.8500636e-002
  2.8737201e-002 -2.8737201e-002
  2.8952820e-002 -2.8952820e-002
  2.9155699e-002 -2.9155699e-002
  2.9339791e-002 -2.9339791e-002
  2.9516035e-002 -2.9516035e-002
  2.9735044e-002 -2.9735044e-002
  2.9965500e-002 -2.9965500e-002
  3.0217837e-002 -3.0217837e-002
  3.0473376e-002 -3.0473376e-002
  3.0707549e-002 -3.0707549e-002
  3.0915438e-002 -3.0915438e-002
  3.1122126e-002 -3.1122126e-002
  3.1324236e-002 -3.1324236e-002
  3.1493704e-002 -3.1493704e-002
  3.1693060e-002 -3.1693060e-002
  3.2007228e-002 -3.2007228e-002
  3.2269566e-002 -3.2269566e-002
  3.2405064e-002 -3.2405064e-002
  3.2609043e-002 -3.2609043e-002
  3.2906659e-002 -3.2906659e-002
  3.3097897e-002 -3.3097897e-002
  3.3162824e-002 -3.3162824e-002
  3.3325755e-002 -3.3325755e-002
  3.3571933e-002 -3.3571933e-002
  3.3832960e-002 -3.3832960e-002
  3.4102925e-002 -3.4102925e-002
  3.4299595e-002 -3.4299595e-002
  3.4471216e-002 -3.4471216e-002
  3.4685951e-002 -3.4685951e-002
  3.4912054e-002 -3.4912054e-002
  3.5083863e-002 -3.5083863e-002
  3.5247907e-002 -3.5247907e-002
  3.5439982e-002 -3.5439982e-002
  3.5633624e-002 -3.5633624e-002
  3.5835297e-002 -3.5835297e-002
  3.6039231e-002 -3.6039231e-002
  3.6258915e-002 -3.6258915e-002
  3.6468482e-002 -3.6468482e-002
  3.6639758e-002 -3.6639758e-002
  3.6843368e-002 -3.6843368e-002
  3.7125167e-002 -3.7125167e-002
  3.7377110e-002 -3.7377110e-002
  3.7579527e-002 -3.7579527e-002
  3.7794666e-002 -3.7794666e-002
  3.8024760e-002 -3.8024760e-002
  3.8242448e-002 -3.8242448e-002
  3.8449703e-002 -3.8449703e-002
  3.8638394e-002 -3.8638394e-002
  3.8816030e-002 -3.8816030e-002
  3.8958187e-002 -3.8958187e-002
  3.9073247e-002 -3.9073247e-002
  3.9296962e-002 -3.9296962e-002
  3.9548903e-002 -3.9548903e-002
  3.9710632e-002 -3.9710632e-002
  3.9859748e-002 -3.9859748e-002
  4.0109137e-002 -4.0109137e-002
  4.0358020e-002 -4.0358020e-002
  4.0508163e-002 -4.0508163e-002
  4.0668500e-002 -4.0668500e-002
  4.0898317e-002 -4.0898317e-002
  4.1121646e-002 -4.1121646e-002
  4.1320784e-002 -4.1320784e-002
  4.1545498e-002 -4.1545498e-002
  4.1831327e-002 -4.1831327e-002
  4.2089212e-002 -4.2089212e-002
  4.2301225e-002 -4.2301225e-002
  4.2526155e-002 -4.2526155e-002
  4.2766119e-002 -4.2766119e-002
  4.3010184e-002 -4.3010184e-002
  4.3257662e-002 -4.3257662e-002
  4.3478085e-002 -4.3478085e-002
  4.3682562e-002 -4.3682562e-002
  4.3914359e-002 -4.3914359e-002
  4.4157168e-002 -4.4157168e-002
  4.4347333e-002 -4.4347333e-002
  4.4524028e-002 -4.4524028e-002
  4.4720655e-002 -4.4720655e-002
  4.4920006e-002 -4.4920006e-002
  4.5172907e-002 -4.5172907e-002
  4.5422711e-002 -4.5422711e-002
  4.5568133e-002 -4.5568133e-002
  4.5720305e-002 -4.5720305e-002
  4.5904864e-002 -4.5904864e-002
  4.6087222e-002 -4.6087222e-002
  4.6261489e-002 -4.6261489e-002
  4.6438168e-002 -4.6438168e-002
  4.6620538e-002 -4.6620538e-002
  4.6800770e-002 -4.6800770e-002
  4.6977527e-002 -4.6977527e-002
  4.7135388e-002 -4.7135388e-002
  4.7271470e-002 -4.7271470e-002
  4.7437156e-002 -4.7437156e-002
  4.7627248e-002 -4.7627248e-002
  4.7840211e-002 -4.7840211e-002
  4.8066511e-002 -4.8066511e-002
  4.8307490e-002 -4.8307490e-002
  4.8554316e-002 -4.8554316e-002
  4.8741050e-002 -4.8741050e-002
  4.8912643e-002 -4.8912643e-002
  4.9045077e-002 -4.9045077e-002
  4.9172284e-002 -4.9172284e-002
  4.9317018e-002 -4.9317018e-002
  4.9465387e-002 -4.9465387e-002
  4.9671842e-002 -4.9671842e-002
  4.9868097e-002 -4.9868097e-002
  4.9997794e-002 -4.9997794e-002
  5.0127402e-002 -5.0127402e-002
  5.0256691e-002 -5.0256691e-002
  5.0377791e-002 -5.0377791e-002
  5.0479784e-002 -5.0479784e-002
  5.0619879e-002 -5.0619879e-002
  5.0821228e-002 -5.0821228e-002
  5.1030772e-002 -5.1030772e-002
  5.1249667e-002 -5.1249667e-002
  5.1441418e-002 -5.1441418e-002
  5.1611013e-002 -5.1611013e-002
  5.1792762e-002 -5.1792762e-002
  5.1981524e-002 -5.1981524e-002
  5.2146131e-002 -5.2146131e-002
  5.2301235e-002 -5.2301235e-002
  5.2482156e-002 -5.2482156e-002
  5.2669482e-002 -5.2669482e-002
  5.2788184e-002 -5.2788184e-002
  5.2899591e-002 -5.2899591e-002
  5.3057750e-002 -5.3057750e-002
  5.3218521e-002 -5.3218521e-002
  5.3399029e-002 -5.3399029e-002
  5.3570775e-002 -5.3570775e-002
  5.3686553e-002 -5.3686553e-002
  5.3812914e-002 -5.3812914e-002
  5.3977041e-002 -5.3977041e-002
  5.4127412e-002 -5.4127412e-002
  5.4246053e-002 -5.4246053e-002
  5.4392117e-002 -5.4392117e-002
  5.4581809e-002 -5.4581809e-002
  5.4758924e-002 -5.4758924e-002
  5.4921830e-002 -5.4921830e-002
  5.5099972e-002 -5.5099972e-002
  5.5290428e-002 -5.5290428e-002
  5.5433050e-002 -5.5433050e-002
  5.5548365e-002 -5.5548365e-002
  5.5713349e-002 -5.5713349e-002
  5.5897637e-002 -5.5897637e-002
  5.6110330e-002 -5.6110330e-002
  5.6329964e-002 -5.6329964e-002
  5.6508842e-002 -5.6508842e-002
  5.6682538e-002 -5.6682538e-002
  5.6848560e-002 -5.6848560e-002
  5.7010768e-002 -5.7010768e-002
  5.7110559e-002 -5.7110559e-002
  5.7218543e-002 -5.7218543e-002
  5.7377785e-002 -5.7377785e-002
  5.7524141e-002 -5.7524141e-002
  5.7625166e-002 -5.7625166e-002
  5.7754923e-002 -5.7754923e-002
  5.7950183e-002 -5.7950183e-002
  5.8115598e-002 -5.8115598e-002
  5.8234023e-002 -5.8234023e-002
  5.8370181e-002 -5.8370181e-002
  5.8526178e-002 -5.8526178e-002
  5.8714140e-002 -5.8714140e-002
  5.8927679e-002 -5.8927679e-002
  5.9088530e-002 -5.9088530e-002
  5.9219623e-002 -5.9219623e-002
  5.9382083e-002 -5.9382083e-002
  5.9556585e-002 -5.9556585e-002
  5.9739328e-002 -5.9739328e-002
  5.9924053e-002 -5.9924053e-002
  6.0052840e-002 -6.0052840e-002
  6.0174691e-002 -6.0174691e-002
  6.0376180e-002 -6.0376180e-002
  6.0579573e-002 -6.0579573e-002
  6.0772399e-002 -6.0772399e-002
  6.0965127e-002 -6.0965127e-002
  6.1157259e-002 -6.1157259e-002
  6.1345647e-002 -6.1345647e-002
  6.1521053e-002 -6.1521053e-002
  6.1695298e-002 -6.1695298e-002
  6.1879550e-002 -6.1879550e-002
  6.2044019e-002 -6.2044019e-002
  6.2177661e-002 -6.2177661e-002
  6.2307212e-002 -6.2307212e-002
  6.2432233e-002 -6.2432233e-002
  6.2592557e-002 -6.2592557e-002
  6.2780847e-002 -6.2780847e-002
  6.2959766e-002 -6.2959766e-002
  6.3120824e-002 -6.3120824e-002
  6.3276498e-002 -6.3276498e-002
  6.3430132e-002 -6.3430132e-002
  6.3570794e-002 -6.3570794e-002
  6.3708387e-002 -6.3708387e-002
  6.3952395e-002 -6.3952395e-002
  6.4209268e-002 -6.4209268e-002
  6.4368734e-002 -6.4368734e-002
  6.4524337e-002 -6.4524337e-002
  6.4657151e-002 -6.4657151e-002
  6.4787570e-002 -6.4787570e-002
  6.4903613e-002 -6.4903613e-002
  6.5026075e-002 -6.5026075e-002
  6.5170484e-002 -6.5170484e-002
  6.5323830e-002 -6.5323830e-002
  6.5497082e-002 -6.5497082e-002
  6.5667350e-002 -6.5667350e-002
  6.5833018e-002 -6.5833018e-002
  6.5997421e-002 -6.5997421e-002
  6.6160438e-002 -6.6160438e-002
  6.6340205e-002 -6.6340205e-002
  6.6533108e-002 -6.6533108e-002
  6.6682919e-002 -6.6682919e-002
  6.6808908e-002 -6.6808908e-002
  6.6933570e-002 -6.6933570e-002
  6.7057735e-002 -6.7057735e-002
  6.7239194e-002 -6.7239194e-002
  6.7433999e-002 -6.7433999e-002
  6.7567713e-002 -6.7567713e-002
  6.7694229e-002 -6.7694229e-002
  6.7801274e-002 -6.7801274e-002
  6.7909752e-002 -6.7909752e-002
  6.8046645e-002 -6.8046645e-002
  6.8184086e-002 -6.8184086e-002
  6.8324750e-002 -6.8324750e-002
  6.8471582e-002 -6.8471582e-002
  6.8639210e-002 -6.8639210e-002
  6.8790841e-002 -6.8790841e-002
  6.8907245e-002 -6.8907245e-002
  6.9048710e-002 -6.9048710e-002
  6.9228423e-002 -6.9228423e-002
  6.9405510e-002 -6.9405510e-002
  6.9579747e-002 -6.9579747e-002
  6.9722195e-002 -6.9722195e-002
  6.9839960e-002 -6.9839960e-002
  6.9945665e-002 -6.9945665e-002
  7.0044773e-002 -7.0044773e-002
  7.0135212e-002 -7.0135212e-002
  7.0222444e-002 -7.0222444e-002
  7.0349491e-002 -7.0349491e-002
  7.0485664e-002 -7.0485664e-002
  7.0640323e-002 -7.0640323e-002
  7.0797103e-002 -7.0797103e-002
  7.0972181e-002 -7.0972181e-002
  7.1143539e-002 -7.1143539e-002
  7.1255334e-002 -7.1255334e-002
  7.1357546e-002 -7.1357546e-002
  7.1477314e-002 -7.1477314e-002
  7.1594078e-002 -7.1594078e-002
  7.1700859e-002 -7.1700859e-002
  7.1822136e-002 -7.1822136e-002
  7.1974973e-002 -7.1974973e-002
  7.2118814e-002 -7.2118814e-002
  7.2249065e-002 -7.2249065e-002
  7.2352754e-002 -7.2352754e-002
  7.2414303e-002 -7.2414303e-002
  7.2510598e-002 -7.2510598e-002
  7.2633603e-002 -7.2633603e-002
  7.2757063e-002 -7.2757063e-002
  7.2880769e-002 -7.2880769e-002
  7.3036116e-002 -7.3036116e-002
  7.3203019e-002 -7.3203019e-002
  7.3342189e-002 -7.3342189e-002
  7.3477952e-002 -7.3477952e-002
  7.3589478e-002 -7.3589478e-002
  7.3698297e-002 -7.3698297e-002
  7.3836023e-002 -7.3836023e-002
  7.3972854e-002 -7.3972854e-002
  7.4090184e-002 -7.4090184e-002
  7.4210855e-002 -7.4210855e-002
  7.4363051e-002 -7.4363051e-002
  7.4502900e-002 -7.4502900e-002
  7.4602265e-002 -7.4602265e-002
  7.4716258e-002 -7.4716258e-002
  7.4861736e-002 -7.4861736e-002
  7.4982053e-002 -7.4982053e-002
  7.5064750e-002 -7.5064750e-002
  7.5132461e-002 -7.5132461e-002
  7.5171588e-002 -7.5171588e-002
  7.5253487e-002 -7.5253487e-002
  7.5367936e-002 -7.5367936e-002
  7.5487325e-002 -7.5487325e-002
  7.5609356e-002 -7.5609356e-002
  7.5689375e-002 -7.5689375e-002
  7.5754240e-002 -7.5754240e-002
  7.5851066e-002 -7.5851066e-002
  7.5954980e-002 -7.5954980e-002
  7.6073838e-002 -7.6073838e-002
  7.6194320e-002 -7.6194320e-002
  7.6347554e-002 -7.6347554e-002
  7.6497603e-002 -7.6497603e-002
  7.6598259e-002 -7.6598259e-002
  7.6695216e-002 -7.6695216e-002
  7.6771638e-002 -7.6771638e-002
  7.6860890e-002 -7.6860890e-002
  7.6991641e-002 -7.6991641e-002
  7.7113699e-002 -7.7113699e-002
  7.7217257e-002 -7.7217257e-002
  7.7327933e-002 -7.7327933e-002
  7.7449143e-002 -7.7449143e-002
  7.7534853e-002 -7.7534853e-002
  7.7583133e-002 -7.7583133e-002
  7.7629385e-002 -7.7629385e-002
  7.7674108e-002 -7.7674108e-002
  7.7761799e-002 -7.7761799e-002
  7.7872235e-002 -7.7872235e-002
  7.7956083e-002 -7.7956083e-002
  7.8030462e-002 -7.8030462e-002
  7.8110093e-002 -7.8110093e-002
  7.8190869e-002 -7.8190869e-002
  7.8237510e-002 -7.8237510e-002
  7.8280546e-002 -7.8280546e-002
  7.8364001e-002 -7.8364001e-002
  7.8443373e-002 -7.8443373e-002
  7.8463396e-002 -7.8463396e-002
  7.8486843e-002 -7.8486843e-002
  7.8528942e-002 -7.8528942e-002
  7.8581080e-002 -7.8581080e-002
  7.8652627e-002 -7.8652627e-002
  7.8730040e-002 -7.8730040e-002
  7.8819795e-002 -7.8819795e-002
  7.8902062e-002 -7.8902062e-002
  7.8973358e-002 -7.8973358e-002
  7.9032571e-002 -7.9032571e-002
  7.9079168e-002 -7.9079168e-002
  7.9148944e-002 -7.9148944e-002
  7.9248634e-002 -7.9248634e-002
  7.9300824e-002 -7.9300824e-002
  7.9328140e-002 -7.9328140e-002
  7.9358838e-002 -7.9358838e-002
  7.9390727e-002 -7.9390727e-002
  7.9429218e-002 -7.9429218e-002
  7.9469126e-002 -7.9469126e-002
  7.9561192e-002 -7.9561192e-002
  7.9645989e-002 -7.9645989e-002
  7.9709516e-002 -7.9709516e-002
  7.9776186e-002 -7.9776186e-002
  7.9884595e-002 -7.9884595e-002
  7.9981958e-002 -7.9981958e-002
  8.0020198e-002 -8.0020198e-002
  8.0053283e-002 -8.0053283e-002
  8.0070099e-002 -8.0070099e-002
  8.0102610e-002 -8.0102610e-002
  8.0167741e-002 -8.0167741e-002
  8.0233362e-002 -8.0233362e-002
  8.0299670e-002 -8.0299670e-002
  8.0341761e-002 -8.0341761e-002
  8.0358799e-002 -8.0358799e-002
  8.0385764e-002 -8.0385764e-002
  8.0420067e-002 -8.0420067e-002
  8.0461250e-002 -8.0461250e-002
  8.0505987e-002 -8.0505987e-002
  8.0574874e-002 -8.0574874e-002
  8.0652131e-002 -8.0652131e-002
  8.0699371e-002 -8.0699371e-002
  8.0740268e-002 -8.0740268e-002
  8.0772404e-002 -8.0772404e-002
  8.0803655e-002 -8.0803655e-002
  8.0839434e-002 -8.0839434e-002
  8.0878451e-002 -8.0878451e-002
  8.0956294e-002 -8.0956294e-002
  8.1027672e-002 -8.1027672e-002
  8.1065172e-002 -8.1065172e-002
  8.1107138e-002 -8.1107138e-002
  8.1163015e-002 -8.1163015e-002
  8.1220163e-002 -8.1220163e-002
  8.1279956e-002 -8.1279956e-002
  8.1346965e-002 -8.1346965e-002
  8.1424346e-002 -8.1424346e-002
  8.1498481e-002 -8.1498481e-002
  8.1569283e-002 -8.1569283e-002
  8.1648228e-002 -8.1648228e-002
  8.1733141e-002 -8.1733141e-002
  8.1754692e-002 -8.1754692e-002
  8.1731169e-002 -8.1731169e-002
  8.1765729e-002 -8.1765729e-002
  8.1820190e-002 -8.1820190e-002
  8.1876031e-002 -8.1876031e-002
  8.1932157e-002 -8.1932157e-002
  8.1946846e-002 -8.1946846e-002
  8.1957530e-002 -8.1957530e-002
  8.2002694e-002 -8.2002694e-002
  8.2049005e-002 -8.2049005e-002
  8.2106850e-002 -8.2106850e-002
  8.2165479e-002 -8.2165479e-002
  8.2228157e-002 -8.2228157e-002
  8.2278028e-002 -8.2278028e-002
  8.2288650e-002 -8.2288650e-002
  8.2300598e-002 -8.2300598e-002
  8.2315246e-002 -8.2315246e-002
  8.2342591e-002 -8.2342591e-002
  8.2387975e-002 -8.2387975e-002
  8.2406999e-002 -8.2406999e-002
  8.2399308e-002 -8.2399308e-002
  8.2419072e-002 -8.2419072e-002
  8.2458703e-002 -8.2458703e-002
  8.2474277e-002 -8.2474277e-002
  8.2477663e-002 -8.2477663e-002
  8.2501869e-002 -8.2501869e-002
  8.2537375e-002 -8.2537375e-002
  8.2526344e-002 -8.2526344e-002
  8.2505824e-002 -8.2505824e-002
  8.2489477e-002 -8.2489477e-002
  8.2473510e-002 -8.2473510e-002
  8.2430609e-002 -8.2430609e-002
  8.2387861e-002 -8.2387861e-002
  8.2347607e-002 -8.2347607e-002
  8.2314474e-002 -8.2314474e-002
  8.2317342e-002 -8.2317342e-002
  8.2306636e-002 -8.2306636e-002
  8.2254908e-002 -8.2254908e-002
  8.2233238e-002 -8.2233238e-002
  8.2272013e-002 -8.2272013e-002
  8.2277011e-002 -8.2277011e-002
  8.2234522e-002 -8.2234522e-002
  8.2191656e-002 -8.2191656e-002
  8.2148403e-002 -8.2148403e-002
  8.2077990e-002 -8.2077990e-002
  8.1988129e-002 -8.1988129e-002
  8.1904130e-002 -8.1904130e-002
  8.1823063e-002 -8.1823063e-002
  8.1749198e-002 -8.1749198e-002
  8.1677740e-002 -8.1677740e-002
  8.1621562e-002 -8.1621562e-002
  8.1568438e-002 -8.1568438e-002
  8.1542853e-002 -8.1542853e-002
  8.1519781e-002 -8.1519781e-002
  8.1534062e-002 -8.1534062e-002
  8.1552517e-002 -8.1552517e-002
  8.1616542e-002 -8.1616542e-002
  8.1648118e-002 -8.1648118e-002
  8.1643909e-002 -8.1643909e-002
  8.1625026e-002 -8.1625026e-002
  8.1562339e-002 -8.1562339e-002
  8.1531859e-002 -8.1531859e-002
  8.1565425e-002 -8.1565425e-002
  8.1579045e-002 -8.1579045e-002
  8.1564874e-002 -8.1564874e-002
  8.1567777e-002 -8.1567777e-002
  8.1575096e-002 -8.1575096e-002
  8.1555972e-002 -8.1555972e-002
  8.1518099e-002 -8.1518099e-002
  8.1432404e-002 -8.1432404e-002
  8.1323011e-002 -8.1323011e-002
  8.1297307e-002 -8.1297307e-002
  8.1299173e-002 -8.1299173e-002
  8.1233250e-002 -8.1233250e-002
  8.1158966e-002 -8.1158966e-002
  8.1162902e-002 -8.1162902e-002
  8.1173354e-002 -8.1173354e-002
  8.1059168e-002 -8.1059168e-002
  8.0953837e-002 -8.0953837e-002
  8.0942195e-002 -8.0942195e-002
  8.0936292e-002 -8.0936292e-002
  8.0958429e-002 -8.0958429e-002
  8.0959442e-002 -8.0959442e-002
  8.0898234e-002 -8.0898234e-002
  8.0861749e-002 -8.0861749e-002
  8.0873911e-002 -8.0873911e-002
  8.0886446e-002 -8.0886446e-002
  8.0899497e-002 -8.0899497e-002
  8.0877475e-002 -8.0877475e-002
  8.0820944e-002 -8.0820944e-002
  8.0744337e-002 -8.0744337e-002
  8.0653641e-002 -8.0653641e-002
  8.0641419e-002 -8.0641419e-002
  8.0667653e-002 -8.0667653e-002
  8.0674044e-002 -8.0674044e-002
  8.0673983e-002 -8.0673983e-002
  8.0640074e-002 -8.0640074e-002
  8.0574380e-002 -8.0574380e-002
  8.0538709e-002 -8.0538709e-002
  8.0505604e-002 -8.0505604e-002
  8.0475768e-002 -8.0475768e-002
  8.0445108e-002 -8.0445108e-002
  8.0405992e-002 -8.0405992e-002
  8.0370987e-002 -8.0370987e-002
  8.0355723e-002 -8.0355723e-002
  8.0296682e-002 -8.0296682e-002
  8.0110347e-002 -8.0110347e-002
  7.9964947e-002 -7.9964947e-002
  7.9899210e-002 -7.9899210e-002
  7.9822294e-002 -7.9822294e-002
  7.9730130e-002 -7.9730130e-002
  7.9703483e-002 -7.9703483e-002
  7.9740668e-002 -7.9740668e-002
  7.9700721e-002 -7.9700721e-002
  7.9615944e-002 -7.9615944e-002
  7.9447879e-002 -7.9447879e-002
  7.9239442e-002 -7.9239442e-002
  7.9061064e-002 -7.9061064e-002
  7.8892316e-002 -7.8892316e-002
  7.8832627e-002 -7.8832627e-002
  7.8793596e-002 -7.8793596e-002
  7.8630858e-002 -7.8630858e-002
  7.8460222e-002 -7.8460222e-002
  7.8444657e-002 -7.8444657e-002
  7.8416260e-002 -7.8416260e-002
  7.8260131e-002 -7.8260131e-002
  7.8136951e-002 -7.8136951e-002
  7.8169292e-002 -7.8169292e-002
  7.8171052e-002 -7.8171052e-002
  7.8072403e-002 -7.8072403e-002
  7.8013920e-002 -7.8013920e-002
  7.8032717e-002 -7.8032717e-002
  7.7964919e-002 -7.7964919e-002
  7.7780162e-002 -7.7780162e-002
  7.7651908e-002 -7.7651908e-002
  7.7578183e-002 -7.7578183e-002
  7.7449836e-002 -7.7449836e-002
  7.7271313e-002 -7.7271313e-002
  7.7118103e-002 -7.7118103e-002
  7.6977022e-002 -7.6977022e-002
  7.6841218e-002 -7.6841218e-002
  7.6707084e-002 -7.6707084e-002
  7.6507457e-002 -7.6507457e-002
  7.6295646e-002 -7.6295646e-002
  7.6138778e-002 -7.6138778e-002
  7.5961679e-002 -7.5961679e-002
  7.5849674e-002 -7.5849674e-002
  7.5737976e-002 -7.5737976e-002
  7.5629237e-002 -7.5629237e-002
  7.5514549e-002 -7.5514549e-002
  7.5372258e-002 -7.5372258e-002
  7.5236530e-002 -7.5236530e-002
  7.5119404e-002 -7.5119404e-002
  7.5003805e-002 -7.5003805e-002
  7.4891115e-002 -7.4891115e-002
  7.4752136e-002 -7.4752136e-002
  7.4578013e-002 -7.4578013e-002
  7.4389717e-002 -7.4389717e-002
  7.4187884e-002 -7.4187884e-002
  7.4057834e-002 -7.4057834e-002
  7.3976647e-002 -7.3976647e-002
  7.3844671e-002 -7.3844671e-002
  7.3700594e-002 -7.3700594e-002
  7.3526717e-002 -7.3526717e-002
  7.3343535e-002 -7.3343535e-002
  7.3114444e-002 -7.3114444e-002
  7.2876970e-002 -7.2876970e-002
  7.2700000e-002 -7.2700000e-002
  7.2529356e-002 -7.2529356e-002
  7.2479331e-002 -7.2479331e-002
  7.2420755e-002 -7.2420755e-002
  7.2281758e-002 -7.2281758e-002
  7.2158850e-002 -7.2158850e-002
  7.2109316e-002 -7.2109316e-002
  7.2037291e-002 -7.2037291e-002
  7.1902368e-002 -7.1902368e-002
  7.1770214e-002 -7.1770214e-002
  7.1630628e-002 -7.1630628e-002
  7.1509203e-002 -7.1509203e-002
  7.1411814e-002 -7.1411814e-002
  7.1304220e-002 -7.1304220e-002
  7.1186974e-002 -7.1186974e-002
  7.1110258e-002 -7.1110258e-002
  7.1060850e-002 -7.1060850e-002
  7.0996460e-002 -7.0996460e-002
  7.0899801e-002 -7.0899801e-002
  7.0798828e-002 -7.0798828e-002
  7.0696526e-002 -7.0696526e-002
  7.0447969e-002 -7.0447969e-002
  7.0173212e-002 -7.0173212e-002
  6.9967634e-002 -6.9967634e-002
  6.9767637e-002 -6.9767637e-002
  6.9600281e-002 -6.9600281e-002
  6.9438651e-002 -6.9438651e-002
  6.9329307e-002 -6.9329307e-002
  6.9178724e-002 -6.9178724e-002
  6.8843070e-002 -6.8843070e-002
  6.8525310e-002 -6.8525310e-002
  6.8256983e-002 -6.8256983e-002
  6.8005971e-002 -6.8005971e-002
  6.7787215e-002 -6.7787215e-002
  6.7573758e-002 -6.7573758e-002
  6.7383769e-002 -6.7383769e-002
  6.7208362e-002 -6.7208362e-002
  6.7046593e-002 -6.7046593e-002
  6.6918349e-002 -6.6918349e-002
  6.6812474e-002 -6.6812474e-002
  6.6732870e-002 -6.6732870e-002
  6.6665447e-002 -6.6665447e-002
  6.6518997e-002 -6.6518997e-002
  6.6352377e-002 -6.6352377e-002
  6.6345558e-002 -6.6345558e-002
  6.6366819e-002 -6.6366819e-002
  6.6308300e-002 -6.6308300e-002
  6.6243373e-002 -6.6243373e-002
  6.6135100e-002 -6.6135100e-002
  6.6033476e-002 -6.6033476e-002
  6.5978287e-002 -6.5978287e-002
  6.5915858e-002 -6.5915858e-002
  6.5821419e-002 -6.5821419e-002
  6.5743896e-002 -6.5743896e-002
  6.5712497e-002 -6.5712497e-002
  6.5643892e-002 -6.5643892e-002
  6.5506746e-002 -6.5506746e-002
  6.5474284e-002 -6.5474284e-002
  6.5441821e-002 -6.5441821e-002
  6.5409359e-002 -6.5409359e-002
  6.5376897e-002 -6.5376897e-002
  6.5344434e-002 -6.5344434e-002
  6.5311972e-002 -6.5311972e-002
  6.5279509e-002 -6.5279509e-002
  6.5247047e-002 -6.5247047e-002
  6.5214585e-002 -6.5214585e-002
  6.5182122e-002 -6.5182122e-002
  6.5149660e-002 -6.5149660e-002
  6.5117198e-002 -6.5117198e-002
  6.5084735e-002 -6.5084735e-002
  6.5052273e-002 -6.5052273e-002
  6.5019811e-002 -6.5019811e-002
  6.4987348e-002 -6.4987348e-002
  6.4954886e-002 -6.4954886e-002
  6.4922423e-002 -6.4922423e-002
  6.4889961e-002 -6.4889961e-002
  6.4857499e-002 -6.4857499e-002
  6.4825036e-002 -6.4825036e-002
  6.4792574e-002 -6.4792574e-002
  6.4760112e-002 -6.4760112e-002
  6.4727649e-002 -6.4727649e-002
  6.4695187e-002 -6.4695187e-002
  6.4662724e-002 -6.4662724e-002
  6.4630262e-002 -6.4630262e-002
  6.4597800e-002 -6.4597800e-002
  6.4565337e-002 -6.4565337e-002
  6.4532875e-002 -6.4532875e-002
  6.4500413e-002 -6.4500413e-002
  6.4467950e-002 -6.4467950e-002
  6.4435488e-002 -6.4435488e-002
  6.4403026e-002 -6.4403026e-002
  6.4370563e-002 -6.4370563e-002
  6.4338101e-002 -6.4338101e-002
  6.4305638e-002 -6.4305638e-002
  6.4273176e-002 -6.4273176e-002
  6.4240714e-002 -6.4240714e-002
  6.4208251e-002 -6.4208251e-002
  6.4175789e-002 -6.4175789e-002
  6.4143327e-002 -6.4143327e-002
  6.4110864e-002 -6.4110864e-002
  6.4078402e-002 -6.4078402e-002
  6.4045940e-002 -6.4045940e-002
  6.4013477e-002 -6.4013477e-002
  6.3981015e-002 -6.3981015e-002
  6.3948552e-002 -6.3948552e-002
  6.3916090e-002 -6.3916090e-002
  6.3883628e-002 -6.3883628e-002
  6.3851165e-002 -6.3851165e-002
  6.3818703e-002 -6.3818703e-002
  6.3786241e-002 -6.3786241e-002
  6.3753778e-002 -6.3753778e-002
  6.3721316e-002 -6.3721316e-002
  6.3688853e-002 -6.3688853e-002
  6.3656391e-002 -6.3656391e-002
  6.3623929e-002 -6.3623929e-002
  6.3591466e-002 -6.3591466e-002
  6.3559004e-002 -6.3559004e-002
  6.3526542e-002 -6.3526542e-002
  6.3494079e-002 -6.3494079e-002
  6.3461617e-002 -6.3461617e-002
  6.3429155e-002 -6.3429155e-002
  6.3396692e-002 -6.3396692e-002
  6.3364230e-002 -6.3364230e-002
  6.3331767e-002 -6.3331767e-002
  6.3299305e-002 -6.3299305e-002
  6.3266843e-002 -6.3266843e-002
  6.3234380e-002 -6.3234380e-002
  6.3201918e-002 -6.3201918e-002
  6.3169456e-002 -6.3169456e-002
  6.3136993e-002 -6.3136993e-002
