  0.0000000e+000 -0.0000000e+000
  0.0000000e+000 -0.0000000e+000
  0.0000000e+000 -0.0000000e+000
  0.0000000e+000 -0.0000000e+000
  0.0000000e+000 -0.0000000e+000
  0.0000000e+000 -0.0000000e+000
  0.0000000e+000 -0.0000000e+000
  0.0000000e+000 -0.0000000e+000
  0.0000000e+000 -0.0000000e+000
  0.0000000e+000 -0.0000000e+000
  0.0000000e+000 -0.0000000e+000
  0.0000000e+000 -0.0000000e+000
  0.0000000e+000 -0.0000000e+000
  0.0000000e+000 -0.0000000e+000
  0.0000000e+000 -0.0000000e+000
  0.0000000e+000 -0.0000000e+000
  0.0000000e+000 -0.0000000e+000
  0.0000000e+000 -0.0000000e+000
  0.0000000e+000 -0.0000000e+000
  0.0000000e+000 -0.0000000e+000
  0.0000000e+000 -0.0000000e+000
  0.0000000e+000 -0.0000000e+000
  0.0000000e+000 -0.0000000e+000
  0.0000000e+000 -0.0000000e+000
  0.0000000e+000 -0.0000000e+000
  0.0000000e+000 -0.0000000e+000
  0.0000000e+000 -0.0000000e+000
  0.0000000e+000 -0.0000000e+000
  0.0000000e+000 -0.0000000e+000
  0.0000000e+000 -0.0000000e+000
  0.0000000e+000 -0.0000000e+000
  0.0000000e+000 -0.0000000e+000
  0.0000000e+000 -0.0000000e+000
  0.0000000e+000 -0.0000000e+000
  0.0000000e+000 -0.0000000e+000
  0.0000000e+000 -0.0000000e+000
  0.0000000e+000 -0.0000000e+000
  0.0000000e+000 -0.0000000e+000
  0.0000000e+000 -0.0000000e+000
  0.0000000e+000 -0.0000000e+000
  0.0000000e+000 -0.0000000e+000
  0.0000000e+000 -0.0000000e+000
  0.0000000e+000 -0.0000000e+000
  0.0000000e+000 -0.0000000e+000
  0.0000000e+000 -0.0000000e+000
  0.0000000e+000 -0.0000000e+000
  0.0000000e+000 -0.0000000e+000
  0.0000000e+000 -0.0000000e+000
  0.0000000e+000 -0.0000000e+000
  0.0000000e+000 -0.0000000e+000
  0.0000000e+000 -0.0000000e+000
  0.0000000e+000 -0.0000000e+000
  0.0000000e+000 -0.0000000e+000
  0.0000000e+000 -0.0000000e+000
  0.0000000e+000 -0.0000000e+000
  0.0000000e+000 -0.0000000e+000
  0.0000000e+000 -0.0000000e+000
  0.0000000e+000 -0.0000000e+000
  0.0000000e+000 -0.0000000e+000
  0.0000000e+000 -0.0000000e+000
  0.0000000e+000 -0.0000000e+000
  0.0000000e+000 -0.0000000e+000
  0.0000000e+000 -0.0000000e+000
  0.0000000e+000 -0.0000000e+000
  0.0000000e+000 -0.0000000e+000
  0.0000000e+000 -0.0000000e+000
  0.0000000e+000 -0.0000000e+000
  0.0000000e+000 -0.0000000e+000
  0.0000000e+000 -0.0000000e+000
  0.0000000e+000 -0.0000000e+000
  0.0000000e+000 -0.0000000e+000
  0.0000000e+000 -0.0000000e+000
  0.0000000e+000 -0.0000000e+000
  0.0000000e+000 -0.0000000e+000
  0.0000000e+000 -0.0000000e+000
  0.0000000e+000 -0.0000000e+000
  0.0000000e+000 -0.0000000e+000
  0.0000000e+000 -0.0000000e+000
  0.0000000e+000 -0.0000000e+000
  0.0000000e+000 -0.0000000e+000
  0.0000000e+000 -0.0000000e+000
  0.0000000e+000 -0.0000000e+000
  0.0000000e+000 -0.0000000e+000
  0.0000000e+000 -0.0000000e+000
  0.0000000e+000 -0.0000000e+000
  0.0000000e+000 -0.0000000e+000
  0.0000000e+000 -0.0000000e+000
  0.0000000e+000 -0.0000000e+000
  0.0000000e+000 -0.0000000e+000
  0.0000000e+000 -0.0000000e+000
  0.0000000e+000 -0.0000000e+000
  0.0000000e+000 -0.0000000e+000
 -3.2492828e-008  3.2492828e-008
 -3.3249100e-006  3.3249100e-006
 -1.2220462e-005  1.2220462e-005
 -7.5498529e-005  7.5498529e-005
 -1.2234632e-004  1.2234632e-004
 -9.2770075e-005  9.2770075e-005
 -8.6624482e-005  8.6624482e-005
 -1.4699805e-004  1.4699805e-004
 -2.2839487e-004  2.2839487e-004
 -3.4987815e-004  3.4987815e-004
 -4.3289973e-004  4.3289973e-004
 -4.6442753e-004  4.6442753e-004
 -4.9430576e-004  4.9430576e-004
 -5.2260610e-004  5.2260610e-004
 -5.7573103e-004  5.7573103e-004
 -6.4577851e-004  6.4577851e-004
 -7.7317713e-004  7.7317713e-004
 -9.2779079e-004  9.2779079e-004
 -9.3618650e-004  9.3618650e-004
 -8.9884239e-004  8.9884239e-004
 -1.0259123e-003  1.0259123e-003
 -1.1830815e-003  1.1830815e-003
 -1.2338109e-003  1.2338109e-003
 -1.2748426e-003  1.2748426e-003
 -1.1927317e-003  1.1927317e-003
 -1.1316992e-003  1.1316992e-003
 -1.2694403e-003  1.2694403e-003
 -1.3914016e-003  1.3914016e-003
 -1.4411911e-003  1.4411911e-003
 -1.4792516e-003  1.4792516e-003
 -1.4844362e-003  1.4844362e-003
 -1.4946767e-003  1.4946767e-003
 -1.5144532e-003  1.5144532e-003
 -1.5726805e-003  1.5726805e-003
 -1.6818711e-003  1.6818711e-003
 -1.8277108e-003  1.8277108e-003
 -2.0082630e-003  2.0082630e-003
 -2.0571810e-003  2.0571810e-003
 -2.0172807e-003  2.0172807e-003
 -1.9914137e-003  1.9914137e-003
 -1.9721311e-003  1.9721311e-003
 -1.9734939e-003  1.9734939e-003
 -1.9812276e-003  1.9812276e-003
 -2.0669026e-003  2.0669026e-003
 -2.1665780e-003  2.1665780e-003
 -2.2907439e-003  2.2907439e-003
 -2.4148137e-003  2.4148137e-003
 -2.4121934e-003  2.4121934e-003
 -2.4147286e-003  2.4147286e-003
 -2.4645323e-003  2.4645323e-003
 -2.5254097e-003  2.5254097e-003
 -2.6360979e-003  2.6360979e-003
 -2.7791739e-003  2.7791739e-003
 -3.0118864e-003  3.0118864e-003
 -3.1405588e-003  3.1405588e-003
 -3.0751271e-003  3.0751271e-003
 -3.1041341e-003  3.1041341e-003
 -3.2570586e-003  3.2570586e-003
 -3.3581408e-003  3.3581408e-003
 -3.4106031e-003  3.4106031e-003
 -3.5155575e-003  3.5155575e-003
 -3.6555685e-003  3.6555685e-003
 -3.7065173e-003  3.7065173e-003
 -3.7161518e-003  3.7161518e-003
 -3.7119919e-003  3.7119919e-003
 -3.7036334e-003  3.7036334e-003
 -3.7922468e-003  3.7922468e-003
 -3.8979470e-003  3.8979470e-003
 -3.8271910e-003  3.8271910e-003
 -3.7439078e-003  3.7439078e-003
 -3.6604022e-003  3.6604022e-003
 -3.5824946e-003  3.5824946e-003
 -3.5545201e-003  3.5545201e-003
 -3.5469917e-003  3.5469917e-003
 -3.6299269e-003  3.6299269e-003
 -3.7184937e-003  3.7184937e-003
 -3.8224510e-003  3.8224510e-003
 -3.8843306e-003  3.8843306e-003
 -3.8685540e-003  3.8685540e-003
 -3.8000946e-003  3.8000946e-003
 -3.6631984e-003  3.6631984e-003
 -3.6449128e-003  3.6449128e-003
 -3.7367718e-003  3.7367718e-003
 -3.8230474e-003  3.8230474e-003
 -3.9056323e-003  3.9056323e-003
 -3.9122840e-003  3.9122840e-003
 -3.8841116e-003  3.8841116e-003
 -3.8589686e-003  3.8589686e-003
 -3.8347351e-003  3.8347351e-003
 -3.8066784e-003  3.8066784e-003
 -3.7779611e-003  3.7779611e-003
 -3.7538355e-003  3.7538355e-003
 -3.7311331e-003  3.7311331e-003
 -3.7635756e-003  3.7635756e-003
 -3.7942214e-003  3.7942214e-003
 -3.8092667e-003  3.8092667e-003
 -3.8060314e-003  3.8060314e-003
 -3.7232225e-003  3.7232225e-003
 -3.6399798e-003  3.6399798e-003
 -3.5555666e-003  3.5555666e-003
 -3.5170613e-003  3.5170613e-003
 -3.5623707e-003  3.5623707e-003
 -3.5279098e-003  3.5279098e-003
 -3.3908591e-003  3.3908591e-003
 -3.2570179e-003  3.2570179e-003
 -3.1261279e-003  3.1261279e-003
 -3.0155025e-003  3.0155025e-003
 -2.9181350e-003  2.9181350e-003
 -2.7755245e-003  2.7755245e-003
 -2.6124015e-003  2.6124015e-003
 -2.5747078e-003  2.5747078e-003
 -2.5741445e-003  2.5741445e-003
 -2.5987970e-003  2.5987970e-003
 -2.6277215e-003  2.6277215e-003
 -2.5237165e-003  2.5237165e-003
 -2.4123702e-003  2.4123702e-003
 -2.3602306e-003  2.3602306e-003
 -2.3044543e-003  2.3044543e-003
 -2.2179228e-003  2.2179228e-003
 -2.1186593e-003  2.1186593e-003
 -1.9648636e-003  1.9648636e-003
 -1.8221384e-003  1.8221384e-003
 -1.7089207e-003  1.7089207e-003
 -1.5907319e-003  1.5907319e-003
 -1.4612501e-003  1.4612501e-003
 -1.3404971e-003  1.3404971e-003
 -1.2308580e-003  1.2308580e-003
 -1.0654644e-003  1.0654644e-003
 -8.4930970e-004  8.4930970e-004
 -5.9453990e-004  5.9453990e-004
 -3.1476659e-004  3.1476659e-004
 -1.4942190e-004  1.4942190e-004
 -1.0363065e-005  1.0363065e-005
  2.2787166e-004 -2.2787166e-004
  4.9505550e-004 -4.9505550e-004
  7.7177536e-004 -7.7177536e-004
  1.0500787e-003 -1.0500787e-003
  1.1251571e-003 -1.1251571e-003
  1.1922066e-003 -1.1922066e-003
  1.4443572e-003 -1.4443572e-003
  1.7222523e-003 -1.7222523e-003
  1.9108998e-003 -1.9108998e-003
  2.0905557e-003 -2.0905557e-003
  2.2323112e-003 -2.2323112e-003
  2.4519837e-003 -2.4519837e-003
  2.8767757e-003 -2.8767757e-003
  3.2812445e-003 -3.2812445e-003
  3.6493990e-003 -3.6493990e-003
  3.9382397e-003 -3.9382397e-003
  4.0646555e-003 -4.0646555e-003
  4.2633875e-003 -4.2633875e-003
  4.5273112e-003 -4.5273112e-003
  4.9266828e-003 -4.9266828e-003
  5.4128545e-003 -5.4128545e-003
  5.7477824e-003 -5.7477824e-003
  6.0157041e-003 -6.0157041e-003
  6.2792172e-003 -6.2792172e-003
  6.5312691e-003 -6.5312691e-003
  6.7865008e-003 -6.7865008e-003
  7.0422499e-003 -7.0422499e-003
  7.4796869e-003 -7.4796869e-003
  7.9222874e-003 -7.9222874e-003
  8.1607033e-003 -8.1607033e-003
  8.3840940e-003 -8.3840940e-003
  8.5029573e-003 -8.5029573e-003
  8.6323993e-003 -8.6323993e-003
  8.8057306e-003 -8.8057306e-003
  9.0413261e-003 -9.0413261e-003
  9.4388257e-003 -9.4388257e-003
  9.8465136e-003 -9.8465136e-003
  1.0272213e-002 -1.0272213e-002
  1.0654882e-002 -1.0654882e-002
  1.1009775e-002 -1.1009775e-002
  1.1334778e-002 -1.1334778e-002
  1.1633100e-002 -1.1633100e-002
  1.1973219e-002 -1.1973219e-002
  1.2339845e-002 -1.2339845e-002
  1.2688384e-002 -1.2688384e-002
  1.3029001e-002 -1.3029001e-002
  1.3389702e-002 -1.3389702e-002
  1.3788740e-002 -1.3788740e-002
  1.4105930e-002 -1.4105930e-002
  1.4410076e-002 -1.4410076e-002
  1.4617378e-002 -1.4617378e-002
  1.4823392e-002 -1.4823392e-002
  1.5168147e-002 -1.5168147e-002
  1.5489313e-002 -1.5489313e-002
  1.5625585e-002 -1.5625585e-002
  1.5793684e-002 -1.5793684e-002
  1.5989667e-002 -1.5989667e-002
  1.6227656e-002 -1.6227656e-002
  1.6573541e-002 -1.6573541e-002
  1.6853577e-002 -1.6853577e-002
  1.7018438e-002 -1.7018438e-002
  1.7162534e-002 -1.7162534e-002
  1.7280972e-002 -1.7280972e-002
  1.7478315e-002 -1.7478315e-002
  1.7728823e-002 -1.7728823e-002
  1.8048266e-002 -1.8048266e-002
  1.8410975e-002 -1.8410975e-002
  1.8748939e-002 -1.8748939e-002
  1.9076193e-002 -1.9076193e-002
  1.9272141e-002 -1.9272141e-002
  1.9431367e-002 -1.9431367e-002
  1.9611270e-002 -1.9611270e-002
  1.9792810e-002 -1.9792810e-002
  2.0025104e-002 -2.0025104e-002
  2.0259641e-002 -2.0259641e-002
  2.0478794e-002 -2.0478794e-002
  2.0721451e-002 -2.0721451e-002
  2.1143904e-002 -2.1143904e-002
  2.1527525e-002 -2.1527525e-002
  2.1757774e-002 -2.1757774e-002
  2.1958428e-002 -2.1958428e-002
  2.2083991e-002 -2.2083991e-002
  2.2244653e-002 -2.2244653e-002
  2.2466052e-002 -2.2466052e-002
  2.2696215e-002 -2.2696215e-002
  2.2937099e-002 -2.2937099e-002
  2.3164142e-002 -2.3164142e-002
  2.3380695e-002 -2.3380695e-002
  2.3580061e-002 -2.3580061e-002
  2.3768751e-002 -2.3768751e-002
  2.4007135e-002 -2.4007135e-002
  2.4266777e-002 -2.4266777e-002
  2.4392744e-002 -2.4392744e-002
  2.4481864e-002 -2.4481864e-002
  2.4851792e-002 -2.4851792e-002
  2.5259528e-002 -2.5259528e-002
  2.5521436e-002 -2.5521436e-002
  2.5769743e-002 -2.5769743e-002
  2.5847913e-002 -2.5847913e-002
  2.5938174e-002 -2.5938174e-002
  2.6118746e-002 -2.6118746e-002
  2.6294525e-002 -2.6294525e-002
  2.6451323e-002 -2.6451323e-002
  2.6629839e-002 -2.6629839e-002
  2.6870342e-002 -2.6870342e-002
  2.7081286e-002 -2.7081286e-002
  2.7241619e-002 -2.7241619e-002
  2.7432007e-002 -2.7432007e-002
  2.7658801e-002 -2.7658801e-002
  2.7980197e-002 -2.7980197e-002
  2.8383561e-002 -2.8383561e-002
  2.8711459e-002 -2.8711459e-002
  2.8995102e-002 -2.8995102e-002
  2.9174938e-002 -2.9174938e-002
  2.9310889e-002 -2.9310889e-002
  2.9490898e-002 -2.9490898e-002
  2.9682876e-002 -2.9682876e-002
  2.9831833e-002 -2.9831833e-002
  2.9974358e-002 -2.9974358e-002
  3.0088810e-002 -3.0088810e-002
  3.0207923e-002 -3.0207923e-002
  3.0478340e-002 -3.0478340e-002
  3.0749851e-002 -3.0749851e-002
  3.1029338e-002 -3.1029338e-002
  3.1281776e-002 -3.1281776e-002
  3.1428725e-002 -3.1428725e-002
  3.1578360e-002 -3.1578360e-002
  3.1731640e-002 -3.1731640e-002
  3.1856689e-002 -3.1856689e-002
  3.1933911e-002 -3.1933911e-002
  3.2027942e-002 -3.2027942e-002
  3.2142131e-002 -3.2142131e-002
  3.2248854e-002 -3.2248854e-002
  3.2349171e-002 -3.2349171e-002
  3.2445725e-002 -3.2445725e-002
  3.2536053e-002 -3.2536053e-002
  3.2661028e-002 -3.2661028e-002
  3.2800479e-002 -3.2800479e-002
  3.2931094e-002 -3.2931094e-002
  3.3059344e-002 -3.3059344e-002
  3.3169349e-002 -3.3169349e-002
  3.3276687e-002 -3.3276687e-002
  3.3488780e-002 -3.3488780e-002
  3.3699959e-002 -3.3699959e-002
  3.3822143e-002 -3.3822143e-002
  3.3952140e-002 -3.3952140e-002
  3.4137850e-002 -3.4137850e-002
  3.4339742e-002 -3.4339742e-002
  3.4603798e-002 -3.4603798e-002
  3.4868295e-002 -3.4868295e-002
  3.5133873e-002 -3.5133873e-002
  3.5380444e-002 -3.5380444e-002
  3.5601359e-002 -3.5601359e-002
  3.5792136e-002 -3.5792136e-002
  3.5947126e-002 -3.5947126e-002
  3.6053521e-002 -3.6053521e-002
  3.6118638e-002 -3.6118638e-002
  3.6256498e-002 -3.6256498e-002
  3.6438145e-002 -3.6438145e-002
  3.6572644e-002 -3.6572644e-002
  3.6689494e-002 -3.6689494e-002
  3.6854743e-002 -3.6854743e-002
  3.7032756e-002 -3.7032756e-002
  3.7117710e-002 -3.7117710e-002
  3.7189354e-002 -3.7189354e-002
  3.7294415e-002 -3.7294415e-002
  3.7402796e-002 -3.7402796e-002
  3.7552224e-002 -3.7552224e-002
  3.7704144e-002 -3.7704144e-002
  3.7873419e-002 -3.7873419e-002
  3.8035160e-002 -3.8035160e-002
  3.8168391e-002 -3.8168391e-002
  3.8331302e-002 -3.8331302e-002
  3.8565983e-002 -3.8565983e-002
  3.8820207e-002 -3.8820207e-002
  3.9102688e-002 -3.9102688e-002
  3.9389166e-002 -3.9389166e-002
  3.9680343e-002 -3.9680343e-002
  3.9920310e-002 -3.9920310e-002
  4.0117210e-002 -4.0117210e-002
  4.0308670e-002 -4.0308670e-002
  4.0496890e-002 -4.0496890e-002
  4.0701433e-002 -4.0701433e-002
  4.0911943e-002 -4.0911943e-002
  4.1140284e-002 -4.1140284e-002
  4.1373257e-002 -4.1373257e-002
  4.1584015e-002 -4.1584015e-002
  4.1791667e-002 -4.1791667e-002
  4.2029012e-002 -4.2029012e-002
  4.2267699e-002 -4.2267699e-002
  4.2509247e-002 -4.2509247e-002
  4.2748988e-002 -4.2748988e-002
  4.3014274e-002 -4.3014274e-002
  4.3268014e-002 -4.3268014e-002
  4.3478701e-002 -4.3478701e-002
  4.3687487e-002 -4.3687487e-002
  4.3891725e-002 -4.3891725e-002
  4.4094515e-002 -4.4094515e-002
  4.4294930e-002 -4.4294930e-002
  4.4475967e-002 -4.4475967e-002
  4.4635528e-002 -4.4635528e-002
  4.4831753e-002 -4.4831753e-002
  4.5058508e-002 -4.5058508e-002
  4.5265235e-002 -4.5265235e-002
  4.5460158e-002 -4.5460158e-002
  4.5633921e-002 -4.5633921e-002
  4.5799156e-002 -4.5799156e-002
  4.6060608e-002 -4.6060608e-002
  4.6347448e-002 -4.6347448e-002
  4.6584088e-002 -4.6584088e-002
  4.6813868e-002 -4.6813868e-002
  4.6898704e-002 -4.6898704e-002
  4.6985044e-002 -4.6985044e-002
  4.7214139e-002 -4.7214139e-002
  4.7457133e-002 -4.7457133e-002
  4.7789543e-002 -4.7789543e-002
  4.8097833e-002 -4.8097833e-002
  4.8317506e-002 -4.8317506e-002
  4.8570784e-002 -4.8570784e-002
  4.8903420e-002 -4.8903420e-002
  4.9203081e-002 -4.9203081e-002
  4.9449177e-002 -4.9449177e-002
  4.9642769e-002 -4.9642769e-002
  4.9774689e-002 -4.9774689e-002
  4.9928688e-002 -4.9928688e-002
  5.0100889e-002 -5.0100889e-002
  5.0290169e-002 -5.0290169e-002
  5.0489407e-002 -5.0489407e-002
  5.0638140e-002 -5.0638140e-002
  5.0766761e-002 -5.0766761e-002
  5.0899865e-002 -5.0899865e-002
  5.1028776e-002 -5.1028776e-002
  5.1150198e-002 -5.1150198e-002
  5.1270619e-002 -5.1270619e-002
  5.1476537e-002 -5.1476537e-002
  5.1685745e-002 -5.1685745e-002
  5.1900035e-002 -5.1900035e-002
  5.2115810e-002 -5.2115810e-002
  5.2341283e-002 -5.2341283e-002
  5.2567262e-002 -5.2567262e-002
  5.2795924e-002 -5.2795924e-002
  5.3023695e-002 -5.3023695e-002
  5.3249386e-002 -5.3249386e-002
  5.3444776e-002 -5.3444776e-002
  5.3591455e-002 -5.3591455e-002
  5.3757015e-002 -5.3757015e-002
  5.3944123e-002 -5.3944123e-002
  5.4107350e-002 -5.4107350e-002
  5.4254863e-002 -5.4254863e-002
  5.4404728e-002 -5.4404728e-002
  5.4555951e-002 -5.4555951e-002
  5.4742340e-002 -5.4742340e-002
  5.4942564e-002 -5.4942564e-002
  5.5151888e-002 -5.5151888e-002
  5.5363470e-002 -5.5363470e-002
  5.5528243e-002 -5.5528243e-002
  5.5687159e-002 -5.5687159e-002
  5.5825307e-002 -5.5825307e-002
  5.5964604e-002 -5.5964604e-002
  5.6137396e-002 -5.6137396e-002
  5.6301202e-002 -5.6301202e-002
  5.6407602e-002 -5.6407602e-002
  5.6538581e-002 -5.6538581e-002
  5.6754030e-002 -5.6754030e-002
  5.6952016e-002 -5.6952016e-002
  5.7109716e-002 -5.7109716e-002
  5.7268761e-002 -5.7268761e-002
  5.7429941e-002 -5.7429941e-002
  5.7587735e-002 -5.7587735e-002
  5.7741705e-002 -5.7741705e-002
  5.7917292e-002 -5.7917292e-002
  5.8110118e-002 -5.8110118e-002
  5.8338639e-002 -5.8338639e-002
  5.8587538e-002 -5.8587538e-002
  5.8736282e-002 -5.8736282e-002
  5.8846100e-002 -5.8846100e-002
  5.9086465e-002 -5.9086465e-002
  5.9358722e-002 -5.9358722e-002
  5.9545738e-002 -5.9545738e-002
  5.9717056e-002 -5.9717056e-002
  5.9877651e-002 -5.9877651e-002
  6.0044178e-002 -6.0044178e-002
  6.0319681e-002 -6.0319681e-002
  6.0569599e-002 -6.0569599e-002
  6.0659452e-002 -6.0659452e-002
  6.0766848e-002 -6.0766848e-002
  6.0935951e-002 -6.0935951e-002
  6.1117969e-002 -6.1117969e-002
  6.1332073e-002 -6.1332073e-002
  6.1503225e-002 -6.1503225e-002
  6.1606755e-002 -6.1606755e-002
  6.1764408e-002 -6.1764408e-002
  6.1982613e-002 -6.1982613e-002
  6.2162059e-002 -6.2162059e-002
  6.2310492e-002 -6.2310492e-002
  6.2524958e-002 -6.2524958e-002
  6.2779203e-002 -6.2779203e-002
  6.2933952e-002 -6.2933952e-002
  6.3050504e-002 -6.3050504e-002
  6.3138654e-002 -6.3138654e-002
  6.3219974e-002 -6.3219974e-002
  6.3345932e-002 -6.3345932e-002
  6.3477426e-002 -6.3477426e-002
  6.3597218e-002 -6.3597218e-002
  6.3722942e-002 -6.3722942e-002
  6.3952300e-002 -6.3952300e-002
  6.4167802e-002 -6.4167802e-002
  6.4298384e-002 -6.4298384e-002
  6.4436543e-002 -6.4436543e-002
  6.4600977e-002 -6.4600977e-002
  6.4758654e-002 -6.4758654e-002
  6.4897402e-002 -6.4897402e-002
  6.5034665e-002 -6.5034665e-002
  6.5169611e-002 -6.5169611e-002
  6.5316314e-002 -6.5316314e-002
  6.5476040e-002 -6.5476040e-002
  6.5634844e-002 -6.5634844e-002
  6.5792919e-002 -6.5792919e-002
  6.5981777e-002 -6.5981777e-002
  6.6185755e-002 -6.6185755e-002
  6.6365326e-002 -6.6365326e-002
  6.6535643e-002 -6.6535643e-002
  6.6685474e-002 -6.6685474e-002
  6.6830456e-002 -6.6830456e-002
  6.6985727e-002 -6.6985727e-002
  6.7142241e-002 -6.7142241e-002
  6.7260333e-002 -6.7260333e-002
  6.7372214e-002 -6.7372214e-002
  6.7448431e-002 -6.7448431e-002
  6.7536043e-002 -6.7536043e-002
  6.7692068e-002 -6.7692068e-002
  6.7844666e-002 -6.7844666e-002
  6.7985543e-002 -6.7985543e-002
  6.8128773e-002 -6.8128773e-002
  6.8277247e-002 -6.8277247e-002
  6.8440546e-002 -6.8440546e-002
  6.8631348e-002 -6.8631348e-002
  6.8815292e-002 -6.8815292e-002
  6.8991711e-002 -6.8991711e-002
  6.9104768e-002 -6.9104768e-002
  6.9168130e-002 -6.9168130e-002
  6.9302883e-002 -6.9302883e-002
  6.9477100e-002 -6.9477100e-002
  6.9615321e-002 -6.9615321e-002
  6.9741447e-002 -6.9741447e-002
  6.9809083e-002 -6.9809083e-002
  6.9863093e-002 -6.9863093e-002
  7.0040641e-002 -7.0040641e-002
  7.0232743e-002 -7.0232743e-002
  7.0447952e-002 -7.0447952e-002
  7.0659976e-002 -7.0659976e-002
  7.0815692e-002 -7.0815692e-002
  7.0978421e-002 -7.0978421e-002
  7.1182429e-002 -7.1182429e-002
  7.1364225e-002 -7.1364225e-002
  7.1471135e-002 -7.1471135e-002
  7.1598104e-002 -7.1598104e-002
  7.1769245e-002 -7.1769245e-002
  7.1974324e-002 -7.1974324e-002
  7.2225877e-002 -7.2225877e-002
  7.2419274e-002 -7.2419274e-002
  7.2549508e-002 -7.2549508e-002
  7.2702971e-002 -7.2702971e-002
  7.2874467e-002 -7.2874467e-002
  7.2989152e-002 -7.2989152e-002
  7.3072765e-002 -7.3072765e-002
  7.3236044e-002 -7.3236044e-002
  7.3427400e-002 -7.3427400e-002
  7.3526554e-002 -7.3526554e-002
  7.3604576e-002 -7.3604576e-002
  7.3760211e-002 -7.3760211e-002
  7.3924753e-002 -7.3924753e-002
  7.4051500e-002 -7.4051500e-002
  7.4174777e-002 -7.4174777e-002
  7.4258305e-002 -7.4258305e-002
  7.4342594e-002 -7.4342594e-002
  7.4453990e-002 -7.4453990e-002
  7.4558911e-002 -7.4558911e-002
  7.4642308e-002 -7.4642308e-002
  7.4749154e-002 -7.4749154e-002
  7.4907050e-002 -7.4907050e-002
  7.5040653e-002 -7.5040653e-002
  7.5137555e-002 -7.5137555e-002
  7.5265312e-002 -7.5265312e-002
  7.5428489e-002 -7.5428489e-002
  7.5577563e-002 -7.5577563e-002
  7.5715796e-002 -7.5715796e-002
  7.5852695e-002 -7.5852695e-002
  7.5988873e-002 -7.5988873e-002
  7.6141548e-002 -7.6141548e-002
  7.6300248e-002 -7.6300248e-002
  7.6451558e-002 -7.6451558e-002
  7.6601931e-002 -7.6601931e-002
  7.6716358e-002 -7.6716358e-002
  7.6826772e-002 -7.6826772e-002
  7.6922564e-002 -7.6922564e-002
  7.7018208e-002 -7.7018208e-002
  7.7115302e-002 -7.7115302e-002
  7.7224620e-002 -7.7224620e-002
  7.7398274e-002 -7.7398274e-002
  7.7540944e-002 -7.7540944e-002
  7.7582010e-002 -7.7582010e-002
  7.7638542e-002 -7.7638542e-002
  7.7728360e-002 -7.7728360e-002
  7.7837362e-002 -7.7837362e-002
  7.7975044e-002 -7.7975044e-002
  7.8086649e-002 -7.8086649e-002
  7.8168173e-002 -7.8168173e-002
  7.8278195e-002 -7.8278195e-002
  7.8409907e-002 -7.8409907e-002
  7.8573732e-002 -7.8573732e-002
  7.8754742e-002 -7.8754742e-002
  7.8849855e-002 -7.8849855e-002
  7.8913985e-002 -7.8913985e-002
  7.8986958e-002 -7.8986958e-002
  7.9058649e-002 -7.9058649e-002
  7.9152356e-002 -7.9152356e-002
  7.9248453e-002 -7.9248453e-002
  7.9348523e-002 -7.9348523e-002
  7.9445385e-002 -7.9445385e-002
  7.9498262e-002 -7.9498262e-002
  7.9568955e-002 -7.9568955e-002
  7.9738563e-002 -7.9738563e-002
  7.9878027e-002 -7.9878027e-002
  7.9932716e-002 -7.9932716e-002
  8.0019876e-002 -8.0019876e-002
  8.0176133e-002 -8.0176133e-002
  8.0296644e-002 -8.0296644e-002
  8.0364253e-002 -8.0364253e-002
  8.0437316e-002 -8.0437316e-002
  8.0516131e-002 -8.0516131e-002
  8.0615083e-002 -8.0615083e-002
  8.0731824e-002 -8.0731824e-002
  8.0833243e-002 -8.0833243e-002
  8.0926552e-002 -8.0926552e-002
  8.1028560e-002 -8.1028560e-002
  8.1133665e-002 -8.1133665e-002
  8.1176336e-002 -8.1176336e-002
  8.1205387e-002 -8.1205387e-002
  8.1276388e-002 -8.1276388e-002
  8.1352162e-002 -8.1352162e-002
  8.1459556e-002 -8.1459556e-002
  8.1564618e-002 -8.1564618e-002
  8.1634457e-002 -8.1634457e-002
  8.1700905e-002 -8.1700905e-002
  8.1748887e-002 -8.1748887e-002
  8.1796647e-002 -8.1796647e-002
  8.1838614e-002 -8.1838614e-002
  8.1902577e-002 -8.1902577e-002
  8.2012820e-002 -8.2012820e-002
  8.2104788e-002 -8.2104788e-002
  8.2169987e-002 -8.2169987e-002
  8.2237001e-002 -8.2237001e-002
  8.2305909e-002 -8.2305909e-002
  8.2379895e-002 -8.2379895e-002
  8.2454195e-002 -8.2454195e-002
  8.2548150e-002 -8.2548150e-002
  8.2652396e-002 -8.2652396e-002
  8.2744618e-002 -8.2744618e-002
  8.2832612e-002 -8.2832612e-002
  8.2896485e-002 -8.2896485e-002
  8.2955183e-002 -8.2955183e-002
  8.3049139e-002 -8.3049139e-002
  8.3142315e-002 -8.3142315e-002
  8.3211153e-002 -8.3211153e-002
  8.3278318e-002 -8.3278318e-002
  8.3327462e-002 -8.3327462e-002
  8.3391806e-002 -8.3391806e-002
  8.3537416e-002 -8.3537416e-002
  8.3665071e-002 -8.3665071e-002
  8.3736212e-002 -8.3736212e-002
  8.3819846e-002 -8.3819846e-002
  8.3937662e-002 -8.3937662e-002
  8.4025428e-002 -8.4025428e-002
  8.4069623e-002 -8.4069623e-002
  8.4115989e-002 -8.4115989e-002
  8.4164596e-002 -8.4164596e-002
  8.4252353e-002 -8.4252353e-002
  8.4369014e-002 -8.4369014e-002
  8.4406590e-002 -8.4406590e-002
  8.4405962e-002 -8.4405962e-002
  8.4442827e-002 -8.4442827e-002
  8.4492706e-002 -8.4492706e-002
  8.4566105e-002 -8.4566105e-002
  8.4644462e-002 -8.4644462e-002
  8.4721788e-002 -8.4721788e-002
  8.4799012e-002 -8.4799012e-002
  8.4895116e-002 -8.4895116e-002
  8.4987648e-002 -8.4987648e-002
  8.5034926e-002 -8.5034926e-002
  8.5087787e-002 -8.5087787e-002
  8.5169955e-002 -8.5169955e-002
  8.5260299e-002 -8.5260299e-002
  8.5376038e-002 -8.5376038e-002
  8.5475650e-002 -8.5475650e-002
  8.5537919e-002 -8.5537919e-002
  8.5565078e-002 -8.5565078e-002
  8.5541842e-002 -8.5541842e-002
  8.5557959e-002 -8.5557959e-002
  8.5614355e-002 -8.5614355e-002
  8.5678052e-002 -8.5678052e-002
  8.5747068e-002 -8.5747068e-002
  8.5840546e-002 -8.5840546e-002
  8.5942615e-002 -8.5942615e-002
  8.6001968e-002 -8.6001968e-002
  8.6046682e-002 -8.6046682e-002
  8.6071767e-002 -8.6071767e-002
  8.6092797e-002 -8.6092797e-002
  8.6155423e-002 -8.6155423e-002
  8.6222081e-002 -8.6222081e-002
  8.6250148e-002 -8.6250148e-002
  8.6277641e-002 -8.6277641e-002
  8.6384271e-002 -8.6384271e-002
  8.6480356e-002 -8.6480356e-002
  8.6522090e-002 -8.6522090e-002
  8.6578802e-002 -8.6578802e-002
  8.6681418e-002 -8.6681418e-002
  8.6763239e-002 -8.6763239e-002
  8.6802760e-002 -8.6802760e-002
  8.6838334e-002 -8.6838334e-002
  8.6877179e-002 -8.6877179e-002
  8.6906427e-002 -8.6906427e-002
  8.6925948e-002 -8.6925948e-002
  8.6977197e-002 -8.6977197e-002
  8.7051404e-002 -8.7051404e-002
  8.7073157e-002 -8.7073157e-002
  8.7068334e-002 -8.7068334e-002
  8.7104524e-002 -8.7104524e-002
  8.7156622e-002 -8.7156622e-002
  8.7134498e-002 -8.7134498e-002
  8.7097260e-002 -8.7097260e-002
  8.7149098e-002 -8.7149098e-002
  8.7209281e-002 -8.7209281e-002
  8.7269667e-002 -8.7269667e-002
  8.7327738e-002 -8.7327738e-002
  8.7353098e-002 -8.7353098e-002
  8.7382707e-002 -8.7382707e-002
  8.7433889e-002 -8.7433889e-002
  8.7465660e-002 -8.7465660e-002
  8.7438726e-002 -8.7438726e-002
  8.7449636e-002 -8.7449636e-002
  8.7536677e-002 -8.7536677e-002
  8.7574733e-002 -8.7574733e-002
  8.7538111e-002 -8.7538111e-002
  8.7507630e-002 -8.7507630e-002
  8.7483312e-002 -8.7483312e-002
  8.7478992e-002 -8.7478992e-002
  8.7488996e-002 -8.7488996e-002
  8.7498936e-002 -8.7498936e-002
  8.7508855e-002 -8.7508855e-002
  8.7509443e-002 -8.7509443e-002
  8.7498351e-002 -8.7498351e-002
  8.7561641e-002 -8.7561641e-002
  8.7639812e-002 -8.7639812e-002
  8.7723670e-002 -8.7723670e-002
  8.7808019e-002 -8.7808019e-002
  8.7790099e-002 -8.7790099e-002
  8.7777213e-002 -8.7777213e-002
  8.7819418e-002 -8.7819418e-002
  8.7848274e-002 -8.7848274e-002
  8.7842966e-002 -8.7842966e-002
  8.7840770e-002 -8.7840770e-002
  8.7847828e-002 -8.7847828e-002
  8.7902797e-002 -8.7902797e-002
  8.8053054e-002 -8.8053054e-002
  8.8114442e-002 -8.8114442e-002
  8.8052090e-002 -8.8052090e-002
  8.8052088e-002 -8.8052088e-002
  8.8122549e-002 -8.8122549e-002
  8.8162081e-002 -8.8162081e-002
  8.8179684e-002 -8.8179684e-002
  8.8200789e-002 -8.8200789e-002
  8.8223628e-002 -8.8223628e-002
  8.8256537e-002 -8.8256537e-002
  8.8292764e-002 -8.8292764e-002
  8.8331452e-002 -8.8331452e-002
  8.8372341e-002 -8.8372341e-002
  8.8371306e-002 -8.8371306e-002
  8.8366590e-002 -8.8366590e-002
  8.8365313e-002 -8.8365313e-002
  8.8370828e-002 -8.8370828e-002
  8.8448308e-002 -8.8448308e-002
  8.8514489e-002 -8.8514489e-002
  8.8516842e-002 -8.8516842e-002
  8.8532299e-002 -8.8532299e-002
  8.8586355e-002 -8.8586355e-002
  8.8619786e-002 -8.8619786e-002
  8.8612665e-002 -8.8612665e-002
  8.8642673e-002 -8.8642673e-002
  8.8723847e-002 -8.8723847e-002
  8.8769144e-002 -8.8769144e-002
  8.8770809e-002 -8.8770809e-002
  8.8800026e-002 -8.8800026e-002
  8.8848599e-002 -8.8848599e-002
  8.8876459e-002 -8.8876459e-002
  8.8894161e-002 -8.8894161e-002
  8.8885570e-002 -8.8885570e-002
  8.8868419e-002 -8.8868419e-002
  8.8874676e-002 -8.8874676e-002
  8.8874099e-002 -8.8874099e-002
  8.8824929e-002 -8.8824929e-002
  8.8772249e-002 -8.8772249e-002
  8.8837405e-002 -8.8837405e-002
  8.8905517e-002 -8.8905517e-002
  8.9003832e-002 -8.9003832e-002
  8.9077939e-002 -8.9077939e-002
  8.9035814e-002 -8.9035814e-002
  8.8981294e-002 -8.8981294e-002
  8.8919686e-002 -8.8919686e-002
  8.8898129e-002 -8.8898129e-002
  8.8954495e-002 -8.8954495e-002
  8.8968112e-002 -8.8968112e-002
  8.8923412e-002 -8.8923412e-002
  8.8917095e-002 -8.8917095e-002
  8.8948174e-002 -8.8948174e-002
  8.8935829e-002 -8.8935829e-002
  8.8900379e-002 -8.8900379e-002
  8.8946862e-002 -8.8946862e-002
  8.9033033e-002 -8.9033033e-002
  8.9017789e-002 -8.9017789e-002
  8.8970024e-002 -8.8970024e-002
  8.8872873e-002 -8.8872873e-002
  8.8766375e-002 -8.8766375e-002
  8.8787635e-002 -8.8787635e-002
  8.8820006e-002 -8.8820006e-002
  8.8811872e-002 -8.8811872e-002
  8.8795045e-002 -8.8795045e-002
  8.8691681e-002 -8.8691681e-002
  8.8612032e-002 -8.8612032e-002
  8.8644319e-002 -8.8644319e-002
  8.8660265e-002 -8.8660265e-002
  8.8619357e-002 -8.8619357e-002
  8.8590825e-002 -8.8590825e-002
  8.8586145e-002 -8.8586145e-002
  8.8559925e-002 -8.8559925e-002
  8.8504606e-002 -8.8504606e-002
  8.8416012e-002 -8.8416012e-002
  8.8295307e-002 -8.8295307e-002
  8.8235267e-002 -8.8235267e-002
  8.8203772e-002 -8.8203772e-002
  8.8112184e-002 -8.8112184e-002
  8.7991806e-002 -8.7991806e-002
  8.7915004e-002 -8.7915004e-002
  8.7852004e-002 -8.7852004e-002
  8.7853376e-002 -8.7853376e-002
  8.7866725e-002 -8.7866725e-002
  8.7780256e-002 -8.7780256e-002
  8.7675115e-002 -8.7675115e-002
  8.7580358e-002 -8.7580358e-002
  8.7491722e-002 -8.7491722e-002
  8.7462349e-002 -8.7462349e-002
  8.7431265e-002 -8.7431265e-002
  8.7392186e-002 -8.7392186e-002
  8.7371474e-002 -8.7371474e-002
  8.7402816e-002 -8.7402816e-002
  8.7404298e-002 -8.7404298e-002
  8.7370963e-002 -8.7370963e-002
  8.7287578e-002 -8.7287578e-002
  8.7137280e-002 -8.7137280e-002
  8.7002515e-002 -8.7002515e-002
  8.6882579e-002 -8.6882579e-002
  8.6814317e-002 -8.6814317e-002
  8.6781222e-002 -8.6781222e-002
  8.6764896e-002 -8.6764896e-002
  8.6762218e-002 -8.6762218e-002
  8.6736462e-002 -8.6736462e-002
  8.6703488e-002 -8.6703488e-002
  8.6659960e-002 -8.6659960e-002
  8.6614505e-002 -8.6614505e-002
  8.6569806e-002 -8.6569806e-002
  8.6525865e-002 -8.6525865e-002
  8.6526311e-002 -8.6526311e-002
  8.6518979e-002 -8.6518979e-002
  8.6438586e-002 -8.6438586e-002
  8.6366851e-002 -8.6366851e-002
  8.6334571e-002 -8.6334571e-002
  8.6290132e-002 -8.6290132e-002
  8.6211647e-002 -8.6211647e-002
  8.6127923e-002 -8.6127923e-002
  8.6023252e-002 -8.6023252e-002
  8.5912583e-002 -8.5912583e-002
  8.5793999e-002 -8.5793999e-002
  8.5693990e-002 -8.5693990e-002
  8.5611569e-002 -8.5611569e-002
  8.5495710e-002 -8.5495710e-002
  8.5357336e-002 -8.5357336e-002
  8.5322071e-002 -8.5322071e-002
  8.5325401e-002 -8.5325401e-002
  8.5274183e-002 -8.5274183e-002
  8.5206168e-002 -8.5206168e-002
  8.5199468e-002 -8.5199468e-002
  8.5203742e-002 -8.5203742e-002
  8.5184950e-002 -8.5184950e-002
  8.5163566e-002 -8.5163566e-002
  8.5083072e-002 -8.5083072e-002
  8.4997826e-002 -8.4997826e-002
  8.4941049e-002 -8.4941049e-002
  8.4880858e-002 -8.4880858e-002
  8.4805287e-002 -8.4805287e-002
  8.4722827e-002 -8.4722827e-002
  8.4621331e-002 -8.4621331e-002
  8.4534555e-002 -8.4534555e-002
  8.4475168e-002 -8.4475168e-002
  8.4433789e-002 -8.4433789e-002
  8.4425387e-002 -8.4425387e-002
  8.4475496e-002 -8.4475496e-002
  8.4580393e-002 -8.4580393e-002
  8.4591821e-002 -8.4591821e-002
  8.4540932e-002 -8.4540932e-002
  8.4462939e-002 -8.4462939e-002
  8.4372383e-002 -8.4372383e-002
  8.4273997e-002 -8.4273997e-002
  8.4174437e-002 -8.4174437e-002
  8.4163105e-002 -8.4163105e-002
  8.4167278e-002 -8.4167278e-002
  8.3842599e-002 -8.3842599e-002
  8.3500440e-002 -8.3500440e-002
  8.3477670e-002 -8.3477670e-002
  8.3454789e-002 -8.3454789e-002
  8.3428158e-002 -8.3428158e-002
  8.3385755e-002 -8.3385755e-002
  8.3273791e-002 -8.3273791e-002
  8.3169236e-002 -8.3169236e-002
  8.3084924e-002 -8.3084924e-002
  8.3044807e-002 -8.3044807e-002
  8.3086104e-002 -8.3086104e-002
  8.3052947e-002 -8.3052947e-002
  8.2923679e-002 -8.2923679e-002
  8.2838531e-002 -8.2838531e-002
  8.2794287e-002 -8.2794287e-002
  8.2743956e-002 -8.2743956e-002
  8.2689595e-002 -8.2689595e-002
  8.2620532e-002 -8.2620532e-002
  8.2544735e-002 -8.2544735e-002
  8.2352851e-002 -8.2352851e-002
  8.2128039e-002 -8.2128039e-002
  8.1964939e-002 -8.1964939e-002
  8.1812475e-002 -8.1812475e-002
  8.1727994e-002 -8.1727994e-002
  8.1646559e-002 -8.1646559e-002
  8.1488917e-002 -8.1488917e-002
  8.1317335e-002 -8.1317335e-002
  8.1025185e-002 -8.1025185e-002
  8.0761087e-002 -8.0761087e-002
  8.0589666e-002 -8.0589666e-002
  8.0421806e-002 -8.0421806e-002
  8.0263545e-002 -8.0263545e-002
  8.0139937e-002 -8.0139937e-002
  8.0079496e-002 -8.0079496e-002
  7.9958279e-002 -7.9958279e-002
  7.9759008e-002 -7.9759008e-002
  7.9605859e-002 -7.9605859e-002
  7.9488258e-002 -7.9488258e-002
  7.9324803e-002 -7.9324803e-002
  7.9131392e-002 -7.9131392e-002
  7.8977411e-002 -7.8977411e-002
  7.8841277e-002 -7.8841277e-002
  7.8622637e-002 -7.8622637e-002
  7.8379621e-002 -7.8379621e-002
  7.8146700e-002 -7.8146700e-002
  7.7913373e-002 -7.7913373e-002
  7.7599342e-002 -7.7599342e-002
  7.7281906e-002 -7.7281906e-002
  7.7044074e-002 -7.7044074e-002
  7.6815694e-002 -7.6815694e-002
  7.6666962e-002 -7.6666962e-002
  7.6496606e-002 -7.6496606e-002
  7.6247270e-002 -7.6247270e-002
  7.6024299e-002 -7.6024299e-002
  7.5871476e-002 -7.5871476e-002
  7.5710068e-002 -7.5710068e-002
  7.5533176e-002 -7.5533176e-002
  7.5311814e-002 -7.5311814e-002
  7.5033908e-002 -7.5033908e-002
  7.4735162e-002 -7.4735162e-002
  7.4436910e-002 -7.4436910e-002
  7.4082729e-002 -7.4082729e-002
  7.3692385e-002 -7.3692385e-002
  7.3472552e-002 -7.3472552e-002
  7.3329016e-002 -7.3329016e-002
  7.3110456e-002 -7.3110456e-002
  7.2870039e-002 -7.2870039e-002
  7.2740356e-002 -7.2740356e-002
  7.2649842e-002 -7.2649842e-002
  7.2547018e-002 -7.2547018e-002
  7.2429098e-002 -7.2429098e-002
  7.1752650e-002 -7.1752650e-002
  7.1115545e-002 -7.1115545e-002
  7.0801523e-002 -7.0801523e-002
  7.0500253e-002 -7.0500253e-002
  7.0252620e-002 -7.0252620e-002
  6.9986133e-002 -6.9986133e-002
  6.9603181e-002 -6.9603181e-002
  6.9264217e-002 -6.9264217e-002
  6.9003735e-002 -6.9003735e-002
  6.8738243e-002 -6.8738243e-002
  6.8725048e-002 -6.8725048e-002
  6.8711854e-002 -6.8711854e-002
  6.8698659e-002 -6.8698659e-002
