 -0.0000000e+000  0.0000000e+000
 -0.0000000e+000  0.0000000e+000
 -0.0000000e+000  0.0000000e+000
 -0.0000000e+000  0.0000000e+000
 -0.0000000e+000  0.0000000e+000
 -0.0000000e+000  0.0000000e+000
 -0.0000000e+000  0.0000000e+000
 -0.0000000e+000  0.0000000e+000
 -0.0000000e+000  0.0000000e+000
 -0.0000000e+000  0.0000000e+000
 -0.0000000e+000  0.0000000e+000
 -0.0000000e+000  0.0000000e+000
 -0.0000000e+000  0.0000000e+000
 -0.0000000e+000  0.0000000e+000
 -0.0000000e+000  0.0000000e+000
 -0.0000000e+000  0.0000000e+000
 -0.0000000e+000  0.0000000e+000
 -0.0000000e+000  0.0000000e+000
 -0.0000000e+000  0.0000000e+000
 -0.0000000e+000  0.0000000e+000
 -0.0000000e+000  0.0000000e+000
 -0.0000000e+000  0.0000000e+000
 -0.0000000e+000  0.0000000e+000
 -0.0000000e+000  0.0000000e+000
 -0.0000000e+000  0.0000000e+000
 -0.0000000e+000  0.0000000e+000
 -0.0000000e+000  0.0000000e+000
 -0.0000000e+000  0.0000000e+000
 -0.0000000e+000  0.0000000e+000
 -0.0000000e+000  0.0000000e+000
 -0.0000000e+000  0.0000000e+000
 -0.0000000e+000  0.0000000e+000
 -0.0000000e+000  0.0000000e+000
 -0.0000000e+000  0.0000000e+000
 -0.0000000e+000  0.0000000e+000
 -0.0000000e+000  0.0000000e+000
 -0.0000000e+000  0.0000000e+000
 -0.0000000e+000  0.0000000e+000
 -0.0000000e+000  0.0000000e+000
 -0.0000000e+000  0.0000000e+000
 -0.0000000e+000  0.0000000e+000
 -0.0000000e+000  0.0000000e+000
 -0.0000000e+000  0.0000000e+000
 -0.0000000e+000  0.0000000e+000
 -0.0000000e+000  0.0000000e+000
 -0.0000000e+000  0.0000000e+000
 -0.0000000e+000  0.0000000e+000
 -0.0000000e+000  0.0000000e+000
 -0.0000000e+000  0.0000000e+000
 -0.0000000e+000  0.0000000e+000
 -0.0000000e+000  0.0000000e+000
 -0.0000000e+000  0.0000000e+000
 -0.0000000e+000  0.0000000e+000
 -0.0000000e+000  0.0000000e+000
 -0.0000000e+000  0.0000000e+000
 -0.0000000e+000  0.0000000e+000
 -0.0000000e+000  0.0000000e+000
 -0.0000000e+000  0.0000000e+000
 -0.0000000e+000  0.0000000e+000
 -0.0000000e+000  0.0000000e+000
 -0.0000000e+000  0.0000000e+000
 -0.0000000e+000  0.0000000e+000
 -0.0000000e+000  0.0000000e+000
 -0.0000000e+000  0.0000000e+000
 -0.0000000e+000  0.0000000e+000
 -0.0000000e+000  0.0000000e+000
 -0.0000000e+000  0.0000000e+000
 -0.0000000e+000  0.0000000e+000
 -0.0000000e+000  0.0000000e+000
 -0.0000000e+000  0.0000000e+000
 -0.0000000e+000  0.0000000e+000
 -0.0000000e+000  0.0000000e+000
 -0.0000000e+000  0.0000000e+000
 -0.0000000e+000  0.0000000e+000
 -0.0000000e+000  0.0000000e+000
 -0.0000000e+000  0.0000000e+000
 -0.0000000e+000  0.0000000e+000
 -0.0000000e+000  0.0000000e+000
 -0.0000000e+000  0.0000000e+000
 -0.0000000e+000  0.0000000e+000
 -0.0000000e+000  0.0000000e+000
 -0.0000000e+000  0.0000000e+000
 -0.0000000e+000  0.0000000e+000
 -0.0000000e+000  0.0000000e+000
 -0.0000000e+000  0.0000000e+000
 -0.0000000e+000  0.0000000e+000
 -0.0000000e+000  0.0000000e+000
 -0.0000000e+000  0.0000000e+000
 -0.0000000e+000  0.0000000e+000
 -0.0000000e+000  0.0000000e+000
 -0.0000000e+000  0.0000000e+000
 -0.0000000e+000  0.0000000e+000
 -0.0000000e+000  0.0000000e+000
 -0.0000000e+000  0.0000000e+000
 -0.0000000e+000  0.0000000e+000
 -0.0000000e+000  0.0000000e+000
 -0.0000000e+000  0.0000000e+000
 -0.0000000e+000  0.0000000e+000
 -0.0000000e+000  0.0000000e+000
 -0.0000000e+000  0.0000000e+000
 -0.0000000e+000  0.0000000e+000
 -0.0000000e+000  0.0000000e+000
 -0.0000000e+000  0.0000000e+000
 -0.0000000e+000  0.0000000e+000
 -0.0000000e+000  0.0000000e+000
 -0.0000000e+000  0.0000000e+000
  2.6457432e-005 -2.6457432e-005
  7.0950509e-005 -7.0950509e-005
  9.1136850e-005 -9.1136850e-005
  9.9788823e-005 -9.9788823e-005
  9.0113322e-005 -9.0113322e-005
  7.4704631e-005 -7.4704631e-005
  1.2686616e-004 -1.2686616e-004
  1.9139779e-004 -1.9139779e-004
  1.1882969e-004 -1.1882969e-004
  3.8013369e-005 -3.8013369e-005
  1.3829814e-004 -1.3829814e-004
  2.0989610e-004 -2.0989610e-004
  1.0970839e-005 -1.0970839e-005
 -1.3920120e-004  1.3920120e-004
 -6.6390781e-005  6.6390781e-005
  1.3296739e-006 -1.3296739e-006
  5.4783149e-005 -5.4783149e-005
  7.0020191e-005 -7.0020191e-005
  1.3178381e-005 -1.3178381e-005
  7.5706243e-005 -7.5706243e-005
  2.9644836e-004 -2.9644836e-004
  3.9564734e-004 -3.9564734e-004
  3.7972617e-004 -3.7972617e-004
  3.1323454e-004 -3.1323454e-004
  2.1262117e-004 -2.1262117e-004
  1.1132957e-004 -1.1132957e-004
  9.7197474e-006 -9.7197474e-006
 -1.8837674e-004  1.8837674e-004
 -4.1624716e-004  4.1624716e-004
 -5.6185281e-004  5.6185281e-004
 -6.9268150e-004  6.9268150e-004
 -6.6167341e-004  6.6167341e-004
 -6.1907308e-004  6.1907308e-004
 -5.9994720e-004  5.9994720e-004
 -5.9744465e-004  5.9744465e-004
 -7.4735390e-004  7.4735390e-004
 -8.7916846e-004  8.7916846e-004
 -9.2959152e-004  9.2959152e-004
 -1.0173145e-003  1.0173145e-003
 -1.2082689e-003  1.2082689e-003
 -1.3383945e-003  1.3383945e-003
 -1.3550339e-003  1.3550339e-003
 -1.4733685e-003  1.4733685e-003
 -1.7251423e-003  1.7251423e-003
 -1.6688575e-003  1.6688575e-003
 -1.3236616e-003  1.3236616e-003
 -1.1222057e-003  1.1222057e-003
 -1.0167458e-003  1.0167458e-003
 -9.9909661e-004  9.9909661e-004
 -1.0221813e-003  1.0221813e-003
 -1.1607652e-003  1.1607652e-003
 -1.3345035e-003  1.3345035e-003
 -1.3145035e-003  1.3145035e-003
 -1.2603660e-003  1.2603660e-003
 -1.3543242e-003  1.3543242e-003
 -1.4577317e-003  1.4577317e-003
 -1.5007554e-003  1.5007554e-003
 -1.5324113e-003  1.5324113e-003
 -1.4626705e-003  1.4626705e-003
 -1.4198232e-003  1.4198232e-003
 -1.4959664e-003  1.4959664e-003
 -1.5901434e-003  1.5901434e-003
 -1.7336048e-003  1.7336048e-003
 -1.8501381e-003  1.8501381e-003
 -1.9169744e-003  1.9169744e-003
 -2.0302928e-003  2.0302928e-003
 -2.2039930e-003  2.2039930e-003
 -2.2127975e-003  2.2127975e-003
 -2.0684758e-003  2.0684758e-003
 -1.9292140e-003  1.9292140e-003
 -1.7932967e-003  1.7932967e-003
 -1.7251058e-003  1.7251058e-003
 -1.6879750e-003  1.6879750e-003
 -1.6349973e-003  1.6349973e-003
 -1.5772626e-003  1.5772626e-003
 -1.4077418e-003  1.4077418e-003
 -1.2189044e-003  1.2189044e-003
 -1.2668392e-003  1.2668392e-003
 -1.3321165e-003  1.3321165e-003
 -1.4573170e-003  1.4573170e-003
 -1.5780977e-003  1.5780977e-003
 -1.6605027e-003  1.6605027e-003
 -1.7379563e-003  1.7379563e-003
 -1.7938570e-003  1.7938570e-003
 -1.8386438e-003  1.8386438e-003
 -1.8534361e-003  1.8534361e-003
 -1.9364907e-003  1.9364907e-003
 -2.1441724e-003  2.1441724e-003
 -2.3279327e-003  2.3279327e-003
 -2.4809285e-003  2.4809285e-003
 -2.5453468e-003  2.5453468e-003
 -2.5283186e-003  2.5283186e-003
 -2.4250122e-003  2.4250122e-003
 -2.2652598e-003  2.2652598e-003
 -2.1549569e-003  2.1549569e-003
 -2.0670736e-003  2.0670736e-003
 -1.9780557e-003  1.9780557e-003
 -1.8887020e-003  1.8887020e-003
 -1.8566836e-003  1.8566836e-003
 -1.8343788e-003  1.8343788e-003
 -2.0844959e-003  2.0844959e-003
 -2.3449772e-003  2.3449772e-003
 -2.2780123e-003  2.2780123e-003
 -2.2025904e-003  2.2025904e-003
 -2.0556485e-003  2.0556485e-003
 -1.9613116e-003  1.9613116e-003
 -2.0922865e-003  2.0922865e-003
 -2.1473621e-003  2.1473621e-003
 -2.0001362e-003  2.0001362e-003
 -1.9175153e-003  1.9175153e-003
 -1.9492651e-003  1.9492651e-003
 -1.9339774e-003  1.9339774e-003
 -1.8587992e-003  1.8587992e-003
 -1.7944326e-003  1.7944326e-003
 -1.7399095e-003  1.7399095e-003
 -1.6261450e-003  1.6261450e-003
 -1.4740212e-003  1.4740212e-003
 -1.5670339e-003  1.5670339e-003
 -1.7449146e-003  1.7449146e-003
 -1.7778709e-003  1.7778709e-003
 -1.7685244e-003  1.7685244e-003
 -1.6868957e-003  1.6868957e-003
 -1.5932645e-003  1.5932645e-003
 -1.5970748e-003  1.5970748e-003
 -1.5966535e-003  1.5966535e-003
 -1.1880194e-003  1.1880194e-003
 -7.9567967e-004  7.9567967e-004
 -8.3903756e-004  8.3903756e-004
 -7.6376996e-004  7.6376996e-004
 -1.8848240e-004  1.8848240e-004
  2.4073743e-004 -2.4073743e-004
  2.8542777e-004 -2.8542777e-004
  3.5788991e-004 -3.5788991e-004
  4.7997609e-004 -4.7997609e-004
  6.5368044e-004 -6.5368044e-004
  8.3000824e-004 -8.3000824e-004
  7.9831619e-004 -7.9831619e-004
  5.7909851e-004 -5.7909851e-004
  6.5671641e-004 -6.5671641e-004
  9.2455760e-004 -9.2455760e-004
  1.0370039e-003 -1.0370039e-003
  1.0806050e-003 -1.0806050e-003
  1.3637815e-003 -1.3637815e-003
  1.7057133e-003 -1.7057133e-003
  1.9072119e-003 -1.9072119e-003
  2.0858609e-003 -2.0858609e-003
  2.6886474e-003 -2.6886474e-003
  3.3084775e-003 -3.3084775e-003
  3.6305232e-003 -3.6305232e-003
  3.9188362e-003 -3.9188362e-003
  3.9523043e-003 -3.9523043e-003
  4.0366751e-003 -4.0366751e-003
  4.3322342e-003 -4.3322342e-003
  4.6261685e-003 -4.6261685e-003
  4.9158780e-003 -4.9158780e-003
  5.2320282e-003 -5.2320282e-003
  5.5949205e-003 -5.5949205e-003
  5.9083116e-003 -5.9083116e-003
  6.1858495e-003 -6.1858495e-003
  6.5019155e-003 -6.5019155e-003
  6.8523717e-003 -6.8523717e-003
  6.9215913e-003 -6.9215913e-003
  6.8124446e-003 -6.8124446e-003
  6.9378024e-003 -6.9378024e-003
  7.1658534e-003 -7.1658534e-003
  7.4139556e-003 -7.4139556e-003
  7.7003856e-003 -7.7003856e-003
  8.1708401e-003 -8.1708401e-003
  8.6706247e-003 -8.6706247e-003
  8.9024715e-003 -8.9024715e-003
  9.1173524e-003 -9.1173524e-003
  9.2767846e-003 -9.2767846e-003
  9.4491179e-003 -9.4491179e-003
  9.7225720e-003 -9.7225720e-003
  1.0019592e-002 -1.0019592e-002
  1.0310755e-002 -1.0310755e-002
  1.0647921e-002 -1.0647921e-002
  1.1103249e-002 -1.1103249e-002
  1.1482148e-002 -1.1482148e-002
  1.1727371e-002 -1.1727371e-002
  1.2106012e-002 -1.2106012e-002
  1.2649509e-002 -1.2649509e-002
  1.3051428e-002 -1.3051428e-002
  1.3311649e-002 -1.3311649e-002
  1.3534602e-002 -1.3534602e-002
  1.3734161e-002 -1.3734161e-002
  1.3890546e-002 -1.3890546e-002
  1.4028245e-002 -1.4028245e-002
  1.4236898e-002 -1.4236898e-002
  1.4465395e-002 -1.4465395e-002
  1.4469720e-002 -1.4469720e-002
  1.4437468e-002 -1.4437468e-002
  1.4537926e-002 -1.4537926e-002
  1.4650420e-002 -1.4650420e-002
  1.4908846e-002 -1.4908846e-002
  1.5177083e-002 -1.5177083e-002
  1.5520376e-002 -1.5520376e-002
  1.5874504e-002 -1.5874504e-002
  1.6274980e-002 -1.6274980e-002
  1.6752255e-002 -1.6752255e-002
  1.7424404e-002 -1.7424404e-002
  1.7981513e-002 -1.7981513e-002
  1.8339542e-002 -1.8339542e-002
  1.8747171e-002 -1.8747171e-002
  1.9215479e-002 -1.9215479e-002
  1.9546434e-002 -1.9546434e-002
  1.9758814e-002 -1.9758814e-002
  2.0030434e-002 -2.0030434e-002
  2.0338852e-002 -2.0338852e-002
  2.0695874e-002 -2.0695874e-002
  2.1073687e-002 -2.1073687e-002
  2.1269358e-002 -2.1269358e-002
  2.1414822e-002 -2.1414822e-002
  2.1694117e-002 -2.1694117e-002
  2.1988766e-002 -2.1988766e-002
  2.2551657e-002 -2.2551657e-002
  2.3124793e-002 -2.3124793e-002
  2.3597990e-002 -2.3597990e-002
  2.4046059e-002 -2.4046059e-002
  2.4306456e-002 -2.4306456e-002
  2.4561939e-002 -2.4561939e-002
  2.4797963e-002 -2.4797963e-002
  2.5063483e-002 -2.5063483e-002
  2.5410489e-002 -2.5410489e-002
  2.5770150e-002 -2.5770150e-002
  2.6151484e-002 -2.6151484e-002
  2.6603180e-002 -2.6603180e-002
  2.7140101e-002 -2.7140101e-002
  2.7515504e-002 -2.7515504e-002
  2.7750958e-002 -2.7750958e-002
  2.7927693e-002 -2.7927693e-002
  2.8070467e-002 -2.8070467e-002
  2.8376203e-002 -2.8376203e-002
  2.8750836e-002 -2.8750836e-002
  2.9213357e-002 -2.9213357e-002
  2.9699751e-002 -2.9699751e-002
  2.9952556e-002 -2.9952556e-002
  3.0170433e-002 -3.0170433e-002
  3.0423070e-002 -3.0423070e-002
  3.0679176e-002 -3.0679176e-002
  3.0975805e-002 -3.0975805e-002
  3.1269318e-002 -3.1269318e-002
  3.1540103e-002 -3.1540103e-002
  3.1807618e-002 -3.1807618e-002
  3.2062382e-002 -3.2062382e-002
  3.2254222e-002 -3.2254222e-002
  3.2287208e-002 -3.2287208e-002
  3.2343047e-002 -3.2343047e-002
  3.2437600e-002 -3.2437600e-002
  3.2584424e-002 -3.2584424e-002
  3.2793931e-002 -3.2793931e-002
  3.3008854e-002 -3.3008854e-002
  3.3228422e-002 -3.3228422e-002
  3.3605583e-002 -3.3605583e-002
  3.4074669e-002 -3.4074669e-002
  3.4334935e-002 -3.4334935e-002
  3.4507957e-002 -3.4507957e-002
  3.4837200e-002 -3.4837200e-002
  3.5208256e-002 -3.5208256e-002
  3.5323217e-002 -3.5323217e-002
  3.5400722e-002 -3.5400722e-002
  3.5633242e-002 -3.5633242e-002
  3.5862922e-002 -3.5862922e-002
  3.5900327e-002 -3.5900327e-002
  3.5956020e-002 -3.5956020e-002
  3.6142095e-002 -3.6142095e-002
  3.6323617e-002 -3.6323617e-002
  3.6487657e-002 -3.6487657e-002
  3.6630813e-002 -3.6630813e-002
  3.6722864e-002 -3.6722864e-002
  3.6859578e-002 -3.6859578e-002
  3.7077375e-002 -3.7077375e-002
  3.7346124e-002 -3.7346124e-002
  3.7675369e-002 -3.7675369e-002
  3.7914188e-002 -3.7914188e-002
  3.8076196e-002 -3.8076196e-002
  3.8245741e-002 -3.8245741e-002
  3.8419822e-002 -3.8419822e-002
  3.8569987e-002 -3.8569987e-002
  3.8712094e-002 -3.8712094e-002
  3.8759153e-002 -3.8759153e-002
  3.8781150e-002 -3.8781150e-002
  3.8935464e-002 -3.8935464e-002
  3.9108706e-002 -3.9108706e-002
  3.9300137e-002 -3.9300137e-002
  3.9499003e-002 -3.9499003e-002
  3.9848019e-002 -3.9848019e-002
  4.0184160e-002 -4.0184160e-002
  4.0430575e-002 -4.0430575e-002
  4.0711663e-002 -4.0711663e-002
  4.1123965e-002 -4.1123965e-002
  4.1485032e-002 -4.1485032e-002
  4.1722214e-002 -4.1722214e-002
  4.1955372e-002 -4.1955372e-002
  4.2177691e-002 -4.2177691e-002
  4.2373515e-002 -4.2373515e-002
  4.2538191e-002 -4.2538191e-002
  4.2706127e-002 -4.2706127e-002
  4.2876807e-002 -4.2876807e-002
  4.3278399e-002 -4.3278399e-002
  4.3817527e-002 -4.3817527e-002
  4.4216488e-002 -4.4216488e-002
  4.4557576e-002 -4.4557576e-002
  4.4743031e-002 -4.4743031e-002
  4.4888055e-002 -4.4888055e-002
  4.5311099e-002 -4.5311099e-002
  4.5773015e-002 -4.5773015e-002
  4.6037781e-002 -4.6037781e-002
  4.6294282e-002 -4.6294282e-002
  4.6545701e-002 -4.6545701e-002
  4.6773570e-002 -4.6773570e-002
  4.6878781e-002 -4.6878781e-002
  4.7002805e-002 -4.7002805e-002
  4.7196964e-002 -4.7196964e-002
  4.7399911e-002 -4.7399911e-002
  4.7623852e-002 -4.7623852e-002
  4.7806055e-002 -4.7806055e-002
  4.7919745e-002 -4.7919745e-002
  4.7963685e-002 -4.7963685e-002
  4.7927513e-002 -4.7927513e-002
  4.7903464e-002 -4.7903464e-002
  4.7889509e-002 -4.7889509e-002
  4.8214572e-002 -4.8214572e-002
  4.8739437e-002 -4.8739437e-002
  4.9114442e-002 -4.9114442e-002
  4.9429042e-002 -4.9429042e-002
  4.9499646e-002 -4.9499646e-002
  4.9508589e-002 -4.9508589e-002
  4.9672780e-002 -4.9672780e-002
  4.9858180e-002 -4.9858180e-002
  4.9983765e-002 -4.9983765e-002
  5.0104094e-002 -5.0104094e-002
  5.0163856e-002 -5.0163856e-002
  5.0244285e-002 -5.0244285e-002
  5.0459274e-002 -5.0459274e-002
  5.0674915e-002 -5.0674915e-002
  5.0892952e-002 -5.0892952e-002
  5.1141455e-002 -5.1141455e-002
  5.1461902e-002 -5.1461902e-002
  5.1726553e-002 -5.1726553e-002
  5.1900567e-002 -5.1900567e-002
  5.1965128e-002 -5.1965128e-002
  5.1902386e-002 -5.1902386e-002
  5.1952290e-002 -5.1952290e-002
  5.2095064e-002 -5.2095064e-002
  5.2361184e-002 -5.2361184e-002
  5.2699233e-002 -5.2699233e-002
  5.3062908e-002 -5.3062908e-002
  5.3436786e-002 -5.3436786e-002
  5.3703593e-002 -5.3703593e-002
  5.3938095e-002 -5.3938095e-002
  5.4202163e-002 -5.4202163e-002
  5.4470177e-002 -5.4470177e-002
  5.4631551e-002 -5.4631551e-002
  5.4784707e-002 -5.4784707e-002
  5.4852265e-002 -5.4852265e-002
  5.4943630e-002 -5.4943630e-002
  5.5190350e-002 -5.5190350e-002
  5.5422046e-002 -5.5422046e-002
  5.5600191e-002 -5.5600191e-002
  5.5773536e-002 -5.5773536e-002
  5.5935679e-002 -5.5935679e-002
  5.6150563e-002 -5.6150563e-002
  5.6450232e-002 -5.6450232e-002
  5.6689585e-002 -5.6689585e-002
  5.6860111e-002 -5.6860111e-002
  5.7045717e-002 -5.7045717e-002
  5.7247411e-002 -5.7247411e-002
  5.7474693e-002 -5.7474693e-002
  5.7716740e-002 -5.7716740e-002
  5.8018746e-002 -5.8018746e-002
  5.8344341e-002 -5.8344341e-002
  5.8443030e-002 -5.8443030e-002
  5.8485415e-002 -5.8485415e-002
  5.8652299e-002 -5.8652299e-002
  5.8835646e-002 -5.8835646e-002
  5.8961009e-002 -5.8961009e-002
  5.9086189e-002 -5.9086189e-002
  5.9242797e-002 -5.9242797e-002
  5.9407051e-002 -5.9407051e-002
  5.9620152e-002 -5.9620152e-002
  5.9817121e-002 -5.9817121e-002
  5.9953285e-002 -5.9953285e-002
  6.0136107e-002 -6.0136107e-002
  6.0426545e-002 -6.0426545e-002
  6.0680213e-002 -6.0680213e-002
  6.0875385e-002 -6.0875385e-002
  6.1239749e-002 -6.1239749e-002
  6.1795281e-002 -6.1795281e-002
  6.2130679e-002 -6.2130679e-002
  6.2287940e-002 -6.2287940e-002
  6.2414595e-002 -6.2414595e-002
  6.2523777e-002 -6.2523777e-002
  6.2626705e-002 -6.2626705e-002
  6.2727203e-002 -6.2727203e-002
  6.2807192e-002 -6.2807192e-002
  6.2882172e-002 -6.2882172e-002
  6.2857490e-002 -6.2857490e-002
  6.2815275e-002 -6.2815275e-002
  6.2876738e-002 -6.2876738e-002
  6.2945257e-002 -6.2945257e-002
  6.3082275e-002 -6.3082275e-002
  6.3204612e-002 -6.3204612e-002
  6.3235104e-002 -6.3235104e-002
  6.3274448e-002 -6.3274448e-002
  6.3344930e-002 -6.3344930e-002
  6.3406521e-002 -6.3406521e-002
  6.3450486e-002 -6.3450486e-002
  6.3498216e-002 -6.3498216e-002
  6.3551877e-002 -6.3551877e-002
  6.3677582e-002 -6.3677582e-002
  6.3883888e-002 -6.3883888e-002
  6.4035412e-002 -6.4035412e-002
  6.4143099e-002 -6.4143099e-002
  6.4263711e-002 -6.4263711e-002
  6.4394104e-002 -6.4394104e-002
  6.4672139e-002 -6.4672139e-002
  6.5006855e-002 -6.5006855e-002
  6.5258605e-002 -6.5258605e-002
  6.5490402e-002 -6.5490402e-002
  6.5672589e-002 -6.5672589e-002
  6.5848624e-002 -6.5848624e-002
  6.5899312e-002 -6.5899312e-002
  6.5957221e-002 -6.5957221e-002
  6.6192212e-002 -6.6192212e-002
  6.6411923e-002 -6.6411923e-002
  6.6537997e-002 -6.6537997e-002
  6.6730612e-002 -6.6730612e-002
  6.7153983e-002 -6.7153983e-002
  6.7472345e-002 -6.7472345e-002
  6.7550372e-002 -6.7550372e-002
  6.7679038e-002 -6.7679038e-002
  6.7886609e-002 -6.7886609e-002
  6.8137789e-002 -6.8137789e-002
  6.8437277e-002 -6.8437277e-002
  6.8597618e-002 -6.8597618e-002
  6.8647730e-002 -6.8647730e-002
  6.8763740e-002 -6.8763740e-002
  6.8914491e-002 -6.8914491e-002
  6.9043938e-002 -6.9043938e-002
  6.9165308e-002 -6.9165308e-002
  6.9286012e-002 -6.9286012e-002
  6.9406558e-002 -6.9406558e-002
  6.9589997e-002 -6.9589997e-002
  6.9781039e-002 -6.9781039e-002
  6.9871431e-002 -6.9871431e-002
  6.9958255e-002 -6.9958255e-002
  7.0076055e-002 -7.0076055e-002
  7.0198492e-002 -7.0198492e-002
  7.0348765e-002 -7.0348765e-002
  7.0489401e-002 -7.0489401e-002
  7.0597085e-002 -7.0597085e-002
  7.0675827e-002 -7.0675827e-002
  7.0690103e-002 -7.0690103e-002
  7.0665855e-002 -7.0665855e-002
  7.0586842e-002 -7.0586842e-002
  7.0683930e-002 -7.0683930e-002
  7.0974173e-002 -7.0974173e-002
  7.1155135e-002 -7.1155135e-002
  7.1250390e-002 -7.1250390e-002
  7.1403470e-002 -7.1403470e-002
  7.1588515e-002 -7.1588515e-002
  7.1763938e-002 -7.1763938e-002
  7.1937143e-002 -7.1937143e-002
  7.2116215e-002 -7.2116215e-002
  7.2296653e-002 -7.2296653e-002
  7.2496704e-002 -7.2496704e-002
  7.2699066e-002 -7.2699066e-002
  7.2810730e-002 -7.2810730e-002
  7.2929744e-002 -7.2929744e-002
  7.3191367e-002 -7.3191367e-002
  7.3455744e-002 -7.3455744e-002
  7.3736319e-002 -7.3736319e-002
  7.3964275e-002 -7.3964275e-002
  7.4014836e-002 -7.4014836e-002
  7.4122409e-002 -7.4122409e-002
  7.4355531e-002 -7.4355531e-002
  7.4569041e-002 -7.4569041e-002
  7.4747293e-002 -7.4747293e-002
  7.4960628e-002 -7.4960628e-002
  7.5212063e-002 -7.5212063e-002
  7.5396875e-002 -7.5396875e-002
  7.5529954e-002 -7.5529954e-002
  7.5759926e-002 -7.5759926e-002
  7.6042887e-002 -7.6042887e-002
  7.6233626e-002 -7.6233626e-002
  7.6388864e-002 -7.6388864e-002
  7.6445008e-002 -7.6445008e-002
  7.6478439e-002 -7.6478439e-002
  7.6522265e-002 -7.6522265e-002
  7.6567285e-002 -7.6567285e-002
  7.6674968e-002 -7.6674968e-002
  7.6781537e-002 -7.6781537e-002
  7.6853770e-002 -7.6853770e-002
  7.6921309e-002 -7.6921309e-002
  7.6984476e-002 -7.6984476e-002
  7.7090800e-002 -7.7090800e-002
  7.7340618e-002 -7.7340618e-002
  7.7536380e-002 -7.7536380e-002
  7.7614467e-002 -7.7614467e-002
  7.7759636e-002 -7.7759636e-002
  7.8006140e-002 -7.8006140e-002
  7.8221198e-002 -7.8221198e-002
  7.8404682e-002 -7.8404682e-002
  7.8641071e-002 -7.8641071e-002
  7.8918129e-002 -7.8918129e-002
  7.9063496e-002 -7.9063496e-002
  7.9137614e-002 -7.9137614e-002
  7.9228279e-002 -7.9228279e-002
  7.9324987e-002 -7.9324987e-002
  7.9574372e-002 -7.9574372e-002
  7.9858914e-002 -7.9858914e-002
  7.9934653e-002 -7.9934653e-002
  7.9987074e-002 -7.9987074e-002
  7.9992803e-002 -7.9992803e-002
  7.9998696e-002 -7.9998696e-002
  8.0018144e-002 -8.0018144e-002
  8.0061264e-002 -8.0061264e-002
  8.0233514e-002 -8.0233514e-002
  8.0398230e-002 -8.0398230e-002
  8.0538236e-002 -8.0538236e-002
  8.0664822e-002 -8.0664822e-002
  8.0762523e-002 -8.0762523e-002
  8.0884101e-002 -8.0884101e-002
  8.1041377e-002 -8.1041377e-002
  8.1151321e-002 -8.1151321e-002
  8.1208552e-002 -8.1208552e-002
  8.1329055e-002 -8.1329055e-002
  8.1497713e-002 -8.1497713e-002
  8.1664073e-002 -8.1664073e-002
  8.1829204e-002 -8.1829204e-002
  8.1911030e-002 -8.1911030e-002
  8.1962808e-002 -8.1962808e-002
  8.2071101e-002 -8.2071101e-002
  8.2188687e-002 -8.2188687e-002
  8.2409340e-002 -8.2409340e-002
  8.2641191e-002 -8.2641191e-002
  8.2678950e-002 -8.2678950e-002
  8.2718633e-002 -8.2718633e-002
  8.2822616e-002 -8.2822616e-002
  8.2914603e-002 -8.2914603e-002
  8.2939987e-002 -8.2939987e-002
  8.2993927e-002 -8.2993927e-002
  8.3152952e-002 -8.3152952e-002
  8.3300191e-002 -8.3300191e-002
  8.3422347e-002 -8.3422347e-002
  8.3518812e-002 -8.3518812e-002
  8.3577256e-002 -8.3577256e-002
  8.3763925e-002 -8.3763925e-002
  8.4085789e-002 -8.4085789e-002
  8.4258803e-002 -8.4258803e-002
  8.4322288e-002 -8.4322288e-002
  8.4373235e-002 -8.4373235e-002
  8.4417546e-002 -8.4417546e-002
  8.4500731e-002 -8.4500731e-002
  8.4597761e-002 -8.4597761e-002
  8.4613940e-002 -8.4613940e-002
  8.4612483e-002 -8.4612483e-002
  8.4605961e-002 -8.4605961e-002
  8.4599247e-002 -8.4599247e-002
  8.4548251e-002 -8.4548251e-002
  8.4513510e-002 -8.4513510e-002
  8.4696699e-002 -8.4696699e-002
  8.4842491e-002 -8.4842491e-002
  8.4784559e-002 -8.4784559e-002
  8.4789489e-002 -8.4789489e-002
  8.4989900e-002 -8.4989900e-002
  8.5162979e-002 -8.5162979e-002
  8.5278548e-002 -8.5278548e-002
  8.5350219e-002 -8.5350219e-002
  8.5357583e-002 -8.5357583e-002
  8.5391207e-002 -8.5391207e-002
  8.5452243e-002 -8.5452243e-002
  8.5538707e-002 -8.5538707e-002
  8.5640665e-002 -8.5640665e-002
  8.5715399e-002 -8.5715399e-002
  8.5775877e-002 -8.5775877e-002
  8.5839404e-002 -8.5839404e-002
  8.5904002e-002 -8.5904002e-002
  8.5972806e-002 -8.5972806e-002
  8.6042511e-002 -8.6042511e-002
  8.6111753e-002 -8.6111753e-002
  8.6176550e-002 -8.6176550e-002
  8.6285077e-002 -8.6285077e-002
  8.6392971e-002 -8.6392971e-002
  8.6487659e-002 -8.6487659e-002
  8.6578284e-002 -8.6578284e-002
  8.6647175e-002 -8.6647175e-002
  8.6744063e-002 -8.6744063e-002
  8.6929081e-002 -8.6929081e-002
  8.7113166e-002 -8.7113166e-002
  8.7303500e-002 -8.7303500e-002
  8.7423848e-002 -8.7423848e-002
  8.7442723e-002 -8.7442723e-002
  8.7493211e-002 -8.7493211e-002
  8.7576377e-002 -8.7576377e-002
  8.7648604e-002 -8.7648604e-002
  8.7712752e-002 -8.7712752e-002
  8.7845305e-002 -8.7845305e-002
  8.8016047e-002 -8.8016047e-002
  8.8043927e-002 -8.8043927e-002
  8.8022219e-002 -8.8022219e-002
  8.8135485e-002 -8.8135485e-002
  8.8277209e-002 -8.8277209e-002
  8.8324242e-002 -8.8324242e-002
  8.8361843e-002 -8.8361843e-002
  8.8469696e-002 -8.8469696e-002
  8.8577802e-002 -8.8577802e-002
  8.8682453e-002 -8.8682453e-002
  8.8798353e-002 -8.8798353e-002
  8.8973297e-002 -8.8973297e-002
  8.9124111e-002 -8.9124111e-002
  8.9199987e-002 -8.9199987e-002
  8.9271938e-002 -8.9271938e-002
  8.9331645e-002 -8.9331645e-002
  8.9367046e-002 -8.9367046e-002
  8.9367560e-002 -8.9367560e-002
  8.9398365e-002 -8.9398365e-002
  8.9460176e-002 -8.9460176e-002
  8.9495995e-002 -8.9495995e-002
  8.9512800e-002 -8.9512800e-002
  8.9548832e-002 -8.9548832e-002
  8.9590775e-002 -8.9590775e-002
  8.9675228e-002 -8.9675228e-002
  8.9774245e-002 -8.9774245e-002
  8.9830554e-002 -8.9830554e-002
  8.9878024e-002 -8.9878024e-002
  8.9887298e-002 -8.9887298e-002
  8.9892891e-002 -8.9892891e-002
  8.9928321e-002 -8.9928321e-002
  8.9961024e-002 -8.9961024e-002
  9.0044066e-002 -9.0044066e-002
  9.0113817e-002 -9.0113817e-002
  9.0115058e-002 -9.0115058e-002
  9.0133725e-002 -9.0133725e-002
  9.0205795e-002 -9.0205795e-002
  9.0273733e-002 -9.0273733e-002
  9.0333266e-002 -9.0333266e-002
  9.0365618e-002 -9.0365618e-002
  9.0368233e-002 -9.0368233e-002
  9.0348681e-002 -9.0348681e-002
  9.0306664e-002 -9.0306664e-002
  9.0408336e-002 -9.0408336e-002
  9.0613980e-002 -9.0613980e-002
  9.0861975e-002 -9.0861975e-002
  9.1131427e-002 -9.1131427e-002
  9.1143585e-002 -9.1143585e-002
  9.1070757e-002 -9.1070757e-002
  9.1026328e-002 -9.1026328e-002
  9.0987682e-002 -9.0987682e-002
  9.1089961e-002 -9.1089961e-002
  9.1205443e-002 -9.1205443e-002
  9.1209535e-002 -9.1209535e-002
  9.1214712e-002 -9.1214712e-002
  9.1228204e-002 -9.1228204e-002
  9.1275044e-002 -9.1275044e-002
  9.1490761e-002 -9.1490761e-002
  9.1652626e-002 -9.1652626e-002
  9.1651634e-002 -9.1651634e-002
  9.1675726e-002 -9.1675726e-002
  9.1750281e-002 -9.1750281e-002
  9.1838536e-002 -9.1838536e-002
  9.1940266e-002 -9.1940266e-002
  9.1998213e-002 -9.1998213e-002
  9.2012221e-002 -9.2012221e-002
  9.2111362e-002 -9.2111362e-002
  9.2271484e-002 -9.2271484e-002
  9.2323252e-002 -9.2323252e-002
  9.2320737e-002 -9.2320737e-002
  9.2330265e-002 -9.2330265e-002
  9.2335246e-002 -9.2335246e-002
  9.2224030e-002 -9.2224030e-002
  9.2089561e-002 -9.2089561e-002
  9.2066382e-002 -9.2066382e-002
  9.2053290e-002 -9.2053290e-002
  9.1975665e-002 -9.1975665e-002
  9.1902330e-002 -9.1902330e-002
  9.1875951e-002 -9.1875951e-002
  9.1853776e-002 -9.1853776e-002
  9.1884721e-002 -9.1884721e-002
  9.1923092e-002 -9.1923092e-002
  9.1983593e-002 -9.1983593e-002
  9.2046078e-002 -9.2046078e-002
  9.2112485e-002 -9.2112485e-002
  9.2158017e-002 -9.2158017e-002
  9.2174467e-002 -9.2174467e-002
  9.2119424e-002 -9.2119424e-002
  9.2001844e-002 -9.2001844e-002
  9.1966430e-002 -9.1966430e-002
  9.1989277e-002 -9.1989277e-002
  9.2007609e-002 -9.2007609e-002
  9.2023705e-002 -9.2023705e-002
  9.1942456e-002 -9.1942456e-002
  9.1829138e-002 -9.1829138e-002
  9.1817572e-002 -9.1817572e-002
  9.1827722e-002 -9.1827722e-002
  9.1825117e-002 -9.1825117e-002
  9.1821204e-002 -9.1821204e-002
  9.1754571e-002 -9.1754571e-002
  9.1695949e-002 -9.1695949e-002
  9.1722179e-002 -9.1722179e-002
  9.1764952e-002 -9.1764952e-002
  9.1879934e-002 -9.1879934e-002
  9.2013169e-002 -9.2013169e-002
  9.2200176e-002 -9.2200176e-002
  9.2334935e-002 -9.2334935e-002
  9.2366923e-002 -9.2366923e-002
  9.2503956e-002 -9.2503956e-002
  9.2785749e-002 -9.2785749e-002
  9.2904561e-002 -9.2904561e-002
  9.2854678e-002 -9.2854678e-002
  9.2942768e-002 -9.2942768e-002
  9.3127715e-002 -9.3127715e-002
  9.3232116e-002 -9.3232116e-002
  9.3297036e-002 -9.3297036e-002
  9.3104685e-002 -9.3104685e-002
  9.2828684e-002 -9.2828684e-002
  9.2781169e-002 -9.2781169e-002
  9.2766406e-002 -9.2766406e-002
  9.2747620e-002 -9.2747620e-002
  9.2729275e-002 -9.2729275e-002
  9.2860317e-002 -9.2860317e-002
  9.2956966e-002 -9.2956966e-002
  9.2700679e-002 -9.2700679e-002
  9.2498235e-002 -9.2498235e-002
  9.2554341e-002 -9.2554341e-002
  9.2612483e-002 -9.2612483e-002
  9.2705498e-002 -9.2705498e-002
  9.2785675e-002 -9.2785675e-002
  9.2840849e-002 -9.2840849e-002
  9.2847720e-002 -9.2847720e-002
  9.2788694e-002 -9.2788694e-002
  9.2701724e-002 -9.2701724e-002
  9.2587529e-002 -9.2587529e-002
  9.2559626e-002 -9.2559626e-002
  9.2598737e-002 -9.2598737e-002
  9.2616319e-002 -9.2616319e-002
  9.2623453e-002 -9.2623453e-002
  9.2582591e-002 -9.2582591e-002
  9.2526344e-002 -9.2526344e-002
  9.2528619e-002 -9.2528619e-002
  9.2541997e-002 -9.2541997e-002
  9.2660889e-002 -9.2660889e-002
  9.2788623e-002 -9.2788623e-002
  9.2818998e-002 -9.2818998e-002
  9.2847959e-002 -9.2847959e-002
  9.2862830e-002 -9.2862830e-002
  9.2854763e-002 -9.2854763e-002
  9.2738430e-002 -9.2738430e-002
  9.2653437e-002 -9.2653437e-002
  9.2648453e-002 -9.2648453e-002
  9.2683430e-002 -9.2683430e-002
  9.2795351e-002 -9.2795351e-002
  9.2851690e-002 -9.2851690e-002
  9.2832953e-002 -9.2832953e-002
  9.2809285e-002 -9.2809285e-002
  9.2780850e-002 -9.2780850e-002
  9.2788661e-002 -9.2788661e-002
  9.2808225e-002 -9.2808225e-002
  9.2840801e-002 -9.2840801e-002
  9.2879617e-002 -9.2879617e-002
  9.2950045e-002 -9.2950045e-002
  9.3030487e-002 -9.3030487e-002
  9.3138787e-002 -9.3138787e-002
  9.3252272e-002 -9.3252272e-002
  9.3027421e-002 -9.3027421e-002
  9.2766374e-002 -9.2766374e-002
  9.2646347e-002 -9.2646347e-002
  9.2531549e-002 -9.2531549e-002
  9.2467395e-002 -9.2467395e-002
  9.2408638e-002 -9.2408638e-002
  9.2374864e-002 -9.2374864e-002
  9.2348254e-002 -9.2348254e-002
  9.2341944e-002 -9.2341944e-002
  9.2311215e-002 -9.2311215e-002
  9.2256025e-002 -9.2256025e-002
  9.2208331e-002 -9.2208331e-002
  9.2170659e-002 -9.2170659e-002
  9.2174221e-002 -9.2174221e-002
  9.2217159e-002 -9.2217159e-002
  9.2173321e-002 -9.2173321e-002
  9.2070407e-002 -9.2070407e-002
  9.1992500e-002 -9.1992500e-002
  9.1932144e-002 -9.1932144e-002
  9.1978492e-002 -9.1978492e-002
  9.2058142e-002 -9.2058142e-002
  9.1862369e-002 -9.1862369e-002
  9.1616308e-002 -9.1616308e-002
  9.1581502e-002 -9.1581502e-002
  9.1562744e-002 -9.1562744e-002
  9.1528971e-002 -9.1528971e-002
  9.1492745e-002 -9.1492745e-002
  9.1433467e-002 -9.1433467e-002
  9.1338904e-002 -9.1338904e-002
  9.1083276e-002 -9.1083276e-002
  9.0876857e-002 -9.0876857e-002
  9.0808094e-002 -9.0808094e-002
  9.0739274e-002 -9.0739274e-002
  9.0659268e-002 -9.0659268e-002
  9.0623560e-002 -9.0623560e-002
  9.0646507e-002 -9.0646507e-002
  9.0640292e-002 -9.0640292e-002
  9.0606515e-002 -9.0606515e-002
  9.0569612e-002 -9.0569612e-002
  9.0530618e-002 -9.0530618e-002
  9.0504363e-002 -9.0504363e-002
  9.0474368e-002 -9.0474368e-002
  9.0369973e-002 -9.0369973e-002
  9.0242667e-002 -9.0242667e-002
  9.0210486e-002 -9.0210486e-002
  9.0195334e-002 -9.0195334e-002
  9.0039378e-002 -9.0039378e-002
  8.9874518e-002 -8.9874518e-002
  8.9802085e-002 -8.9802085e-002
  8.9695464e-002 -8.9695464e-002
  8.9348492e-002 -8.9348492e-002
  8.9055557e-002 -8.9055557e-002
  8.9005063e-002 -8.9005063e-002
  8.8964563e-002 -8.8964563e-002
  8.8951675e-002 -8.8951675e-002
  8.9042592e-002 -8.9042592e-002
  8.9326849e-002 -8.9326849e-002
  8.9388054e-002 -8.9388054e-002
  8.9166380e-002 -8.9166380e-002
  8.9033510e-002 -8.9033510e-002
  8.8983800e-002 -8.8983800e-002
  8.8889269e-002 -8.8889269e-002
  8.8764865e-002 -8.8764865e-002
  8.8672378e-002 -8.8672378e-002
  8.8594663e-002 -8.8594663e-002
  8.8473721e-002 -8.8473721e-002
  8.8340851e-002 -8.8340851e-002
  8.8120896e-002 -8.8120896e-002
  8.7885640e-002 -8.7885640e-002
  8.7808619e-002 -8.7808619e-002
  8.7740281e-002 -8.7740281e-002
  8.7533374e-002 -8.7533374e-002
  8.7336451e-002 -8.7336451e-002
  8.7225478e-002 -8.7225478e-002
  8.7104187e-002 -8.7104187e-002
  8.6937405e-002 -8.6937405e-002
  8.6742512e-002 -8.6742512e-002
  8.6470957e-002 -8.6470957e-002
  8.6383107e-002 -8.6383107e-002
  8.6633751e-002 -8.6633751e-002
  8.6776545e-002 -8.6776545e-002
  8.6779905e-002 -8.6779905e-002
  8.6712979e-002 -8.6712979e-002
  8.6580862e-002 -8.6580862e-002
  8.6491495e-002 -8.6491495e-002
  8.6430332e-002 -8.6430332e-002
  8.6305775e-002 -8.6305775e-002
  8.6152191e-002 -8.6152191e-002
  8.6062490e-002 -8.6062490e-002
  8.5993781e-002 -8.5993781e-002
  8.5769654e-002 -8.5769654e-002
  8.5518746e-002 -8.5518746e-002
  8.5321158e-002 -8.5321158e-002
  8.5129326e-002 -8.5129326e-002
  8.5042031e-002 -8.5042031e-002
  8.4974906e-002 -8.4974906e-002
  8.5082264e-002 -8.5082264e-002
  8.5172434e-002 -8.5172434e-002
  8.5158806e-002 -8.5158806e-002
  8.5162430e-002 -8.5162430e-002
  8.5212536e-002 -8.5212536e-002
  8.5211846e-002 -8.5211846e-002
  8.5118555e-002 -8.5118555e-002
  8.5028058e-002 -8.5028058e-002
  8.4941146e-002 -8.4941146e-002
  8.4828957e-002 -8.4828957e-002
  8.4686757e-002 -8.4686757e-002
  8.4562281e-002 -8.4562281e-002
  8.4449383e-002 -8.4449383e-002
  8.4153675e-002 -8.4153675e-002
  8.3775218e-002 -8.3775218e-002
  8.3608163e-002 -8.3608163e-002
  8.3503564e-002 -8.3503564e-002
  8.3395275e-002 -8.3395275e-002
  8.3284250e-002 -8.3284250e-002
  8.3259236e-002 -8.3259236e-002
  8.3239976e-002 -8.3239976e-002
  8.3228044e-002 -8.3228044e-002
  8.3205291e-002 -8.3205291e-002
  8.3091365e-002 -8.3091365e-002
  8.2980364e-002 -8.2980364e-002
  8.2895292e-002 -8.2895292e-002
  8.2797044e-002 -8.2797044e-002
  8.2663734e-002 -8.2663734e-002
  8.2577493e-002 -8.2577493e-002
  8.2576136e-002 -8.2576136e-002
  8.2480622e-002 -8.2480622e-002
  8.2265391e-002 -8.2265391e-002
  8.2062544e-002 -8.2062544e-002
  8.1890400e-002 -8.1890400e-002
  8.1575279e-002 -8.1575279e-002
  8.1167712e-002 -8.1167712e-002
  8.1010630e-002 -8.1010630e-002
  8.0965629e-002 -8.0965629e-002
  8.0809770e-002 -8.0809770e-002
  8.0621616e-002 -8.0621616e-002
  8.0113323e-002 -8.0113323e-002
  7.9572855e-002 -7.9572855e-002
  7.9379960e-002 -7.9379960e-002
  7.9208859e-002 -7.9208859e-002
  7.9045133e-002 -7.9045133e-002
  7.8844483e-002 -7.8844483e-002
  7.8340634e-002 -7.8340634e-002
  7.7854818e-002 -7.7854818e-002
  7.7444846e-002 -7.7444846e-002
  7.7111761e-002 -7.7111761e-002
  7.6913817e-002 -7.6913817e-002
  7.6760905e-002 -7.6760905e-002
  7.6688334e-002 -7.6688334e-002
  7.6527250e-002 -7.6527250e-002
  7.6514055e-002 -7.6514055e-002
  7.6500861e-002 -7.6500861e-002
  7.6487666e-002 -7.6487666e-002
