 -0.0000000e+000  0.0000000e+000
 -0.0000000e+000  0.0000000e+000
 -0.0000000e+000  0.0000000e+000
 -0.0000000e+000  0.0000000e+000
 -0.0000000e+000  0.0000000e+000
 -0.0000000e+000  0.0000000e+000
 -0.0000000e+000  0.0000000e+000
 -0.0000000e+000  0.0000000e+000
 -0.0000000e+000  0.0000000e+000
 -0.0000000e+000  0.0000000e+000
 -0.0000000e+000  0.0000000e+000
 -0.0000000e+000  0.0000000e+000
 -0.0000000e+000  0.0000000e+000
 -0.0000000e+000  0.0000000e+000
 -0.0000000e+000  0.0000000e+000
 -0.0000000e+000  0.0000000e+000
 -0.0000000e+000  0.0000000e+000
 -0.0000000e+000  0.0000000e+000
 -0.0000000e+000  0.0000000e+000
 -0.0000000e+000  0.0000000e+000
 -0.0000000e+000  0.0000000e+000
 -0.0000000e+000  0.0000000e+000
 -0.0000000e+000  0.0000000e+000
 -0.0000000e+000  0.0000000e+000
 -0.0000000e+000  0.0000000e+000
 -0.0000000e+000  0.0000000e+000
 -0.0000000e+000  0.0000000e+000
 -0.0000000e+000  0.0000000e+000
 -0.0000000e+000  0.0000000e+000
 -0.0000000e+000  0.0000000e+000
 -0.0000000e+000  0.0000000e+000
 -0.0000000e+000  0.0000000e+000
 -0.0000000e+000  0.0000000e+000
 -0.0000000e+000  0.0000000e+000
 -0.0000000e+000  0.0000000e+000
 -0.0000000e+000  0.0000000e+000
 -0.0000000e+000  0.0000000e+000
 -0.0000000e+000  0.0000000e+000
 -0.0000000e+000  0.0000000e+000
 -0.0000000e+000  0.0000000e+000
 -0.0000000e+000  0.0000000e+000
 -0.0000000e+000  0.0000000e+000
 -0.0000000e+000  0.0000000e+000
 -0.0000000e+000  0.0000000e+000
 -0.0000000e+000  0.0000000e+000
 -0.0000000e+000  0.0000000e+000
 -0.0000000e+000  0.0000000e+000
 -0.0000000e+000  0.0000000e+000
 -0.0000000e+000  0.0000000e+000
 -0.0000000e+000  0.0000000e+000
 -0.0000000e+000  0.0000000e+000
 -0.0000000e+000  0.0000000e+000
 -0.0000000e+000  0.0000000e+000
 -0.0000000e+000  0.0000000e+000
 -0.0000000e+000  0.0000000e+000
 -0.0000000e+000  0.0000000e+000
 -0.0000000e+000  0.0000000e+000
 -0.0000000e+000  0.0000000e+000
 -0.0000000e+000  0.0000000e+000
 -0.0000000e+000  0.0000000e+000
 -0.0000000e+000  0.0000000e+000
 -0.0000000e+000  0.0000000e+000
 -0.0000000e+000  0.0000000e+000
 -0.0000000e+000  0.0000000e+000
 -0.0000000e+000  0.0000000e+000
 -0.0000000e+000  0.0000000e+000
 -0.0000000e+000  0.0000000e+000
 -0.0000000e+000  0.0000000e+000
 -0.0000000e+000  0.0000000e+000
 -0.0000000e+000  0.0000000e+000
 -0.0000000e+000  0.0000000e+000
 -0.0000000e+000  0.0000000e+000
 -0.0000000e+000  0.0000000e+000
 -0.0000000e+000  0.0000000e+000
 -0.0000000e+000  0.0000000e+000
 -0.0000000e+000  0.0000000e+000
 -0.0000000e+000  0.0000000e+000
 -0.0000000e+000  0.0000000e+000
 -0.0000000e+000  0.0000000e+000
 -0.0000000e+000  0.0000000e+000
 -0.0000000e+000  0.0000000e+000
 -0.0000000e+000  0.0000000e+000
 -0.0000000e+000  0.0000000e+000
 -0.0000000e+000  0.0000000e+000
 -0.0000000e+000  0.0000000e+000
 -0.0000000e+000  0.0000000e+000
 -0.0000000e+000  0.0000000e+000
 -0.0000000e+000  0.0000000e+000
 -0.0000000e+000  0.0000000e+000
 -0.0000000e+000  0.0000000e+000
 -0.0000000e+000  0.0000000e+000
 -0.0000000e+000  0.0000000e+000
 -0.0000000e+000  0.0000000e+000
 -0.0000000e+000  0.0000000e+000
  1.0554911e-006 -1.0554911e-006
  1.2355294e-005 -1.2355294e-005
  2.9767126e-005 -2.9767126e-005
  7.5608541e-005 -7.5608541e-005
  1.1325380e-004 -1.1325380e-004
  1.2763032e-004 -1.2763032e-004
  1.6608212e-004 -1.6608212e-004
  2.5043990e-004 -2.5043990e-004
  2.4716869e-004 -2.4716869e-004
  1.2657690e-004 -1.2657690e-004
  5.2898614e-005 -5.2898614e-005
  2.4095651e-005 -2.4095651e-005
 -7.2729980e-006  7.2729980e-006
 -4.0390638e-005  4.0390638e-005
 -3.5712487e-005  3.5712487e-005
 -1.3098959e-005  1.3098959e-005
 -5.0649468e-006  5.0649468e-006
 -1.5916897e-006  1.5916897e-006
  4.7197401e-006 -4.7197401e-006
  1.1550755e-005 -1.1550755e-005
  4.0764774e-005 -4.0764774e-005
  7.1124477e-005 -7.1124477e-005
  5.5830883e-005 -5.5830883e-005
  4.2184534e-005 -4.2184534e-005
  4.4072087e-005 -4.4072087e-005
  5.3258649e-006 -5.3258649e-006
 -2.1926695e-004  2.1926695e-004
 -4.5314294e-004  4.5314294e-004
 -7.1303927e-004  7.1303927e-004
 -8.9847025e-004  8.9847025e-004
 -9.4345440e-004  9.4345440e-004
 -9.7339186e-004  9.7339186e-004
 -9.8338625e-004  9.8338625e-004
 -1.0677968e-003  1.0677968e-003
 -1.2226911e-003  1.2226911e-003
 -1.3598469e-003  1.3598469e-003
 -1.4850341e-003  1.4850341e-003
 -1.6947038e-003  1.6947038e-003
 -1.9440118e-003  1.9440118e-003
 -2.0128971e-003  2.0128971e-003
 -2.0261075e-003  2.0261075e-003
 -2.0446445e-003  2.0446445e-003
 -2.0641382e-003  2.0641382e-003
 -2.1403413e-003  2.1403413e-003
 -2.2195959e-003  2.2195959e-003
 -2.2233739e-003  2.2233739e-003
 -2.2267041e-003  2.2267041e-003
 -2.2259283e-003  2.2259283e-003
 -2.2290067e-003  2.2290067e-003
 -2.2494218e-003  2.2494218e-003
 -2.3155200e-003  2.3155200e-003
 -2.5080516e-003  2.5080516e-003
 -2.5923613e-003  2.5923613e-003
 -2.4747652e-003  2.4747652e-003
 -2.4765259e-003  2.4765259e-003
 -2.6349004e-003  2.6349004e-003
 -2.7867247e-003  2.7867247e-003
 -2.9324059e-003  2.9324059e-003
 -3.0091802e-003  3.0091802e-003
 -3.0399355e-003  3.0399355e-003
 -3.0420353e-003  3.0420353e-003
 -3.0308424e-003  3.0308424e-003
 -2.9880249e-003  2.9880249e-003
 -2.9355818e-003  2.9355818e-003
 -3.0071284e-003  3.0071284e-003
 -3.1005224e-003  3.1005224e-003
 -3.1536210e-003  3.1536210e-003
 -3.2033624e-003  3.2033624e-003
 -3.2247997e-003  3.2247997e-003
 -3.2543844e-003  3.2543844e-003
 -3.3566398e-003  3.3566398e-003
 -3.4658669e-003  3.4658669e-003
 -3.6059402e-003  3.6059402e-003
 -3.6829714e-003  3.6829714e-003
 -3.5877141e-003  3.5877141e-003
 -3.5626909e-003  3.5626909e-003
 -3.6672881e-003  3.6672881e-003
 -3.6701875e-003  3.6701875e-003
 -3.5409781e-003  3.5409781e-003
 -3.4827546e-003  3.4827546e-003
 -3.4904504e-003  3.4904504e-003
 -3.5293546e-003  3.5293546e-003
 -3.5888879e-003  3.5888879e-003
 -3.6178145e-003  3.6178145e-003
 -3.6327046e-003  3.6327046e-003
 -3.6928171e-003  3.6928171e-003
 -3.7665048e-003  3.7665048e-003
 -3.8598104e-003  3.8598104e-003
 -3.9565059e-003  3.9565059e-003
 -4.0001258e-003  4.0001258e-003
 -4.0386956e-003  4.0386956e-003
 -4.0060973e-003  4.0060973e-003
 -3.9715956e-003  3.9715956e-003
 -3.9205669e-003  3.9205669e-003
 -3.8858577e-003  3.8858577e-003
 -3.9221847e-003  3.9221847e-003
 -3.9732160e-003  3.9732160e-003
 -4.0639315e-003  4.0639315e-003
 -4.1677050e-003  4.1677050e-003
 -4.2953184e-003  4.2953184e-003
 -4.3546123e-003  4.3546123e-003
 -4.3260429e-003  4.3260429e-003
 -4.2476718e-003  4.2476718e-003
 -4.1235084e-003  4.1235084e-003
 -4.0860541e-003  4.0860541e-003
 -4.1053274e-003  4.1053274e-003
 -4.0895919e-003  4.0895919e-003
 -4.0579840e-003  4.0579840e-003
 -4.0423006e-003  4.0423006e-003
 -4.0313313e-003  4.0313313e-003
 -3.9304964e-003  3.9304964e-003
 -3.8144369e-003  3.8144369e-003
 -3.7676305e-003  3.7676305e-003
 -3.7255624e-003  3.7255624e-003
 -3.6928889e-003  3.6928889e-003
 -3.6450874e-003  3.6450874e-003
 -3.4693526e-003  3.4693526e-003
 -3.3135479e-003  3.3135479e-003
 -3.2431061e-003  3.2431061e-003
 -3.1464147e-003  3.1464147e-003
 -2.9797577e-003  2.9797577e-003
 -2.8467458e-003  2.8467458e-003
 -2.7738073e-003  2.7738073e-003
 -2.6728364e-003  2.6728364e-003
 -2.5361733e-003  2.5361733e-003
 -2.3788431e-003  2.3788431e-003
 -2.2026966e-003  2.2026966e-003
 -1.9904819e-003  1.9904819e-003
 -1.7549127e-003  1.7549127e-003
 -1.5115273e-003  1.5115273e-003
 -1.2551480e-003  1.2551480e-003
 -1.1488233e-003  1.1488233e-003
 -1.0862991e-003  1.0862991e-003
 -8.7911026e-004  8.7911026e-004
 -6.4789954e-004  6.4789954e-004
 -6.4288139e-004  6.4288139e-004
 -6.4670322e-004  6.4670322e-004
 -4.4069372e-004  4.4069372e-004
 -2.2692425e-004  2.2692425e-004
 -2.1246327e-004  2.1246327e-004
 -1.5996014e-004  1.5996014e-004
  5.2895051e-005 -5.2895051e-005
  3.1872648e-004 -3.1872648e-004
  7.2402012e-004 -7.2402012e-004
  1.1829626e-003 -1.1829626e-003
  1.7377676e-003 -1.7377676e-003
  2.2070016e-003 -2.2070016e-003
  2.5181786e-003 -2.5181786e-003
  2.8732830e-003 -2.8732830e-003
  3.2679871e-003 -3.2679871e-003
  3.4773121e-003 -3.4773121e-003
  3.5678394e-003 -3.5678394e-003
  3.7346607e-003 -3.7346607e-003
  3.9352828e-003 -3.9352828e-003
  4.2763600e-003 -4.2763600e-003
  4.6441355e-003 -4.6441355e-003
  4.9281546e-003 -4.9281546e-003
  5.1985460e-003 -5.1985460e-003
  5.4326439e-003 -5.4326439e-003
  5.6634519e-003 -5.6634519e-003
  5.8540942e-003 -5.8540942e-003
  6.0382788e-003 -6.0382788e-003
  6.2085380e-003 -6.2085380e-003
  6.4172033e-003 -6.4172033e-003
  6.7852108e-003 -6.7852108e-003
  7.1446464e-003 -7.1446464e-003
  7.4817927e-003 -7.4817927e-003
  7.7929463e-003 -7.7929463e-003
  8.0581495e-003 -8.0581495e-003
  8.3008643e-003 -8.3008643e-003
  8.5402816e-003 -8.5402816e-003
  8.8477977e-003 -8.8477977e-003
  9.2160989e-003 -9.2160989e-003
  9.4195672e-003 -9.4195672e-003
  9.5184946e-003 -9.5184946e-003
  9.8311890e-003 -9.8311890e-003
  1.0237495e-002 -1.0237495e-002
  1.0438007e-002 -1.0438007e-002
  1.0613003e-002 -1.0613003e-002
  1.0833848e-002 -1.0833848e-002
  1.1062002e-002 -1.1062002e-002
  1.1423503e-002 -1.1423503e-002
  1.1790615e-002 -1.1790615e-002
  1.2092476e-002 -1.2092476e-002
  1.2369859e-002 -1.2369859e-002
  1.2455372e-002 -1.2455372e-002
  1.2598445e-002 -1.2598445e-002
  1.2873555e-002 -1.2873555e-002
  1.3197917e-002 -1.3197917e-002
  1.3648786e-002 -1.3648786e-002
  1.4033693e-002 -1.4033693e-002
  1.4303229e-002 -1.4303229e-002
  1.4578313e-002 -1.4578313e-002
  1.4860253e-002 -1.4860253e-002
  1.5075141e-002 -1.5075141e-002
  1.5217470e-002 -1.5217470e-002
  1.5460451e-002 -1.5460451e-002
  1.5766605e-002 -1.5766605e-002
  1.6028824e-002 -1.6028824e-002
  1.6272027e-002 -1.6272027e-002
  1.6568489e-002 -1.6568489e-002
  1.6879845e-002 -1.6879845e-002
  1.7021733e-002 -1.7021733e-002
  1.7136270e-002 -1.7136270e-002
  1.7528252e-002 -1.7528252e-002
  1.7934405e-002 -1.7934405e-002
  1.8313936e-002 -1.8313936e-002
  1.8682364e-002 -1.8682364e-002
  1.8965849e-002 -1.8965849e-002
  1.9230668e-002 -1.9230668e-002
  1.9426214e-002 -1.9426214e-002
  1.9623143e-002 -1.9623143e-002
  1.9823582e-002 -1.9823582e-002
  2.0082564e-002 -2.0082564e-002
  2.0442851e-002 -2.0442851e-002
  2.0763092e-002 -2.0763092e-002
  2.1034346e-002 -2.1034346e-002
  2.1372033e-002 -2.1372033e-002
  2.1769479e-002 -2.1769479e-002
  2.2213214e-002 -2.2213214e-002
  2.2685704e-002 -2.2685704e-002
  2.2876340e-002 -2.2876340e-002
  2.2946402e-002 -2.2946402e-002
  2.3278285e-002 -2.3278285e-002
  2.3682333e-002 -2.3682333e-002
  2.3941806e-002 -2.3941806e-002
  2.4177336e-002 -2.4177336e-002
  2.4467248e-002 -2.4467248e-002
  2.4758943e-002 -2.4758943e-002
  2.5022186e-002 -2.5022186e-002
  2.5286484e-002 -2.5286484e-002
  2.5558663e-002 -2.5558663e-002
  2.5812073e-002 -2.5812073e-002
  2.5991163e-002 -2.5991163e-002
  2.6190127e-002 -2.6190127e-002
  2.6448770e-002 -2.6448770e-002
  2.6625588e-002 -2.6625588e-002
  2.6662304e-002 -2.6662304e-002
  2.6788407e-002 -2.6788407e-002
  2.7022776e-002 -2.7022776e-002
  2.7194817e-002 -2.7194817e-002
  2.7312854e-002 -2.7312854e-002
  2.7432930e-002 -2.7432930e-002
  2.7555968e-002 -2.7555968e-002
  2.7706887e-002 -2.7706887e-002
  2.7869595e-002 -2.7869595e-002
  2.8172738e-002 -2.8172738e-002
  2.8514027e-002 -2.8514027e-002
  2.8660026e-002 -2.8660026e-002
  2.8776825e-002 -2.8776825e-002
  2.8965894e-002 -2.8965894e-002
  2.9156694e-002 -2.9156694e-002
  2.9294635e-002 -2.9294635e-002
  2.9439783e-002 -2.9439783e-002
  2.9637510e-002 -2.9637510e-002
  2.9855050e-002 -2.9855050e-002
  3.0149851e-002 -3.0149851e-002
  3.0420779e-002 -3.0420779e-002
  3.0631187e-002 -3.0631187e-002
  3.0838442e-002 -3.0838442e-002
  3.1040357e-002 -3.1040357e-002
  3.1189704e-002 -3.1189704e-002
  3.1276009e-002 -3.1276009e-002
  3.1348179e-002 -3.1348179e-002
  3.1408223e-002 -3.1408223e-002
  3.1477064e-002 -3.1477064e-002
  3.1547552e-002 -3.1547552e-002
  3.1684164e-002 -3.1684164e-002
  3.1848400e-002 -3.1848400e-002
  3.2062849e-002 -3.2062849e-002
  3.2290738e-002 -3.2290738e-002
  3.2538143e-002 -3.2538143e-002
  3.2788403e-002 -3.2788403e-002
  3.3016853e-002 -3.3016853e-002
  3.3239967e-002 -3.3239967e-002
  3.3459155e-002 -3.3459155e-002
  3.3678007e-002 -3.3678007e-002
  3.3894479e-002 -3.3894479e-002
  3.4118979e-002 -3.4118979e-002
  3.4374327e-002 -3.4374327e-002
  3.4591020e-002 -3.4591020e-002
  3.4713119e-002 -3.4713119e-002
  3.4841842e-002 -3.4841842e-002
  3.4982447e-002 -3.4982447e-002
  3.5122116e-002 -3.5122116e-002
  3.5260676e-002 -3.5260676e-002
  3.5378823e-002 -3.5378823e-002
  3.5479630e-002 -3.5479630e-002
  3.5637720e-002 -3.5637720e-002
  3.5830288e-002 -3.5830288e-002
  3.6081796e-002 -3.6081796e-002
  3.6359931e-002 -3.6359931e-002
  3.6644555e-002 -3.6644555e-002
  3.6930892e-002 -3.6930892e-002
  3.7117584e-002 -3.7117584e-002
  3.7290024e-002 -3.7290024e-002
  3.7394994e-002 -3.7394994e-002
  3.7497482e-002 -3.7497482e-002
  3.7608564e-002 -3.7608564e-002
  3.7737002e-002 -3.7737002e-002
  3.7986404e-002 -3.7986404e-002
  3.8233187e-002 -3.8233187e-002
  3.8470057e-002 -3.8470057e-002
  3.8659932e-002 -3.8659932e-002
  3.8736163e-002 -3.8736163e-002
  3.8834692e-002 -3.8834692e-002
  3.8967435e-002 -3.8967435e-002
  3.9147321e-002 -3.9147321e-002
  3.9382631e-002 -3.9382631e-002
  3.9615842e-002 -3.9615842e-002
  3.9847287e-002 -3.9847287e-002
  4.0059497e-002 -4.0059497e-002
  4.0260251e-002 -4.0260251e-002
  4.0495300e-002 -4.0495300e-002
  4.0739941e-002 -4.0739941e-002
  4.0889242e-002 -4.0889242e-002
  4.1013776e-002 -4.1013776e-002
  4.1219672e-002 -4.1219672e-002
  4.1436943e-002 -4.1436943e-002
  4.1678826e-002 -4.1678826e-002
  4.1922163e-002 -4.1922163e-002
  4.2175196e-002 -4.2175196e-002
  4.2409339e-002 -4.2409339e-002
  4.2528936e-002 -4.2528936e-002
  4.2672714e-002 -4.2672714e-002
  4.2906644e-002 -4.2906644e-002
  4.3152404e-002 -4.3152404e-002
  4.3426431e-002 -4.3426431e-002
  4.3678376e-002 -4.3678376e-002
  4.3894073e-002 -4.3894073e-002
  4.4097249e-002 -4.4097249e-002
  4.4289892e-002 -4.4289892e-002
  4.4477059e-002 -4.4477059e-002
  4.4659666e-002 -4.4659666e-002
  4.4774353e-002 -4.4774353e-002
  4.4849012e-002 -4.4849012e-002
  4.4896461e-002 -4.4896461e-002
  4.4932944e-002 -4.4932944e-002
  4.5082862e-002 -4.5082862e-002
  4.5262516e-002 -4.5262516e-002
  4.5387110e-002 -4.5387110e-002
  4.5504183e-002 -4.5504183e-002
  4.5730243e-002 -4.5730243e-002
  4.5955644e-002 -4.5955644e-002
  4.6083305e-002 -4.6083305e-002
  4.6226036e-002 -4.6226036e-002
  4.6465771e-002 -4.6465771e-002
  4.6687323e-002 -4.6687323e-002
  4.6842076e-002 -4.6842076e-002
  4.6999257e-002 -4.6999257e-002
  4.7162170e-002 -4.7162170e-002
  4.7331223e-002 -4.7331223e-002
  4.7510252e-002 -4.7510252e-002
  4.7771224e-002 -4.7771224e-002
  4.8124555e-002 -4.8124555e-002
  4.8437733e-002 -4.8437733e-002
  4.8717806e-002 -4.8717806e-002
  4.8975025e-002 -4.8975025e-002
  4.9218914e-002 -4.9218914e-002
  4.9383965e-002 -4.9383965e-002
  4.9517618e-002 -4.9517618e-002
  4.9676308e-002 -4.9676308e-002
  4.9837140e-002 -4.9837140e-002
  5.0089849e-002 -5.0089849e-002
  5.0354819e-002 -5.0354819e-002
  5.0585302e-002 -5.0585302e-002
  5.0815852e-002 -5.0815852e-002
  5.1071193e-002 -5.1071193e-002
  5.1321727e-002 -5.1321727e-002
  5.1540886e-002 -5.1540886e-002
  5.1734176e-002 -5.1734176e-002
  5.1840510e-002 -5.1840510e-002
  5.1971184e-002 -5.1971184e-002
  5.2158660e-002 -5.2158660e-002
  5.2320907e-002 -5.2320907e-002
  5.2442596e-002 -5.2442596e-002
  5.2587473e-002 -5.2587473e-002
  5.2758812e-002 -5.2758812e-002
  5.2933020e-002 -5.2933020e-002
  5.3112784e-002 -5.3112784e-002
  5.3289135e-002 -5.3289135e-002
  5.3463517e-002 -5.3463517e-002
  5.3659196e-002 -5.3659196e-002
  5.3863254e-002 -5.3863254e-002
  5.4060502e-002 -5.4060502e-002
  5.4256059e-002 -5.4256059e-002
  5.4426301e-002 -5.4426301e-002
  5.4593818e-002 -5.4593818e-002
  5.4727446e-002 -5.4727446e-002
  5.4859908e-002 -5.4859908e-002
  5.4991335e-002 -5.4991335e-002
  5.5116570e-002 -5.5116570e-002
  5.5202252e-002 -5.5202252e-002
  5.5304989e-002 -5.5304989e-002
  5.5467425e-002 -5.5467425e-002
  5.5606383e-002 -5.5606383e-002
  5.5691186e-002 -5.5691186e-002
  5.5804399e-002 -5.5804399e-002
  5.5962807e-002 -5.5962807e-002
  5.6125746e-002 -5.6125746e-002
  5.6293805e-002 -5.6293805e-002
  5.6455431e-002 -5.6455431e-002
  5.6607926e-002 -5.6607926e-002
  5.6794261e-002 -5.6794261e-002
  5.6999915e-002 -5.6999915e-002
  5.7146444e-002 -5.7146444e-002
  5.7269992e-002 -5.7269992e-002
  5.7359781e-002 -5.7359781e-002
  5.7441322e-002 -5.7441322e-002
  5.7591587e-002 -5.7591587e-002
  5.7748043e-002 -5.7748043e-002
  5.7897542e-002 -5.7897542e-002
  5.8046039e-002 -5.8046039e-002
  5.8180739e-002 -5.8180739e-002
  5.8331358e-002 -5.8331358e-002
  5.8581568e-002 -5.8581568e-002
  5.8822417e-002 -5.8822417e-002
  5.9030341e-002 -5.9030341e-002
  5.9229258e-002 -5.9229258e-002
  5.9416611e-002 -5.9416611e-002
  5.9588890e-002 -5.9588890e-002
  5.9737435e-002 -5.9737435e-002
  5.9877479e-002 -5.9877479e-002
  6.0008011e-002 -6.0008011e-002
  6.0167899e-002 -6.0167899e-002
  6.0351275e-002 -6.0351275e-002
  6.0514464e-002 -6.0514464e-002
  6.0667953e-002 -6.0667953e-002
  6.0888277e-002 -6.0888277e-002
  6.1134259e-002 -6.1134259e-002
  6.1311997e-002 -6.1311997e-002
  6.1473323e-002 -6.1473323e-002
  6.1688069e-002 -6.1688069e-002
  6.1909442e-002 -6.1909442e-002
  6.2093628e-002 -6.2093628e-002
  6.2272331e-002 -6.2272331e-002
  6.2375294e-002 -6.2375294e-002
  6.2484838e-002 -6.2484838e-002
  6.2634712e-002 -6.2634712e-002
  6.2781986e-002 -6.2781986e-002
  6.2920248e-002 -6.2920248e-002
  6.3072956e-002 -6.3072956e-002
  6.3256136e-002 -6.3256136e-002
  6.3476361e-002 -6.3476361e-002
  6.3754308e-002 -6.3754308e-002
  6.3952696e-002 -6.3952696e-002
  6.4062953e-002 -6.4062953e-002
  6.4177121e-002 -6.4177121e-002
  6.4294387e-002 -6.4294387e-002
  6.4433571e-002 -6.4433571e-002
  6.4580604e-002 -6.4580604e-002
  6.4846877e-002 -6.4846877e-002
  6.5158364e-002 -6.5158364e-002
  6.5287568e-002 -6.5287568e-002
  6.5373622e-002 -6.5373622e-002
  6.5478126e-002 -6.5478126e-002
  6.5584861e-002 -6.5584861e-002
  6.5691641e-002 -6.5691641e-002
  6.5799755e-002 -6.5799755e-002
  6.5987888e-002 -6.5987888e-002
  6.6159436e-002 -6.6159436e-002
  6.6231394e-002 -6.6231394e-002
  6.6300893e-002 -6.6300893e-002
  6.6361982e-002 -6.6361982e-002
  6.6437496e-002 -6.6437496e-002
  6.6545142e-002 -6.6545142e-002
  6.6675214e-002 -6.6675214e-002
  6.6843797e-002 -6.6843797e-002
  6.6974104e-002 -6.6974104e-002
  6.7062428e-002 -6.7062428e-002
  6.7154093e-002 -6.7154093e-002
  6.7248375e-002 -6.7248375e-002
  6.7326949e-002 -6.7326949e-002
  6.7396836e-002 -6.7396836e-002
  6.7518456e-002 -6.7518456e-002
  6.7661098e-002 -6.7661098e-002
  6.7736017e-002 -6.7736017e-002
  6.7795159e-002 -6.7795159e-002
  6.7977823e-002 -6.7977823e-002
  6.8175040e-002 -6.8175040e-002
  6.8356361e-002 -6.8356361e-002
  6.8537848e-002 -6.8537848e-002
  6.8724714e-002 -6.8724714e-002
  6.8914551e-002 -6.8914551e-002
  6.9121875e-002 -6.9121875e-002
  6.9303058e-002 -6.9303058e-002
  6.9396111e-002 -6.9396111e-002
  6.9510687e-002 -6.9510687e-002
  6.9672661e-002 -6.9672661e-002
  6.9809792e-002 -6.9809792e-002
  6.9904147e-002 -6.9904147e-002
  7.0063102e-002 -7.0063102e-002
  7.0292216e-002 -7.0292216e-002
  7.0479045e-002 -7.0479045e-002
  7.0633040e-002 -7.0633040e-002
  7.0735609e-002 -7.0735609e-002
  7.0810052e-002 -7.0810052e-002
  7.0937546e-002 -7.0937546e-002
  7.1081653e-002 -7.1081653e-002
  7.1242452e-002 -7.1242452e-002
  7.1407076e-002 -7.1407076e-002
  7.1530715e-002 -7.1530715e-002
  7.1649652e-002 -7.1649652e-002
  7.1786495e-002 -7.1786495e-002
  7.1928922e-002 -7.1928922e-002
  7.2147638e-002 -7.2147638e-002
  7.2339470e-002 -7.2339470e-002
  7.2392175e-002 -7.2392175e-002
  7.2457686e-002 -7.2457686e-002
  7.2565774e-002 -7.2565774e-002
  7.2701045e-002 -7.2701045e-002
  7.2895493e-002 -7.2895493e-002
  7.3071593e-002 -7.3071593e-002
  7.3219971e-002 -7.3219971e-002
  7.3369014e-002 -7.3369014e-002
  7.3523999e-002 -7.3523999e-002
  7.3607464e-002 -7.3607464e-002
  7.3635950e-002 -7.3635950e-002
  7.3739938e-002 -7.3739938e-002
  7.3884773e-002 -7.3884773e-002
  7.4048310e-002 -7.4048310e-002
  7.4218680e-002 -7.4218680e-002
  7.4370365e-002 -7.4370365e-002
  7.4518674e-002 -7.4518674e-002
  7.4628186e-002 -7.4628186e-002
  7.4733366e-002 -7.4733366e-002
  7.4873353e-002 -7.4873353e-002
  7.5013147e-002 -7.5013147e-002
  7.5141826e-002 -7.5141826e-002
  7.5258642e-002 -7.5258642e-002
  7.5304152e-002 -7.5304152e-002
  7.5361200e-002 -7.5361200e-002
  7.5456081e-002 -7.5456081e-002
  7.5556272e-002 -7.5556272e-002
  7.5667887e-002 -7.5667887e-002
  7.5805987e-002 -7.5805987e-002
  7.5983685e-002 -7.5983685e-002
  7.6126676e-002 -7.6126676e-002
  7.6229008e-002 -7.6229008e-002
  7.6312659e-002 -7.6312659e-002
  7.6382093e-002 -7.6382093e-002
  7.6476317e-002 -7.6476317e-002
  7.6583807e-002 -7.6583807e-002
  7.6672845e-002 -7.6672845e-002
  7.6755227e-002 -7.6755227e-002
  7.6881609e-002 -7.6881609e-002
  7.7013583e-002 -7.7013583e-002
  7.7158092e-002 -7.7158092e-002
  7.7303962e-002 -7.7303962e-002
  7.7387784e-002 -7.7387784e-002
  7.7471651e-002 -7.7471651e-002
  7.7568415e-002 -7.7568415e-002
  7.7660813e-002 -7.7660813e-002
  7.7728981e-002 -7.7728981e-002
  7.7792222e-002 -7.7792222e-002
  7.7856003e-002 -7.7856003e-002
  7.7928979e-002 -7.7928979e-002
  7.8021521e-002 -7.8021521e-002
  7.8118842e-002 -7.8118842e-002
  7.8223235e-002 -7.8223235e-002
  7.8302271e-002 -7.8302271e-002
  7.8354570e-002 -7.8354570e-002
  7.8450920e-002 -7.8450920e-002
  7.8582201e-002 -7.8582201e-002
  7.8692084e-002 -7.8692084e-002
  7.8790639e-002 -7.8790639e-002
  7.8932598e-002 -7.8932598e-002
  7.9090015e-002 -7.9090015e-002
  7.9163844e-002 -7.9163844e-002
  7.9219441e-002 -7.9219441e-002
  7.9309924e-002 -7.9309924e-002
  7.9404754e-002 -7.9404754e-002
  7.9500657e-002 -7.9500657e-002
  7.9591533e-002 -7.9591533e-002
  7.9617002e-002 -7.9617002e-002
  7.9647787e-002 -7.9647787e-002
  7.9707531e-002 -7.9707531e-002
  7.9768426e-002 -7.9768426e-002
  7.9828357e-002 -7.9828357e-002
  7.9887889e-002 -7.9887889e-002
  7.9946578e-002 -7.9946578e-002
  7.9987499e-002 -7.9987499e-002
  8.0002393e-002 -8.0002393e-002
  8.0012520e-002 -8.0012520e-002
  8.0017668e-002 -8.0017668e-002
  8.0052202e-002 -8.0052202e-002
  8.0105178e-002 -8.0105178e-002
  8.0147810e-002 -8.0147810e-002
  8.0185025e-002 -8.0185025e-002
  8.0212368e-002 -8.0212368e-002
  8.0236239e-002 -8.0236239e-002
  8.0308072e-002 -8.0308072e-002
  8.0390191e-002 -8.0390191e-002
  8.0504304e-002 -8.0504304e-002
  8.0616609e-002 -8.0616609e-002
  8.0646452e-002 -8.0646452e-002
  8.0680172e-002 -8.0680172e-002
  8.0772323e-002 -8.0772323e-002
  8.0856756e-002 -8.0856756e-002
  8.0899924e-002 -8.0899924e-002
  8.0951713e-002 -8.0951713e-002
  8.1030634e-002 -8.1030634e-002
  8.1103231e-002 -8.1103231e-002
  8.1172782e-002 -8.1172782e-002
  8.1252273e-002 -8.1252273e-002
  8.1346175e-002 -8.1346175e-002
  8.1465474e-002 -8.1465474e-002
  8.1611025e-002 -8.1611025e-002
  8.1695990e-002 -8.1695990e-002
  8.1736220e-002 -8.1736220e-002
  8.1827047e-002 -8.1827047e-002
  8.1947316e-002 -8.1947316e-002
  8.2032777e-002 -8.2032777e-002
  8.2106157e-002 -8.2106157e-002
  8.2157241e-002 -8.2157241e-002
  8.2203625e-002 -8.2203625e-002
  8.2252798e-002 -8.2252798e-002
  8.2302249e-002 -8.2302249e-002
  8.2279477e-002 -8.2279477e-002
  8.2264573e-002 -8.2264573e-002
  8.2350485e-002 -8.2350485e-002
  8.2445778e-002 -8.2445778e-002
  8.2590304e-002 -8.2590304e-002
  8.2698480e-002 -8.2698480e-002
  8.2693760e-002 -8.2693760e-002
  8.2698951e-002 -8.2698951e-002
  8.2719206e-002 -8.2719206e-002
  8.2763885e-002 -8.2763885e-002
  8.2843621e-002 -8.2843621e-002
  8.2904773e-002 -8.2904773e-002
  8.2946902e-002 -8.2946902e-002
  8.2978870e-002 -8.2978870e-002
  8.3003408e-002 -8.3003408e-002
  8.2996907e-002 -8.2996907e-002
  8.2968718e-002 -8.2968718e-002
  8.3048755e-002 -8.3048755e-002
  8.3165875e-002 -8.3165875e-002
  8.3178903e-002 -8.3178903e-002
  8.3170360e-002 -8.3170360e-002
  8.3202948e-002 -8.3202948e-002
  8.3239511e-002 -8.3239511e-002
  8.3397289e-002 -8.3397289e-002
  8.3542217e-002 -8.3542217e-002
  8.3592818e-002 -8.3592818e-002
  8.3652326e-002 -8.3652326e-002
  8.3757747e-002 -8.3757747e-002
  8.3850496e-002 -8.3850496e-002
  8.3904412e-002 -8.3904412e-002
  8.3962339e-002 -8.3962339e-002
  8.4028428e-002 -8.4028428e-002
  8.4066906e-002 -8.4066906e-002
  8.4075369e-002 -8.4075369e-002
  8.4112199e-002 -8.4112199e-002
  8.4177779e-002 -8.4177779e-002
  8.4227185e-002 -8.4227185e-002
  8.4264886e-002 -8.4264886e-002
  8.4322484e-002 -8.4322484e-002
  8.4390161e-002 -8.4390161e-002
  8.4384595e-002 -8.4384595e-002
  8.4356448e-002 -8.4356448e-002
  8.4376601e-002 -8.4376601e-002
  8.4406590e-002 -8.4406590e-002
  8.4449069e-002 -8.4449069e-002
  8.4492716e-002 -8.4492716e-002
  8.4559162e-002 -8.4559162e-002
  8.4622894e-002 -8.4622894e-002
  8.4648512e-002 -8.4648512e-002
  8.4679779e-002 -8.4679779e-002
  8.4739643e-002 -8.4739643e-002
  8.4771378e-002 -8.4771378e-002
  8.4718052e-002 -8.4718052e-002
  8.4708552e-002 -8.4708552e-002
  8.4787214e-002 -8.4787214e-002
  8.4874276e-002 -8.4874276e-002
  8.4966671e-002 -8.4966671e-002
  8.5076860e-002 -8.5076860e-002
  8.5204922e-002 -8.5204922e-002
  8.5283659e-002 -8.5283659e-002
  8.5327082e-002 -8.5327082e-002
  8.5354555e-002 -8.5354555e-002
  8.5374050e-002 -8.5374050e-002
  8.5343451e-002 -8.5343451e-002
  8.5290354e-002 -8.5290354e-002
  8.5293223e-002 -8.5293223e-002
  8.5307291e-002 -8.5307291e-002
  8.5210535e-002 -8.5210535e-002
  8.5103756e-002 -8.5103756e-002
  8.5057798e-002 -8.5057798e-002
  8.5009351e-002 -8.5009351e-002
  8.4933725e-002 -8.4933725e-002
  8.4861762e-002 -8.4861762e-002
  8.4844864e-002 -8.4844864e-002
  8.4838169e-002 -8.4838169e-002
  8.4861928e-002 -8.4861928e-002
  8.4881585e-002 -8.4881585e-002
  8.4893081e-002 -8.4893081e-002
  8.4919266e-002 -8.4919266e-002
  8.4965901e-002 -8.4965901e-002
  8.4998298e-002 -8.4998298e-002
  8.5025074e-002 -8.5025074e-002
  8.4978940e-002 -8.4978940e-002
  8.4881100e-002 -8.4881100e-002
  8.4869467e-002 -8.4869467e-002
  8.4900538e-002 -8.4900538e-002
  8.4876350e-002 -8.4876350e-002
  8.4833943e-002 -8.4833943e-002
  8.4824782e-002 -8.4824782e-002
  8.4823690e-002 -8.4823690e-002
  8.4883217e-002 -8.4883217e-002
  8.4948060e-002 -8.4948060e-002
  8.5014475e-002 -8.5014475e-002
  8.5075938e-002 -8.5075938e-002
  8.5085117e-002 -8.5085117e-002
  8.5094094e-002 -8.5094094e-002
  8.5094740e-002 -8.5094740e-002
  8.5100663e-002 -8.5100663e-002
  8.5122132e-002 -8.5122132e-002
  8.5125682e-002 -8.5125682e-002
  8.5093965e-002 -8.5093965e-002
  8.5081997e-002 -8.5081997e-002
  8.5097232e-002 -8.5097232e-002
  8.5135199e-002 -8.5135199e-002
  8.5186036e-002 -8.5186036e-002
  8.5211881e-002 -8.5211881e-002
  8.5220179e-002 -8.5220179e-002
  8.5226202e-002 -8.5226202e-002
  8.5231100e-002 -8.5231100e-002
  8.5186204e-002 -8.5186204e-002
  8.5125115e-002 -8.5125115e-002
  8.5167315e-002 -8.5167315e-002
  8.5220433e-002 -8.5220433e-002
  8.5211571e-002 -8.5211571e-002
  8.5197114e-002 -8.5197114e-002
  8.5119929e-002 -8.5119929e-002
  8.5041736e-002 -8.5041736e-002
  8.4953202e-002 -8.4953202e-002
  8.4883820e-002 -8.4883820e-002
  8.4906407e-002 -8.4906407e-002
  8.4925598e-002 -8.4925598e-002
  8.4960508e-002 -8.4960508e-002
  8.4960661e-002 -8.4960661e-002
  8.4893146e-002 -8.4893146e-002
  8.4823197e-002 -8.4823197e-002
  8.4749937e-002 -8.4749937e-002
  8.4689423e-002 -8.4689423e-002
  8.4641335e-002 -8.4641335e-002
  8.4573833e-002 -8.4573833e-002
  8.4500065e-002 -8.4500065e-002
  8.4372993e-002 -8.4372993e-002
  8.4220087e-002 -8.4220087e-002
  8.4193618e-002 -8.4193618e-002
  8.4207720e-002 -8.4207720e-002
  8.4183329e-002 -8.4183329e-002
  8.4151634e-002 -8.4151634e-002
  8.4117603e-002 -8.4117603e-002
  8.4083231e-002 -8.4083231e-002
  8.3934941e-002 -8.3934941e-002
  8.3795202e-002 -8.3795202e-002
  8.3740581e-002 -8.3740581e-002
  8.3688778e-002 -8.3688778e-002
  8.3650232e-002 -8.3650232e-002
  8.3626445e-002 -8.3626445e-002
  8.3635059e-002 -8.3635059e-002
  8.3628906e-002 -8.3628906e-002
  8.3594299e-002 -8.3594299e-002
  8.3573470e-002 -8.3573470e-002
  8.3571225e-002 -8.3571225e-002
  8.3525825e-002 -8.3525825e-002
  8.3438773e-002 -8.3438773e-002
  8.3342086e-002 -8.3342086e-002
  8.3226726e-002 -8.3226726e-002
  8.3167011e-002 -8.3167011e-002
  8.3133973e-002 -8.3133973e-002
  8.3101863e-002 -8.3101863e-002
  8.3070046e-002 -8.3070046e-002
  8.3000518e-002 -8.3000518e-002
  8.2923987e-002 -8.2923987e-002
  8.2916233e-002 -8.2916233e-002
  8.2902958e-002 -8.2902958e-002
  8.2859253e-002 -8.2859253e-002
  8.2800129e-002 -8.2800129e-002
  8.2591959e-002 -8.2591959e-002
  8.2396957e-002 -8.2396957e-002
  8.2263056e-002 -8.2263056e-002
  8.2148607e-002 -8.2148607e-002
  8.2089285e-002 -8.2089285e-002
  8.2002626e-002 -8.2002626e-002
  8.1882895e-002 -8.1882895e-002
  8.1781042e-002 -8.1781042e-002
  8.1703078e-002 -8.1703078e-002
  8.1585313e-002 -8.1585313e-002
  8.1429510e-002 -8.1429510e-002
  8.1346283e-002 -8.1346283e-002
  8.1312442e-002 -8.1312442e-002
  8.1171928e-002 -8.1171928e-002
  8.0986458e-002 -8.0986458e-002
  8.0866123e-002 -8.0866123e-002
  8.0766125e-002 -8.0766125e-002
  8.0776867e-002 -8.0776867e-002
  8.0807826e-002 -8.0807826e-002
  8.0802785e-002 -8.0802785e-002
  8.0794027e-002 -8.0794027e-002
  8.0700318e-002 -8.0700318e-002
  8.0609710e-002 -8.0609710e-002
  8.0548223e-002 -8.0548223e-002
  8.0478059e-002 -8.0478059e-002
  8.0368302e-002 -8.0368302e-002
  8.0303053e-002 -8.0303053e-002
  8.0362339e-002 -8.0362339e-002
  8.0387550e-002 -8.0387550e-002
  8.0336787e-002 -8.0336787e-002
  8.0315530e-002 -8.0315530e-002
  8.0333323e-002 -8.0333323e-002
  8.0306436e-002 -8.0306436e-002
  8.0237286e-002 -8.0237286e-002
  8.0147830e-002 -8.0147830e-002
  8.0044693e-002 -8.0044693e-002
  7.9849782e-002 -7.9849782e-002
  7.9603318e-002 -7.9603318e-002
  7.9483082e-002 -7.9483082e-002
  7.9401722e-002 -7.9401722e-002
  7.9418652e-002 -7.9418652e-002
  7.9453190e-002 -7.9453190e-002
  7.9381370e-002 -7.9381370e-002
  7.9301245e-002 -7.9301245e-002
  7.9191986e-002 -7.9191986e-002
  7.9074162e-002 -7.9074162e-002
  7.8956338e-002 -7.8956338e-002
  7.8838514e-002 -7.8838514e-002
  7.8720690e-002 -7.8720690e-002
  7.8602866e-002 -7.8602866e-002
  7.8485042e-002 -7.8485042e-002
  7.8367218e-002 -7.8367218e-002
  7.8249393e-002 -7.8249393e-002
  7.8124393e-002 -7.8124393e-002
  7.7999393e-002 -7.7999393e-002
  7.7874393e-002 -7.7874393e-002
  7.7749393e-002 -7.7749393e-002
  7.7624393e-002 -7.7624393e-002
  7.7499393e-002 -7.7499393e-002
  7.7374393e-002 -7.7374393e-002
  7.7249393e-002 -7.7249393e-002
  7.7118606e-002 -7.7118606e-002
  7.6987819e-002 -7.6987819e-002
  7.6857032e-002 -7.6857032e-002
  7.6726245e-002 -7.6726245e-002
  7.6595458e-002 -7.6595458e-002
  7.6464671e-002 -7.6464671e-002
  7.6333884e-002 -7.6333884e-002
  7.6203097e-002 -7.6203097e-002
  7.6070690e-002 -7.6070690e-002
  7.5938282e-002 -7.5938282e-002
  7.5805875e-002 -7.5805875e-002
  7.5673468e-002 -7.5673468e-002
  7.5541060e-002 -7.5541060e-002
  7.5408653e-002 -7.5408653e-002
  7.5276245e-002 -7.5276245e-002
  7.5210479e-002 -7.5210479e-002
  7.5144713e-002 -7.5144713e-002
  7.5078948e-002 -7.5078948e-002
  7.5013182e-002 -7.5013182e-002
  7.4947416e-002 -7.4947416e-002
  7.4881650e-002 -7.4881650e-002
  7.4815885e-002 -7.4815885e-002
  7.4750119e-002 -7.4750119e-002
  7.4684353e-002 -7.4684353e-002
  7.4618587e-002 -7.4618587e-002
  7.4552822e-002 -7.4552822e-002
  7.4487056e-002 -7.4487056e-002
  7.4421290e-002 -7.4421290e-002
  7.4355524e-002 -7.4355524e-002
  7.4289758e-002 -7.4289758e-002
  7.4223993e-002 -7.4223993e-002
  7.4158227e-002 -7.4158227e-002
  7.4092461e-002 -7.4092461e-002
  7.4026695e-002 -7.4026695e-002
  7.3960930e-002 -7.3960930e-002
  7.3895164e-002 -7.3895164e-002
  7.3829398e-002 -7.3829398e-002
  7.3763632e-002 -7.3763632e-002
  7.3697867e-002 -7.3697867e-002
  7.3632101e-002 -7.3632101e-002
  7.3566335e-002 -7.3566335e-002
  7.3500569e-002 -7.3500569e-002
  7.3434803e-002 -7.3434803e-002
  7.3369038e-002 -7.3369038e-002
  7.3303272e-002 -7.3303272e-002
  7.3237506e-002 -7.3237506e-002
  7.3171740e-002 -7.3171740e-002
  7.3105975e-002 -7.3105975e-002
  7.3040209e-002 -7.3040209e-002
  7.2974443e-002 -7.2974443e-002
  7.2908677e-002 -7.2908677e-002
  7.2842911e-002 -7.2842911e-002
  7.2777146e-002 -7.2777146e-002
  7.2711380e-002 -7.2711380e-002
  7.2645614e-002 -7.2645614e-002
  7.2579848e-002 -7.2579848e-002
  7.2514083e-002 -7.2514083e-002
  7.2448317e-002 -7.2448317e-002
  7.2382551e-002 -7.2382551e-002
  7.2316785e-002 -7.2316785e-002
  7.2251020e-002 -7.2251020e-002
  7.2185254e-002 -7.2185254e-002
  7.2119488e-002 -7.2119488e-002
  7.2053722e-002 -7.2053722e-002
  7.1987956e-002 -7.1987956e-002
  7.1922191e-002 -7.1922191e-002
  7.1856425e-002 -7.1856425e-002
  7.1790659e-002 -7.1790659e-002
  7.1724893e-002 -7.1724893e-002
  7.1659128e-002 -7.1659128e-002
  7.1593362e-002 -7.1593362e-002
  7.1527596e-002 -7.1527596e-002
  7.1461830e-002 -7.1461830e-002
  7.1396065e-002 -7.1396065e-002
  7.1330299e-002 -7.1330299e-002
  7.1264533e-002 -7.1264533e-002
  7.1198767e-002 -7.1198767e-002
  7.1133001e-002 -7.1133001e-002
  7.1067236e-002 -7.1067236e-002
  7.1001470e-002 -7.1001470e-002
  7.0935704e-002 -7.0935704e-002
  7.0869938e-002 -7.0869938e-002
  7.0804173e-002 -7.0804173e-002
  7.0738407e-002 -7.0738407e-002
  7.0672641e-002 -7.0672641e-002
  7.0606875e-002 -7.0606875e-002
  7.0541110e-002 -7.0541110e-002
  7.0475344e-002 -7.0475344e-002
