 -1.0000000e+000  1.0000000e+000
 -1.0000000e+000  1.0000000e+000
 -1.0000000e+000  1.0000000e+000
 -1.0000000e+000  1.0000000e+000
 -1.0000000e+000  1.0000000e+000
 -1.0000000e+000  1.0000000e+000
 -1.0000000e+000  1.0000000e+000
 -1.0000000e+000  1.0000000e+000
 -1.0000000e+000  1.0000000e+000
 -1.0000000e+000  1.0000000e+000
 -1.0000000e+000  1.0000000e+000
 -1.0000000e+000  1.0000000e+000
 -1.0000000e+000  1.0000000e+000
 -1.0000000e+000  1.0000000e+000
 -1.0000000e+000  1.0000000e+000
 -1.0000000e+000  1.0000000e+000
 -1.0000000e+000  1.0000000e+000
 -1.0000000e+000  1.0000000e+000
 -1.0000000e+000  1.0000000e+000
 -1.0000000e+000  1.0000000e+000
 -1.0000000e+000  1.0000000e+000
 -1.0000000e+000  1.0000000e+000
 -1.0000000e+000  1.0000000e+000
 -1.0000000e+000  1.0000000e+000
 -1.0000000e+000  1.0000000e+000
 -1.0000000e+000  1.0000000e+000
 -1.0000000e+000  1.0000000e+000
 -1.0000000e+000  1.0000000e+000
 -1.0000000e+000  1.0000000e+000
 -1.0000000e+000  1.0000000e+000
 -1.0000000e+000  1.0000000e+000
 -1.0000000e+000  1.0000000e+000
 -1.0000000e+000  1.0000000e+000
 -1.0000000e+000  1.0000000e+000
 -1.0000000e+000  1.0000000e+000
 -1.0000000e+000  1.0000000e+000
 -1.0000000e+000  1.0000000e+000
 -1.0000000e+000  1.0000000e+000
 -1.0000000e+000  1.0000000e+000
 -1.0000000e+000  1.0000000e+000
 -1.0000000e+000  1.0000000e+000
 -1.0000000e+000  1.0000000e+000
 -1.0000000e+000  1.0000000e+000
 -1.0000000e+000  1.0000000e+000
 -1.0000000e+000  1.0000000e+000
 -1.0000000e+000  1.0000000e+000
 -1.0000000e+000  1.0000000e+000
 -1.0000000e+000  1.0000000e+000
 -1.0000000e+000  1.0000000e+000
 -1.0000000e+000  1.0000000e+000
 -1.0000000e+000  1.0000000e+000
 -1.0000000e+000  1.0000000e+000
 -1.0000000e+000  1.0000000e+000
 -1.0000000e+000  1.0000000e+000
 -1.0000000e+000  1.0000000e+000
 -1.0000000e+000  1.0000000e+000
 -1.0000000e+000  1.0000000e+000
 -1.0000000e+000  1.0000000e+000
 -1.0000000e+000  1.0000000e+000
 -1.0000000e+000  1.0000000e+000
 -1.0000000e+000  1.0000000e+000
 -1.0000000e+000  1.0000000e+000
 -1.0000000e+000  1.0000000e+000
 -1.0000000e+000  1.0000000e+000
 -1.0000000e+000  1.0000000e+000
 -1.0000000e+000  1.0000000e+000
 -1.0000000e+000  1.0000000e+000
 -1.0000000e+000  1.0000000e+000
 -1.0000000e+000  1.0000000e+000
 -1.0000000e+000  1.0000000e+000
 -1.0000000e+000  1.0000000e+000
 -1.0000000e+000  1.0000000e+000
 -1.0000000e+000  1.0000000e+000
 -1.0000000e+000  1.0000000e+000
 -1.0000000e+000  1.0000000e+000
 -1.0000000e+000  1.0000000e+000
 -1.0000000e+000  1.0000000e+000
 -1.0000000e+000  1.0000000e+000
 -1.0000000e+000  1.0000000e+000
 -1.0000000e+000  1.0000000e+000
 -1.0000000e+000  1.0000000e+000
 -1.0000000e+000  1.0000000e+000
 -1.0000000e+000  1.0000000e+000
 -1.0000000e+000  1.0000000e+000
 -1.0000000e+000  1.0000000e+000
 -1.0000000e+000  1.0000000e+000
 -1.0000000e+000  1.0000000e+000
 -1.0000000e+000  1.0000000e+000
 -1.0000000e+000  1.0000000e+000
 -1.0000000e+000  1.0000000e+000
 -1.0000000e+000  1.0000000e+000
 -1.0000000e+000  1.0000000e+000
 -1.0000000e+000  1.0000000e+000
 -1.0000000e+000  1.0000000e+000
 -1.0000000e+000  1.0000000e+000
 -1.0000000e+000  1.0000000e+000
 -1.0000000e+000  1.0000000e+000
 -1.0000000e+000  1.0000000e+000
 -1.0000000e+000  1.0000000e+000
 -1.0000000e+000  1.0000000e+000
 -1.0000000e+000  1.0000000e+000
 -1.0000000e+000  1.0000000e+000
 -1.0000000e+000  1.0000000e+000
 -1.0000000e+000  1.0000000e+000
 -1.0000000e+000  1.0000000e+000
 -1.0000000e+000  1.0000000e+000
 -1.0000000e+000  1.0000000e+000
 -1.0000000e+000  1.0000000e+000
 -1.0000000e+000  1.0000000e+000
 -1.0000000e+000  1.0000000e+000
 -1.0000000e+000  1.0000000e+000
 -1.0000000e+000  1.0000000e+000
 -1.0000000e+000  1.0000000e+000
 -1.0000000e+000  1.0000000e+000
 -1.0000000e+000  1.0000000e+000
 -1.0000000e+000  1.0000000e+000
 -1.0000000e+000  1.0000000e+000
 -1.0000000e+000  1.0000000e+000
 -1.0000000e+000  1.0000000e+000
 -1.0000000e+000  1.0000000e+000
 -1.0000000e+000  1.0000000e+000
 -1.0000000e+000  1.0000000e+000
 -1.0000000e+000  1.0000000e+000
 -1.0000000e+000  1.0000000e+000
 -1.0000000e+000  1.0000000e+000
 -1.0000000e+000  1.0000000e+000
 -1.0000000e+000  1.0000000e+000
 -1.0000000e+000  1.0000000e+000
 -1.0000000e+000  1.0000000e+000
 -1.0000000e+000  1.0000000e+000
 -1.0000000e+000  1.0000000e+000
 -1.0000000e+000  1.0000000e+000
 -1.0000000e+000  1.0000000e+000
 -1.0000000e+000  1.0000000e+000
 -1.0000000e+000  1.0000000e+000
 -1.0000000e+000  1.0000000e+000
 -1.0000000e+000  1.0000000e+000
 -1.0000000e+000  1.0000000e+000
 -1.0000000e+000  1.0000000e+000
 -1.0000000e+000  1.0000000e+000
 -1.0000000e+000  1.0000000e+000
 -1.0000000e+000  1.0000000e+000
 -1.0000000e+000  1.0000000e+000
 -1.0000000e+000  1.0000000e+000
 -1.0000000e+000  1.0000000e+000
 -1.0000000e+000  1.0000000e+000
 -1.0000000e+000  1.0000000e+000
 -1.0000000e+000  1.0000000e+000
 -1.0000000e+000  1.0000000e+000
 -1.0000000e+000  1.0000000e+000
 -1.0011296e+000  1.0011296e+000
 -1.0033224e+000  1.0033224e+000
 -1.0048360e+000  1.0048360e+000
 -1.0058948e+000  1.0058948e+000
 -1.0062033e+000  1.0062033e+000
 -1.0061632e+000  1.0061632e+000
 -1.0069374e+000  1.0069374e+000
 -1.0079603e+000  1.0079603e+000
 -1.0080704e+000  1.0080704e+000
 -1.0080195e+000  1.0080195e+000
 -1.0098861e+000  1.0098861e+000
 -1.0118568e+000  1.0118568e+000
 -1.0117843e+000  1.0117843e+000
 -1.0116106e+000  1.0116106e+000
 -1.0105349e+000  1.0105349e+000
 -1.0096477e+000  1.0096477e+000
 -1.0095900e+000  1.0095900e+000
 -1.0095326e+000  1.0095326e+000
 -1.0094761e+000  1.0094761e+000
 -1.0097649e+000  1.0097649e+000
 -1.0106913e+000  1.0106913e+000
 -1.0111869e+000  1.0111869e+000
 -1.0111220e+000  1.0111220e+000
 -1.0110578e+000  1.0110578e+000
 -1.0109944e+000  1.0109944e+000
 -1.0109317e+000  1.0109317e+000
 -1.0108696e+000  1.0108696e+000
 -1.0108084e+000  1.0108084e+000
 -1.0107477e+000  1.0107477e+000
 -1.0114035e+000  1.0114035e+000
 -1.0122751e+000  1.0122751e+000
 -1.0131238e+000  1.0131238e+000
 -1.0139690e+000  1.0139690e+000
 -1.0130966e+000  1.0130966e+000
 -1.0121262e+000  1.0121262e+000
 -1.0120610e+000  1.0120610e+000
 -1.0120874e+000  1.0120874e+000
 -1.0129086e+000  1.0129086e+000
 -1.0135635e+000  1.0135635e+000
 -1.0134921e+000  1.0134921e+000
 -1.0136582e+000  1.0136582e+000
 -1.0144656e+000  1.0144656e+000
 -1.0149603e+000  1.0149603e+000
 -1.0148829e+000  1.0148829e+000
 -1.0148062e+000  1.0148062e+000
 -1.0147304e+000  1.0147304e+000
 -1.0146553e+000  1.0146553e+000
 -1.0145809e+000  1.0145809e+000
 -1.0145074e+000  1.0145074e+000
 -1.0144344e+000  1.0144344e+000
 -1.0143624e+000  1.0143624e+000
 -1.0142909e+000  1.0142909e+000
 -1.0142204e+000  1.0142204e+000
 -1.0141501e+000  1.0141501e+000
 -1.0147700e+000  1.0147700e+000
 -1.0155073e+000  1.0155073e+000
 -1.0154821e+000  1.0154821e+000
 -1.0154248e+000  1.0154248e+000
 -1.0161506e+000  1.0161506e+000
 -1.0167916e+000  1.0167916e+000
 -1.0167120e+000  1.0167120e+000
 -1.0166327e+000  1.0166327e+000
 -1.0165545e+000  1.0165545e+000
 -1.0166856e+000  1.0166856e+000
 -1.0173745e+000  1.0173745e+000
 -1.0180645e+000  1.0180645e+000
 -1.0187558e+000  1.0187558e+000
 -1.0191048e+000  1.0191048e+000
 -1.0190173e+000  1.0190173e+000
 -1.0189306e+000  1.0189306e+000
 -1.0188446e+000  1.0188446e+000
 -1.0187596e+000  1.0187596e+000
 -1.0186751e+000  1.0186751e+000
 -1.0191079e+000  1.0191079e+000
 -1.0197729e+000  1.0197729e+000
 -1.0204250e+000  1.0204250e+000
 -1.0210736e+000  1.0210736e+000
 -1.0210865e+000  1.0210865e+000
 -1.0209938e+000  1.0209938e+000
 -1.0209025e+000  1.0209025e+000
 -1.0208114e+000  1.0208114e+000
 -1.0207217e+000  1.0207217e+000
 -1.0207093e+000  1.0207093e+000
 -1.0213343e+000  1.0213343e+000
 -1.0216862e+000  1.0216862e+000
 -1.0208859e+000  1.0208859e+000
 -1.0202829e+000  1.0202829e+000
 -1.0201975e+000  1.0201975e+000
 -1.0206102e+000  1.0206102e+000
 -1.0219138e+000  1.0219138e+000
 -1.0229016e+000  1.0229016e+000
 -1.0234897e+000  1.0234897e+000
 -1.0237174e+000  1.0237174e+000
 -1.0236199e+000  1.0236199e+000
 -1.0235233e+000  1.0235233e+000
 -1.0234274e+000  1.0234274e+000
 -1.0242604e+000  1.0242604e+000
 -1.0255062e+000  1.0255062e+000
 -1.0257046e+000  1.0257046e+000
 -1.0256013e+000  1.0256013e+000
 -1.0254994e+000  1.0254994e+000
 -1.0253977e+000  1.0253977e+000
 -1.0252974e+000  1.0252974e+000
 -1.0251973e+000  1.0251973e+000
 -1.0250986e+000  1.0250986e+000
 -1.0252139e+000  1.0252139e+000
 -1.0270498e+000  1.0270498e+000
 -1.0283874e+000  1.0283874e+000
 -1.0276457e+000  1.0276457e+000
 -1.0274347e+000  1.0274347e+000
 -1.0286037e+000  1.0286037e+000
 -1.0293107e+000  1.0293107e+000
 -1.0291991e+000  1.0291991e+000
 -1.0293696e+000  1.0293696e+000
 -1.0298924e+000  1.0298924e+000
 -1.0300794e+000  1.0300794e+000
 -1.0299665e+000  1.0299665e+000
 -1.0298545e+000  1.0298545e+000
 -1.0297432e+000  1.0297432e+000
 -1.0300610e+000  1.0300610e+000
 -1.0305670e+000  1.0305670e+000
 -1.0310646e+000  1.0310646e+000
 -1.0315601e+000  1.0315601e+000
 -1.0315288e+000  1.0315288e+000
 -1.0314137e+000  1.0314137e+000
 -1.0313000e+000  1.0313000e+000
 -1.0312217e+000  1.0312217e+000
 -1.0323022e+000  1.0323022e+000
 -1.0332480e+000  1.0332480e+000
 -1.0331294e+000  1.0331294e+000
 -1.0331269e+000  1.0331269e+000
 -1.0335992e+000  1.0335992e+000
 -1.0339057e+000  1.0339057e+000
 -1.0337863e+000  1.0337863e+000
 -1.0336675e+000  1.0336675e+000
 -1.0335497e+000  1.0335497e+000
 -1.0336845e+000  1.0336845e+000
 -1.0341315e+000  1.0341315e+000
 -1.0345779e+000  1.0345779e+000
 -1.0350237e+000  1.0350237e+000
 -1.0354774e+000  1.0354774e+000
 -1.0359362e+000  1.0359362e+000
 -1.0355874e+000  1.0355874e+000
 -1.0348896e+000  1.0348896e+000
 -1.0350809e+000  1.0350809e+000
 -1.0355210e+000  1.0355210e+000
 -1.0354772e+000  1.0354772e+000
 -1.0353579e+000  1.0353579e+000
 -1.0362919e+000  1.0362919e+000
 -1.0372663e+000  1.0372663e+000
 -1.0377050e+000  1.0377050e+000
 -1.0380787e+000  1.0380787e+000
 -1.0379533e+000  1.0379533e+000
 -1.0378283e+000  1.0378283e+000
 -1.0377044e+000  1.0377044e+000
 -1.0375809e+000  1.0375809e+000
 -1.0374586e+000  1.0374586e+000
 -1.0375330e+000  1.0375330e+000
 -1.0379478e+000  1.0379478e+000
 -1.0381209e+000  1.0381209e+000
 -1.0379983e+000  1.0379983e+000
 -1.0378770e+000  1.0378770e+000
 -1.0377556e+000  1.0377556e+000
 -1.0379677e+000  1.0379677e+000
 -1.0383870e+000  1.0383870e+000
 -1.0387881e+000  1.0387881e+000
 -1.0391814e+000  1.0391814e+000
 -1.0391699e+000  1.0391699e+000
 -1.0390469e+000  1.0390469e+000
 -1.0389263e+000  1.0389263e+000
 -1.0388036e+000  1.0388036e+000
 -1.0386833e+000  1.0386833e+000
 -1.0385633e+000  1.0385633e+000
 -1.0384445e+000  1.0384445e+000
 -1.0383847e+000  1.0383847e+000
 -1.0387650e+000  1.0387650e+000
 -1.0390447e+000  1.0390447e+000
 -1.0389254e+000  1.0389254e+000
 -1.0388076e+000  1.0388076e+000
 -1.0386902e+000  1.0386902e+000
 -1.0387567e+000  1.0387567e+000
 -1.0391384e+000  1.0391384e+000
 -1.0392944e+000  1.0392944e+000
 -1.0391768e+000  1.0391768e+000
 -1.0393294e+000  1.0393294e+000
 -1.0397161e+000  1.0397161e+000
 -1.0400888e+000  1.0400888e+000
 -1.0404509e+000  1.0404509e+000
 -1.0404747e+000  1.0404747e+000
 -1.0403556e+000  1.0403556e+000
 -1.0402376e+000  1.0402376e+000
 -1.0401198e+000  1.0401198e+000
 -1.0400030e+000  1.0400030e+000
 -1.0398864e+000  1.0398864e+000
 -1.0397714e+000  1.0397714e+000
 -1.0396739e+000  1.0396739e+000
 -1.0400346e+000  1.0400346e+000
 -1.0403381e+000  1.0403381e+000
 -1.0402229e+000  1.0402229e+000
 -1.0401079e+000  1.0401079e+000
 -1.0399939e+000  1.0399939e+000
 -1.0400168e+000  1.0400168e+000
 -1.0403848e+000  1.0403848e+000
 -1.0405739e+000  1.0405739e+000
 -1.0404597e+000  1.0404597e+000
 -1.0403461e+000  1.0403461e+000
 -1.0402332e+000  1.0402332e+000
 -1.0403637e+000  1.0403637e+000
 -1.0407033e+000  1.0407033e+000
 -1.0410391e+000  1.0410391e+000
 -1.0413870e+000  1.0413870e+000
 -1.0414090e+000  1.0414090e+000
 -1.0412949e+000  1.0412949e+000
 -1.0415472e+000  1.0415472e+000
 -1.0418976e+000  1.0418976e+000
 -1.0426437e+000  1.0426437e+000
 -1.0434480e+000  1.0434480e+000
 -1.0437901e+000  1.0437901e+000
 -1.0441078e+000  1.0441078e+000
 -1.0439889e+000  1.0439889e+000
 -1.0438702e+000  1.0438702e+000
 -1.0437525e+000  1.0437525e+000
 -1.0436352e+000  1.0436352e+000
 -1.0435187e+000  1.0435187e+000
 -1.0436553e+000  1.0436553e+000
 -1.0444113e+000  1.0444113e+000
 -1.0450065e+000  1.0450065e+000
 -1.0453218e+000  1.0453218e+000
 -1.0454385e+000  1.0454385e+000
 -1.0453191e+000  1.0453191e+000
 -1.0452003e+000  1.0452003e+000
 -1.0450820e+000  1.0450820e+000
 -1.0452334e+000  1.0452334e+000
 -1.0455469e+000  1.0455469e+000
 -1.0458547e+000  1.0458547e+000
 -1.0461568e+000  1.0461568e+000
 -1.0461259e+000  1.0461259e+000
 -1.0460070e+000  1.0460070e+000
 -1.0458891e+000  1.0458891e+000
 -1.0457714e+000  1.0457714e+000
 -1.0460689e+000  1.0460689e+000
 -1.0463831e+000  1.0463831e+000
 -1.0466824e+000  1.0466824e+000
 -1.0470333e+000  1.0470333e+000
 -1.0477430e+000  1.0477430e+000
 -1.0482794e+000  1.0482794e+000
 -1.0481582e+000  1.0481582e+000
 -1.0480373e+000  1.0480373e+000
 -1.0479173e+000  1.0479173e+000
 -1.0481055e+000  1.0481055e+000
 -1.0488276e+000  1.0488276e+000
 -1.0493568e+000  1.0493568e+000
 -1.0496584e+000  1.0496584e+000
 -1.0499375e+000  1.0499375e+000
 -1.0501977e+000  1.0501977e+000
 -1.0504807e+000  1.0504807e+000
 -1.0507776e+000  1.0507776e+000
 -1.0510589e+000  1.0510589e+000
 -1.0513355e+000  1.0513355e+000
 -1.0516125e+000  1.0516125e+000
 -1.0518898e+000  1.0518898e+000
 -1.0518137e+000  1.0518137e+000
 -1.0516883e+000  1.0516883e+000
 -1.0515640e+000  1.0515640e+000
 -1.0514563e+000  1.0514563e+000
 -1.0517059e+000  1.0517059e+000
 -1.0519377e+000  1.0519377e+000
 -1.0518139e+000  1.0518139e+000
 -1.0517733e+000  1.0517733e+000
 -1.0520424e+000  1.0520424e+000
 -1.0524292e+000  1.0524292e+000
 -1.0530972e+000  1.0530972e+000
 -1.0539054e+000  1.0539054e+000
 -1.0549437e+000  1.0549437e+000
 -1.0554544e+000  1.0554544e+000
 -1.0553245e+000  1.0553245e+000
 -1.0551953e+000  1.0551953e+000
 -1.0550667e+000  1.0550667e+000
 -1.0549387e+000  1.0549387e+000
 -1.0548112e+000  1.0548112e+000
 -1.0555075e+000  1.0555075e+000
 -1.0565368e+000  1.0565368e+000
 -1.0566425e+000  1.0566425e+000
 -1.0565121e+000  1.0565121e+000
 -1.0567093e+000  1.0567093e+000
 -1.0569514e+000  1.0569514e+000
 -1.0568353e+000  1.0568353e+000
 -1.0567231e+000  1.0567231e+000
 -1.0569659e+000  1.0569659e+000
 -1.0572555e+000  1.0572555e+000
 -1.0578873e+000  1.0578873e+000
 -1.0585167e+000  1.0585167e+000
 -1.0591361e+000  1.0591361e+000
 -1.0595319e+000  1.0595319e+000
 -1.0593986e+000  1.0593986e+000
 -1.0594047e+000  1.0594047e+000
 -1.0596374e+000  1.0596374e+000
 -1.0598651e+000  1.0598651e+000
 -1.0601009e+000  1.0601009e+000
 -1.0605385e+000  1.0605385e+000
 -1.0611425e+000  1.0611425e+000
 -1.0615072e+000  1.0615072e+000
 -1.0617320e+000  1.0617320e+000
 -1.0622259e+000  1.0622259e+000
 -1.0628271e+000  1.0628271e+000
 -1.0631049e+000  1.0631049e+000
 -1.0633354e+000  1.0633354e+000
 -1.0632411e+000  1.0632411e+000
 -1.0631035e+000  1.0631035e+000
 -1.0629671e+000  1.0629671e+000
 -1.0628478e+000  1.0628478e+000
 -1.0630606e+000  1.0630606e+000
 -1.0633201e+000  1.0633201e+000
 -1.0638842e+000  1.0638842e+000
 -1.0644577e+000  1.0644577e+000
 -1.0650319e+000  1.0650319e+000
 -1.0655023e+000  1.0655023e+000
 -1.0657302e+000  1.0657302e+000
 -1.0659569e+000  1.0659569e+000
 -1.0661816e+000  1.0661816e+000
 -1.0665547e+000  1.0665547e+000
 -1.0670973e+000  1.0670973e+000
 -1.0672699e+000  1.0672699e+000
 -1.0671284e+000  1.0671284e+000
 -1.0676474e+000  1.0676474e+000
 -1.0685480e+000  1.0685480e+000
 -1.0689444e+000  1.0689444e+000
 -1.0691421e+000  1.0691421e+000
 -1.0693331e+000  1.0693331e+000
 -1.0695223e+000  1.0695223e+000
 -1.0697338e+000  1.0697338e+000
 -1.0699458e+000  1.0699458e+000
 -1.0708120e+000  1.0708120e+000
 -1.0716638e+000  1.0716638e+000
 -1.0718467e+000  1.0718467e+000
 -1.0720305e+000  1.0720305e+000
 -1.0722195e+000  1.0722195e+000
 -1.0724075e+000  1.0724075e+000
 -1.0726125e+000  1.0726125e+000
 -1.0728113e+000  1.0728113e+000
 -1.0729952e+000  1.0729952e+000
 -1.0733107e+000  1.0733107e+000
 -1.0738355e+000  1.0738355e+000
 -1.0741994e+000  1.0741994e+000
 -1.0743809e+000  1.0743809e+000
 -1.0749323e+000  1.0749323e+000
 -1.0758019e+000  1.0758019e+000
 -1.0762293e+000  1.0762293e+000
 -1.0764041e+000  1.0764041e+000
 -1.0765789e+000  1.0765789e+000
 -1.0767536e+000  1.0767536e+000
 -1.0766658e+000  1.0766658e+000
 -1.0765137e+000  1.0765137e+000
 -1.0772278e+000  1.0772278e+000
 -1.0780645e+000  1.0780645e+000
 -1.0785815e+000  1.0785815e+000
 -1.0790885e+000  1.0790885e+000
 -1.0795852e+000  1.0795852e+000
 -1.0800361e+000  1.0800361e+000
 -1.0802001e+000  1.0802001e+000
 -1.0804363e+000  1.0804363e+000
 -1.0809272e+000  1.0809272e+000
 -1.0813293e+000  1.0813293e+000
 -1.0814828e+000  1.0814828e+000
 -1.0816384e+000  1.0816384e+000
 -1.0817972e+000  1.0817972e+000
 -1.0822679e+000  1.0822679e+000
 -1.0830879e+000  1.0830879e+000
 -1.0835331e+000  1.0835331e+000
 -1.0836779e+000  1.0836779e+000
 -1.0840442e+000  1.0840442e+000
 -1.0845274e+000  1.0845274e+000
 -1.0847697e+000  1.0847697e+000
 -1.0849196e+000  1.0849196e+000
 -1.0850688e+000  1.0850688e+000
 -1.0852178e+000  1.0852178e+000
 -1.0859397e+000  1.0859397e+000
 -1.0867331e+000  1.0867331e+000
 -1.0868955e+000  1.0868955e+000
 -1.0870567e+000  1.0870567e+000
 -1.0875008e+000  1.0875008e+000
 -1.0878597e+000  1.0878597e+000
 -1.0876957e+000  1.0876957e+000
 -1.0878067e+000  1.0878067e+000
 -1.0888721e+000  1.0888721e+000
 -1.0896563e+000  1.0896563e+000
 -1.0898108e+000  1.0898108e+000
 -1.0898401e+000  1.0898401e+000
 -1.0896741e+000  1.0896741e+000
 -1.0896512e+000  1.0896512e+000
 -1.0897867e+000  1.0897867e+000
 -1.0902630e+000  1.0902630e+000
 -1.0910097e+000  1.0910097e+000
 -1.0913664e+000  1.0913664e+000
 -1.0915224e+000  1.0915224e+000
 -1.0920989e+000  1.0920989e+000
 -1.0928354e+000  1.0928354e+000
 -1.0930799e+000  1.0930799e+000
 -1.0932078e+000  1.0932078e+000
 -1.0933295e+000  1.0933295e+000
 -1.0934503e+000  1.0934503e+000
 -1.0938731e+000  1.0938731e+000
 -1.0943370e+000  1.0943370e+000
 -1.0950823e+000  1.0950823e+000
 -1.0957797e+000  1.0957797e+000
 -1.0961870e+000  1.0961870e+000
 -1.0965291e+000  1.0965291e+000
 -1.0966482e+000  1.0966482e+000
 -1.0968524e+000  1.0968524e+000
 -1.0972462e+000  1.0972462e+000
 -1.0977951e+000  1.0977951e+000
 -1.0985432e+000  1.0985432e+000
 -1.0991236e+000  1.0991236e+000
 -1.0995197e+000  1.0995197e+000
 -1.0997563e+000  1.0997563e+000
 -1.0998678e+000  1.0998678e+000
 -1.0999734e+000  1.0999734e+000
 -1.1000757e+000  1.1000757e+000
 -1.1003959e+000  1.1003959e+000
 -1.1007907e+000  1.1007907e+000
 -1.1014376e+000  1.1014376e+000
 -1.1021436e+000  1.1021436e+000
 -1.1020595e+000  1.1020595e+000
 -1.1018822e+000  1.1018822e+000
 -1.1028219e+000  1.1028219e+000
 -1.1037329e+000  1.1037329e+000
 -1.1038351e+000  1.1038351e+000
 -1.1040225e+000  1.1040225e+000
 -1.1047137e+000  1.1047137e+000
 -1.1053958e+000  1.1053958e+000
 -1.1060466e+000  1.1060466e+000
 -1.1065306e+000  1.1065306e+000
 -1.1066465e+000  1.1066465e+000
 -1.1070806e+000  1.1070806e+000
 -1.1080229e+000  1.1080229e+000
 -1.1086991e+000  1.1086991e+000
 -1.1090856e+000  1.1090856e+000
 -1.1096363e+000  1.1096363e+000
 -1.1103146e+000  1.1103146e+000
 -1.1107844e+000  1.1107844e+000
 -1.1111402e+000  1.1111402e+000
 -1.1114889e+000  1.1114889e+000
 -1.1118492e+000  1.1118492e+000
 -1.1126608e+000  1.1126608e+000
 -1.1135763e+000  1.1135763e+000
 -1.1142648e+000  1.1142648e+000
 -1.1149274e+000  1.1149274e+000
 -1.1152770e+000  1.1152770e+000
 -1.1156569e+000  1.1156569e+000
 -1.1165716e+000  1.1165716e+000
 -1.1174260e+000  1.1174260e+000
 -1.1177873e+000  1.1177873e+000
 -1.1181425e+000  1.1181425e+000
 -1.1184775e+000  1.1184775e+000
 -1.1189936e+000  1.1189936e+000
 -1.1199051e+000  1.1199051e+000
 -1.1204774e+000  1.1204774e+000
 -1.1205370e+000  1.1205370e+000
 -1.1209976e+000  1.1209976e+000
 -1.1218730e+000  1.1218730e+000
 -1.1227462e+000  1.1227462e+000
 -1.1236176e+000  1.1236176e+000
 -1.1239643e+000  1.1239643e+000
 -1.1240266e+000  1.1240266e+000
 -1.1246873e+000  1.1246873e+000
 -1.1255671e+000  1.1255671e+000
 -1.1260113e+000  1.1260113e+000
 -1.1263520e+000  1.1263520e+000
 -1.1269200e+000  1.1269200e+000
 -1.1275135e+000  1.1275135e+000
 -1.1288866e+000  1.1288866e+000
 -1.1301866e+000  1.1301866e+000
 -1.1302587e+000  1.1302587e+000
 -1.1304035e+000  1.1304035e+000
 -1.1309857e+000  1.1309857e+000
 -1.1315668e+000  1.1315668e+000
 -1.1321449e+000  1.1321449e+000
 -1.1327294e+000  1.1327294e+000
 -1.1333282e+000  1.1333282e+000
 -1.1338053e+000  1.1338053e+000
 -1.1341002e+000  1.1341002e+000
 -1.1345309e+000  1.1345309e+000
 -1.1351307e+000  1.1351307e+000
 -1.1357100e+000  1.1357100e+000
 -1.1362737e+000  1.1362737e+000
 -1.1368357e+000  1.1368357e+000
 -1.1373966e+000  1.1373966e+000
 -1.1379559e+000  1.1379559e+000
 -1.1385146e+000  1.1385146e+000
 -1.1388415e+000  1.1388415e+000
 -1.1391281e+000  1.1391281e+000
 -1.1399019e+000  1.1399019e+000
 -1.1407289e+000  1.1407289e+000
 -1.1412815e+000  1.1412815e+000
 -1.1417940e+000  1.1417940e+000
 -1.1418197e+000  1.1418197e+000
 -1.1419640e+000  1.1419640e+000
 -1.1427691e+000  1.1427691e+000
 -1.1435315e+000  1.1435315e+000
 -1.1440707e+000  1.1440707e+000
 -1.1446081e+000  1.1446081e+000
 -1.1451418e+000  1.1451418e+000
 -1.1458816e+000  1.1458816e+000
 -1.1469270e+000  1.1469270e+000
 -1.1475994e+000  1.1475994e+000
 -1.1478776e+000  1.1478776e+000
 -1.1483121e+000  1.1483121e+000
 -1.1488374e+000  1.1488374e+000
 -1.1496919e+000  1.1496919e+000
 -1.1507212e+000  1.1507212e+000
 -1.1515525e+000  1.1515525e+000
 -1.1523132e+000  1.1523132e+000
 -1.1530899e+000  1.1530899e+000
 -1.1538701e+000  1.1538701e+000
 -1.1543887e+000  1.1543887e+000
 -1.1548776e+000  1.1548776e+000
 -1.1548883e+000  1.1548883e+000
 -1.1549832e+000  1.1549832e+000
 -1.1562495e+000  1.1562495e+000
 -1.1573987e+000  1.1573987e+000
 -1.1579045e+000  1.1579045e+000
 -1.1584589e+000  1.1584589e+000
 -1.1591968e+000  1.1591968e+000
 -1.1598563e+000  1.1598563e+000
 -1.1603512e+000  1.1603512e+000
 -1.1609398e+000  1.1609398e+000
 -1.1616659e+000  1.1616659e+000
 -1.1625175e+000  1.1625175e+000
 -1.1634999e+000  1.1634999e+000
 -1.1643201e+000  1.1643201e+000
 -1.1650448e+000  1.1650448e+000
 -1.1657779e+000  1.1657779e+000
 -1.1665153e+000  1.1665153e+000
 -1.1670587e+000  1.1670587e+000
 -1.1675336e+000  1.1675336e+000
 -1.1684105e+000  1.1684105e+000
 -1.1693739e+000  1.1693739e+000
 -1.1705262e+000  1.1705262e+000
 -1.1717287e+000  1.1717287e+000
 -1.1719772e+000  1.1719772e+000
 -1.1722684e+000  1.1722684e+000
 -1.1732141e+000  1.1732141e+000
 -1.1741552e+000  1.1741552e+000
 -1.1750709e+000  1.1750709e+000
 -1.1759339e+000  1.1759339e+000
 -1.1766302e+000  1.1766302e+000
 -1.1773414e+000  1.1773414e+000
 -1.1780232e+000  1.1780232e+000
 -1.1785162e+000  1.1785162e+000
 -1.1787350e+000  1.1787350e+000
 -1.1794260e+000  1.1794260e+000
 -1.1806057e+000  1.1806057e+000
 -1.1813439e+000  1.1813439e+000
 -1.1817554e+000  1.1817554e+000
 -1.1825047e+000  1.1825047e+000
 -1.1834189e+000  1.1834189e+000
 -1.1843099e+000  1.1843099e+000
 -1.1851931e+000  1.1851931e+000
 -1.1857095e+000  1.1857095e+000
 -1.1861483e+000  1.1861483e+000
 -1.1872059e+000  1.1872059e+000
 -1.1883256e+000  1.1883256e+000
 -1.1890006e+000  1.1890006e+000
 -1.1896700e+000  1.1896700e+000
 -1.1903173e+000  1.1903173e+000
 -1.1910419e+000  1.1910419e+000
 -1.1921747e+000  1.1921747e+000
 -1.1932471e+000  1.1932471e+000
 -1.1941308e+000  1.1941308e+000
 -1.1948449e+000  1.1948449e+000
 -1.1952399e+000  1.1952399e+000
 -1.1958311e+000  1.1958311e+000
 -1.1967046e+000  1.1967046e+000
 -1.1974564e+000  1.1974564e+000
 -1.1980833e+000  1.1980833e+000
 -1.1989879e+000  1.1989879e+000
 -1.2000958e+000  1.2000958e+000
 -1.2010152e+000  1.2010152e+000
 -1.2018856e+000  1.2018856e+000
 -1.2027284e+000  1.2027284e+000
 -1.2035618e+000  1.2035618e+000
 -1.2045897e+000  1.2045897e+000
 -1.2056582e+000  1.2056582e+000
 -1.2063531e+000  1.2063531e+000
 -1.2070115e+000  1.2070115e+000
 -1.2078429e+000  1.2078429e+000
 -1.2086607e+000  1.2086607e+000
 -1.2090439e+000  1.2090439e+000
 -1.2095700e+000  1.2095700e+000
 -1.2108359e+000  1.2108359e+000
 -1.2120005e+000  1.2120005e+000
 -1.2128533e+000  1.2128533e+000
 -1.2136752e+000  1.2136752e+000
 -1.2144345e+000  1.2144345e+000
 -1.2153428e+000  1.2153428e+000
 -1.2164004e+000  1.2164004e+000
 -1.2175448e+000  1.2175448e+000
 -1.2187775e+000  1.2187775e+000
 -1.2197665e+000  1.2197665e+000
 -1.2205787e+000  1.2205787e+000
 -1.2216758e+000  1.2216758e+000
 -1.2229177e+000  1.2229177e+000
 -1.2236648e+000  1.2236648e+000
 -1.2242302e+000  1.2242302e+000
 -1.2253525e+000  1.2253525e+000
 -1.2265886e+000  1.2265886e+000
 -1.2273959e+000  1.2273959e+000
 -1.2281625e+000  1.2281625e+000
 -1.2292088e+000  1.2292088e+000
 -1.2302620e+000  1.2302620e+000
 -1.2314337e+000  1.2314337e+000
 -1.2326464e+000  1.2326464e+000
 -1.2340673e+000  1.2340673e+000
 -1.2352129e+000  1.2352129e+000
 -1.2355238e+000  1.2355238e+000
 -1.2362006e+000  1.2362006e+000
 -1.2376158e+000  1.2376158e+000
 -1.2389148e+000  1.2389148e+000
 -1.2400943e+000  1.2400943e+000
 -1.2411670e+000  1.2411670e+000
 -1.2421321e+000  1.2421321e+000
 -1.2429770e+000  1.2429770e+000
 -1.2437352e+000  1.2437352e+000
 -1.2449101e+000  1.2449101e+000
 -1.2462944e+000  1.2462944e+000
 -1.2473308e+000  1.2473308e+000
 -1.2482993e+000  1.2482993e+000
 -1.2492701e+000  1.2492701e+000
 -1.2502411e+000  1.2502411e+000
 -1.2513668e+000  1.2513668e+000
 -1.2525063e+000  1.2525063e+000
 -1.2536699e+000  1.2536699e+000
 -1.2548283e+000  1.2548283e+000
 -1.2559319e+000  1.2559319e+000
 -1.2570467e+000  1.2570467e+000
 -1.2579680e+000  1.2579680e+000
 -1.2588387e+000  1.2588387e+000
 -1.2595594e+000  1.2595594e+000
 -1.2604960e+000  1.2604960e+000
 -1.2618641e+000  1.2618641e+000
 -1.2630219e+000  1.2630219e+000
 -1.2638861e+000  1.2638861e+000
 -1.2647018e+000  1.2647018e+000
 -1.2654037e+000  1.2654037e+000
 -1.2663542e+000  1.2663542e+000
 -1.2674810e+000  1.2674810e+000
 -1.2684565e+000  1.2684565e+000
 -1.2693563e+000  1.2693563e+000
 -1.2704160e+000  1.2704160e+000
 -1.2715281e+000  1.2715281e+000
 -1.2729715e+000  1.2729715e+000
 -1.2744703e+000  1.2744703e+000
 -1.2753992e+000  1.2753992e+000
 -1.2762795e+000  1.2762795e+000
 -1.2779658e+000  1.2779658e+000
 -1.2795848e+000  1.2795848e+000
 -1.2804839e+000  1.2804839e+000
 -1.2814316e+000  1.2814316e+000
 -1.2826821e+000  1.2826821e+000
 -1.2841390e+000  1.2841390e+000
 -1.2862057e+000  1.2862057e+000
 -1.2879935e+000  1.2879935e+000
 -1.2892296e+000  1.2892296e+000
 -1.2903969e+000  1.2903969e+000
 -1.2914691e+000  1.2914691e+000
 -1.2927927e+000  1.2927927e+000
 -1.2944441e+000  1.2944441e+000
 -1.2958604e+000  1.2958604e+000
 -1.2971110e+000  1.2971110e+000
 -1.2984781e+000  1.2984781e+000
 -1.2999022e+000  1.2999022e+000
 -1.3007553e+000  1.3007553e+000
 -1.3014213e+000  1.3014213e+000
 -1.3023707e+000  1.3023707e+000
 -1.3034451e+000  1.3034451e+000
 -1.3048001e+000  1.3048001e+000
 -1.3061780e+000  1.3061780e+000
 -1.3074221e+000  1.3074221e+000
 -1.3086461e+000  1.3086461e+000
 -1.3096692e+000  1.3096692e+000
 -1.3106863e+000  1.3106863e+000
 -1.3116795e+000  1.3116795e+000
 -1.3128151e+000  1.3128151e+000
 -1.3141367e+000  1.3141367e+000
 -1.3156969e+000  1.3156969e+000
 -1.3177235e+000  1.3177235e+000
 -1.3193961e+000  1.3193961e+000
 -1.3205839e+000  1.3205839e+000
 -1.3217459e+000  1.3217459e+000
 -1.3228829e+000  1.3228829e+000
 -1.3238634e+000  1.3238634e+000
 -1.3246743e+000  1.3246743e+000
 -1.3266198e+000  1.3266198e+000
 -1.3291178e+000  1.3291178e+000
 -1.3304454e+000  1.3304454e+000
 -1.3313957e+000  1.3313957e+000
 -1.3331539e+000  1.3331539e+000
 -1.3350658e+000  1.3350658e+000
 -1.3366267e+000  1.3366267e+000
 -1.3381535e+000  1.3381535e+000
 -1.3402421e+000  1.3402421e+000
 -1.3422284e+000  1.3422284e+000
 -1.3431873e+000  1.3431873e+000
 -1.3441764e+000  1.3441764e+000
 -1.3453157e+000  1.3453157e+000
 -1.3466423e+000  1.3466423e+000
 -1.3485973e+000  1.3485973e+000
 -1.3502473e+000  1.3502473e+000
 -1.3513091e+000  1.3513091e+000
 -1.3524828e+000  1.3524828e+000
 -1.3538087e+000  1.3538087e+000
 -1.3553973e+000  1.3553973e+000
 -1.3572404e+000  1.3572404e+000
 -1.3591375e+000  1.3591375e+000
 -1.3612058e+000  1.3612058e+000
 -1.3625014e+000  1.3625014e+000
 -1.3634247e+000  1.3634247e+000
 -1.3653032e+000  1.3653032e+000
 -1.3674847e+000  1.3674847e+000
 -1.3687430e+000  1.3687430e+000
 -1.3698272e+000  1.3698272e+000
 -1.3712014e+000  1.3712014e+000
 -1.3727139e+000  1.3727139e+000
 -1.3735811e+000  1.3735811e+000
 -1.3745330e+000  1.3745330e+000
 -1.3763297e+000  1.3763297e+000
 -1.3780652e+000  1.3780652e+000
 -1.3795211e+000  1.3795211e+000
 -1.3810577e+000  1.3810577e+000
 -1.3828271e+000  1.3828271e+000
 -1.3846969e+000  1.3846969e+000
 -1.3864872e+000  1.3864872e+000
 -1.3884150e+000  1.3884150e+000
 -1.3905279e+000  1.3905279e+000
 -1.3920924e+000  1.3920924e+000
 -1.3931311e+000  1.3931311e+000
 -1.3945805e+000  1.3945805e+000
 -1.3963098e+000  1.3963098e+000
 -1.3986896e+000  1.3986896e+000
 -1.4013016e+000  1.4013016e+000
 -1.4032645e+000  1.4032645e+000
 -1.4050227e+000  1.4050227e+000
 -1.4074858e+000  1.4074858e+000
 -1.4100782e+000  1.4100782e+000
 -1.4118152e+000  1.4118152e+000
 -1.4134767e+000  1.4134767e+000
 -1.4146935e+000  1.4146935e+000
 -1.4159757e+000  1.4159757e+000
 -1.4179066e+000  1.4179066e+000
 -1.4197974e+000  1.4197974e+000
 -1.4215141e+000  1.4215141e+000
 -1.4231896e+000  1.4231896e+000
 -1.4247549e+000  1.4247549e+000
 -1.4267813e+000  1.4267813e+000
 -1.4299016e+000  1.4299016e+000
 -1.4332565e+000  1.4332565e+000
 -1.4369233e+000  1.4369233e+000
 -1.4394834e+000  1.4394834e+000
 -1.4409912e+000  1.4409912e+000
 -1.4420905e+000  1.4420905e+000
 -1.4429124e+000  1.4429124e+000
 -1.4442420e+000  1.4442420e+000
 -1.4435852e+000  1.4435852e+000
 -1.4466099e+000  1.4466099e+000
 -1.4496346e+000  1.4496346e+000
 -1.4526593e+000  1.4526593e+000
 -1.4556841e+000  1.4556841e+000
 -1.4587088e+000  1.4587088e+000
 -1.4617335e+000  1.4617335e+000
 -1.4647582e+000  1.4647582e+000
 -1.4680632e+000  1.4680632e+000
 -1.4713681e+000  1.4713681e+000
 -1.4746731e+000  1.4746731e+000
 -1.4779780e+000  1.4779780e+000
 -1.4812830e+000  1.4812830e+000
 -1.4845879e+000  1.4845879e+000
 -1.4878929e+000  1.4878929e+000
 -1.4911978e+000  1.4911978e+000
 -1.4948049e+000  1.4948049e+000
 -1.4984121e+000  1.4984121e+000
 -1.5020192e+000  1.5020192e+000
 -1.5056264e+000  1.5056264e+000
 -1.5092335e+000  1.5092335e+000
 -1.5128407e+000  1.5128407e+000
 -1.5164478e+000  1.5164478e+000
 -1.5200549e+000  1.5200549e+000
 -1.5239890e+000  1.5239890e+000
 -1.5279231e+000  1.5279231e+000
 -1.5318571e+000  1.5318571e+000
 -1.5357912e+000  1.5357912e+000
 -1.5397253e+000  1.5397253e+000
 -1.5436593e+000  1.5436593e+000
 -1.5475934e+000  1.5475934e+000
 -1.5515275e+000  1.5515275e+000
 -1.5558736e+000  1.5558736e+000
 -1.5602198e+000  1.5602198e+000
 -1.5645659e+000  1.5645659e+000
 -1.5689121e+000  1.5689121e+000
 -1.5732582e+000  1.5732582e+000
 -1.5776044e+000  1.5776044e+000
 -1.5819505e+000  1.5819505e+000
 -1.5862967e+000  1.5862967e+000
 -1.5910549e+000  1.5910549e+000
 -1.5958132e+000  1.5958132e+000
 -1.6005714e+000  1.6005714e+000
 -1.6053297e+000  1.6053297e+000
 -1.6100879e+000  1.6100879e+000
 -1.6148462e+000  1.6148462e+000
 -1.6196044e+000  1.6196044e+000
 -1.6243626e+000  1.6243626e+000
 -1.6295357e+000  1.6295357e+000
 -1.6347088e+000  1.6347088e+000
 -1.6398819e+000  1.6398819e+000
 -1.6450549e+000  1.6450549e+000
 -1.6502280e+000  1.6502280e+000
 -1.6554011e+000  1.6554011e+000
 -1.6605742e+000  1.6605742e+000
 -1.6657473e+000  1.6657473e+000
 -1.6713448e+000  1.6713448e+000
 -1.6769423e+000  1.6769423e+000
 -1.6825398e+000  1.6825398e+000
 -1.6881374e+000  1.6881374e+000
 -1.6937349e+000  1.6937349e+000
 -1.6993324e+000  1.6993324e+000
 -1.7049299e+000  1.7049299e+000
 -1.7105275e+000  1.7105275e+000
 -1.7161717e+000  1.7161717e+000
 -1.7218159e+000  1.7218159e+000
 -1.7274602e+000  1.7274602e+000
 -1.7331044e+000  1.7331044e+000
 -1.7387486e+000  1.7387486e+000
 -1.7443929e+000  1.7443929e+000
 -1.7500371e+000  1.7500371e+000
 -1.7556813e+000  1.7556813e+000
 -1.7622033e+000  1.7622033e+000
 -1.7687253e+000  1.7687253e+000
 -1.7752473e+000  1.7752473e+000
 -1.7817692e+000  1.7817692e+000
 -1.7882912e+000  1.7882912e+000
 -1.7948132e+000  1.7948132e+000
 -1.8013352e+000  1.8013352e+000
 -1.8078571e+000  1.8078571e+000
 -1.8138970e+000  1.8138970e+000
 -1.8199368e+000  1.8199368e+000
 -1.8259766e+000  1.8259766e+000
 -1.8320165e+000  1.8320165e+000
 -1.8380563e+000  1.8380563e+000
 -1.8440962e+000  1.8440962e+000
 -1.8501360e+000  1.8501360e+000
 -1.8561758e+000  1.8561758e+000
 -1.8627184e+000  1.8627184e+000
 -1.8692610e+000  1.8692610e+000
 -1.8758036e+000  1.8758036e+000
 -1.8823462e+000  1.8823462e+000
 -1.8888887e+000  1.8888887e+000
 -1.8954313e+000  1.8954313e+000
 -1.9019739e+000  1.9019739e+000
 -1.9085165e+000  1.9085165e+000
 -1.9156854e+000  1.9156854e+000
 -1.9228544e+000  1.9228544e+000
 -1.9300234e+000  1.9300234e+000
 -1.9371923e+000  1.9371923e+000
 -1.9443613e+000  1.9443613e+000
 -1.9515302e+000  1.9515302e+000
 -1.9586992e+000  1.9586992e+000
 -1.9658681e+000  1.9658681e+000
 -1.9750467e+000  1.9750467e+000
 -1.9842253e+000  1.9842253e+000
 -1.9934038e+000  1.9934038e+000
 -2.0000000e+000  2.0000000e+000
 -2.0000000e+000  2.0000000e+000
 -2.0000000e+000  2.0000000e+000
 -2.0000000e+000  2.0000000e+000
 -2.0000000e+000  2.0000000e+000
