 -1.0000000e+000  1.0000000e+000
 -1.0000000e+000  1.0000000e+000
 -1.0000000e+000  1.0000000e+000
 -1.0000000e+000  1.0000000e+000
 -1.0000000e+000  1.0000000e+000
 -1.0000000e+000  1.0000000e+000
 -1.0000000e+000  1.0000000e+000
 -1.0000000e+000  1.0000000e+000
 -1.0000000e+000  1.0000000e+000
 -1.0000000e+000  1.0000000e+000
 -1.0000000e+000  1.0000000e+000
 -1.0000000e+000  1.0000000e+000
 -1.0000000e+000  1.0000000e+000
 -1.0000000e+000  1.0000000e+000
 -1.0000000e+000  1.0000000e+000
 -1.0000000e+000  1.0000000e+000
 -1.0000000e+000  1.0000000e+000
 -1.0000000e+000  1.0000000e+000
 -1.0000000e+000  1.0000000e+000
 -1.0000000e+000  1.0000000e+000
 -1.0000000e+000  1.0000000e+000
 -1.0000000e+000  1.0000000e+000
 -1.0000000e+000  1.0000000e+000
 -1.0000000e+000  1.0000000e+000
 -1.0000000e+000  1.0000000e+000
 -1.0000000e+000  1.0000000e+000
 -1.0000000e+000  1.0000000e+000
 -1.0000000e+000  1.0000000e+000
 -1.0000000e+000  1.0000000e+000
 -1.0000000e+000  1.0000000e+000
 -1.0000000e+000  1.0000000e+000
 -1.0000000e+000  1.0000000e+000
 -1.0000000e+000  1.0000000e+000
 -1.0000000e+000  1.0000000e+000
 -1.0000000e+000  1.0000000e+000
 -1.0000000e+000  1.0000000e+000
 -1.0000000e+000  1.0000000e+000
 -1.0000000e+000  1.0000000e+000
 -1.0000000e+000  1.0000000e+000
 -1.0000000e+000  1.0000000e+000
 -1.0000000e+000  1.0000000e+000
 -1.0000000e+000  1.0000000e+000
 -1.0000000e+000  1.0000000e+000
 -1.0000000e+000  1.0000000e+000
 -1.0000000e+000  1.0000000e+000
 -1.0000000e+000  1.0000000e+000
 -1.0000000e+000  1.0000000e+000
 -1.0000000e+000  1.0000000e+000
 -1.0000000e+000  1.0000000e+000
 -1.0000000e+000  1.0000000e+000
 -1.0000000e+000  1.0000000e+000
 -1.0000000e+000  1.0000000e+000
 -1.0000000e+000  1.0000000e+000
 -1.0000000e+000  1.0000000e+000
 -1.0000000e+000  1.0000000e+000
 -1.0000000e+000  1.0000000e+000
 -1.0000000e+000  1.0000000e+000
 -1.0000000e+000  1.0000000e+000
 -1.0000000e+000  1.0000000e+000
 -1.0000000e+000  1.0000000e+000
 -1.0000000e+000  1.0000000e+000
 -1.0000000e+000  1.0000000e+000
 -1.0000000e+000  1.0000000e+000
 -1.0000000e+000  1.0000000e+000
 -1.0000000e+000  1.0000000e+000
 -1.0000000e+000  1.0000000e+000
 -1.0000000e+000  1.0000000e+000
 -1.0000000e+000  1.0000000e+000
 -1.0000000e+000  1.0000000e+000
 -1.0000000e+000  1.0000000e+000
 -1.0000000e+000  1.0000000e+000
 -1.0000000e+000  1.0000000e+000
 -1.0000000e+000  1.0000000e+000
 -1.0000000e+000  1.0000000e+000
 -1.0000000e+000  1.0000000e+000
 -1.0000000e+000  1.0000000e+000
 -1.0000000e+000  1.0000000e+000
 -1.0000000e+000  1.0000000e+000
 -1.0000000e+000  1.0000000e+000
 -1.0000000e+000  1.0000000e+000
 -1.0000000e+000  1.0000000e+000
 -1.0000000e+000  1.0000000e+000
 -1.0000000e+000  1.0000000e+000
 -1.0000000e+000  1.0000000e+000
 -1.0000000e+000  1.0000000e+000
 -1.0000000e+000  1.0000000e+000
 -1.0000000e+000  1.0000000e+000
 -1.0000000e+000  1.0000000e+000
 -1.0000000e+000  1.0000000e+000
 -1.0000000e+000  1.0000000e+000
 -1.0000000e+000  1.0000000e+000
 -1.0000000e+000  1.0000000e+000
 -1.0000000e+000  1.0000000e+000
 -1.0000000e+000  1.0000000e+000
 -1.0000000e+000  1.0000000e+000
 -1.0000000e+000  1.0000000e+000
 -1.0000000e+000  1.0000000e+000
 -1.0000000e+000  1.0000000e+000
 -1.0000000e+000  1.0000000e+000
 -1.0000000e+000  1.0000000e+000
 -1.0000000e+000  1.0000000e+000
 -1.0000000e+000  1.0000000e+000
 -1.0000000e+000  1.0000000e+000
 -1.0000000e+000  1.0000000e+000
 -1.0000000e+000  1.0000000e+000
 -1.0000000e+000  1.0000000e+000
 -1.0000000e+000  1.0000000e+000
 -1.0000000e+000  1.0000000e+000
 -1.0000000e+000  1.0000000e+000
 -1.0000000e+000  1.0000000e+000
 -1.0000000e+000  1.0000000e+000
 -1.0000000e+000  1.0000000e+000
 -1.0000000e+000  1.0000000e+000
 -1.0000000e+000  1.0000000e+000
 -1.0000000e+000  1.0000000e+000
 -1.0000000e+000  1.0000000e+000
 -1.0000000e+000  1.0000000e+000
 -1.0000000e+000  1.0000000e+000
 -1.0000000e+000  1.0000000e+000
 -1.0000000e+000  1.0000000e+000
 -1.0000000e+000  1.0000000e+000
 -1.0000000e+000  1.0000000e+000
 -1.0000000e+000  1.0000000e+000
 -1.0000000e+000  1.0000000e+000
 -1.0000000e+000  1.0000000e+000
 -1.0000000e+000  1.0000000e+000
 -1.0000000e+000  1.0000000e+000
 -1.0000000e+000  1.0000000e+000
 -1.0000000e+000  1.0000000e+000
 -1.0000000e+000  1.0000000e+000
 -1.0000000e+000  1.0000000e+000
 -1.0000000e+000  1.0000000e+000
 -1.0000000e+000  1.0000000e+000
 -1.0000000e+000  1.0000000e+000
 -1.0000000e+000  1.0000000e+000
 -1.0000000e+000  1.0000000e+000
 -1.0000000e+000  1.0000000e+000
 -1.0000000e+000  1.0000000e+000
 -1.0000000e+000  1.0000000e+000
 -1.0000000e+000  1.0000000e+000
 -1.0000000e+000  1.0000000e+000
 -1.0000000e+000  1.0000000e+000
 -1.0000000e+000  1.0000000e+000
 -1.0000000e+000  1.0000000e+000
 -1.0000000e+000  1.0000000e+000
 -1.0000000e+000  1.0000000e+000
 -1.0000000e+000  1.0000000e+000
 -1.0000000e+000  1.0000000e+000
 -1.0000000e+000  1.0000000e+000
 -1.0000000e+000  1.0000000e+000
 -1.0000000e+000  1.0000000e+000
 -1.0000000e+000  1.0000000e+000
 -1.0000000e+000  1.0000000e+000
 -1.0000000e+000  1.0000000e+000
 -1.0000000e+000  1.0000000e+000
 -1.0000000e+000  1.0000000e+000
 -1.0000000e+000  1.0000000e+000
 -1.0000000e+000  1.0000000e+000
 -1.0000000e+000  1.0000000e+000
 -1.0000000e+000  1.0000000e+000
 -1.0000000e+000  1.0000000e+000
 -1.0000351e+000  1.0000351e+000
 -1.0020716e+000  1.0020716e+000
 -1.0039039e+000  1.0039039e+000
 -1.0038803e+000  1.0038803e+000
 -1.0038568e+000  1.0038568e+000
 -1.0038337e+000  1.0038337e+000
 -1.0038108e+000  1.0038108e+000
 -1.0037882e+000  1.0037882e+000
 -1.0037659e+000  1.0037659e+000
 -1.0037438e+000  1.0037438e+000
 -1.0045614e+000  1.0045614e+000
 -1.0064724e+000  1.0064724e+000
 -1.0073718e+000  1.0073718e+000
 -1.0073295e+000  1.0073295e+000
 -1.0072877e+000  1.0072877e+000
 -1.0072463e+000  1.0072463e+000
 -1.0084909e+000  1.0084909e+000
 -1.0103281e+000  1.0103281e+000
 -1.0107068e+000  1.0107068e+000
 -1.0106471e+000  1.0106471e+000
 -1.0105885e+000  1.0105885e+000
 -1.0105300e+000  1.0105300e+000
 -1.0104728e+000  1.0104728e+000
 -1.0104508e+000  1.0104508e+000
 -1.0121805e+000  1.0121805e+000
 -1.0133587e+000  1.0133587e+000
 -1.0097313e+000  1.0097313e+000
 -1.0071101e+000  1.0071101e+000
 -1.0088188e+000  1.0088188e+000
 -1.0105212e+000  1.0105212e+000
 -1.0122019e+000  1.0122019e+000
 -1.0138797e+000  1.0138797e+000
 -1.0155500e+000  1.0155500e+000
 -1.0164540e+000  1.0164540e+000
 -1.0163697e+000  1.0163697e+000
 -1.0154054e+000  1.0154054e+000
 -1.0136343e+000  1.0136343e+000
 -1.0139054e+000  1.0139054e+000
 -1.0155134e+000  1.0155134e+000
 -1.0159608e+000  1.0159608e+000
 -1.0158812e+000  1.0158812e+000
 -1.0158029e+000  1.0158029e+000
 -1.0157248e+000  1.0157248e+000
 -1.0156480e+000  1.0156480e+000
 -1.0155714e+000  1.0155714e+000
 -1.0154962e+000  1.0154962e+000
 -1.0154211e+000  1.0154211e+000
 -1.0153473e+000  1.0153473e+000
 -1.0154411e+000  1.0154411e+000
 -1.0169538e+000  1.0169538e+000
 -1.0184610e+000  1.0184610e+000
 -1.0199373e+000  1.0199373e+000
 -1.0209855e+000  1.0209855e+000
 -1.0208877e+000  1.0208877e+000
 -1.0213384e+000  1.0213384e+000
 -1.0227813e+000  1.0227813e+000
 -1.0235428e+000  1.0235428e+000
 -1.0234349e+000  1.0234349e+000
 -1.0233279e+000  1.0233279e+000
 -1.0232219e+000  1.0232219e+000
 -1.0231169e+000  1.0231169e+000
 -1.0230127e+000  1.0230127e+000
 -1.0229097e+000  1.0229097e+000
 -1.0228072e+000  1.0228072e+000
 -1.0227061e+000  1.0227061e+000
 -1.0226054e+000  1.0226054e+000
 -1.0225061e+000  1.0225061e+000
 -1.0224071e+000  1.0224071e+000
 -1.0236766e+000  1.0236766e+000
 -1.0249973e+000  1.0249973e+000
 -1.0248895e+000  1.0248895e+000
 -1.0247819e+000  1.0247819e+000
 -1.0246759e+000  1.0246759e+000
 -1.0245702e+000  1.0245702e+000
 -1.0244658e+000  1.0244658e+000
 -1.0243620e+000  1.0243620e+000
 -1.0242594e+000  1.0242594e+000
 -1.0241573e+000  1.0241573e+000
 -1.0240563e+000  1.0240563e+000
 -1.0245646e+000  1.0245646e+000
 -1.0258420e+000  1.0258420e+000
 -1.0263911e+000  1.0263911e+000
 -1.0262824e+000  1.0262824e+000
 -1.0261748e+000  1.0261748e+000
 -1.0260679e+000  1.0260679e+000
 -1.0259621e+000  1.0259621e+000
 -1.0258568e+000  1.0258568e+000
 -1.0267911e+000  1.0267911e+000
 -1.0280258e+000  1.0280258e+000
 -1.0281021e+000  1.0281021e+000
 -1.0279898e+000  1.0279898e+000
 -1.0278792e+000  1.0278792e+000
 -1.0277686e+000  1.0277686e+000
 -1.0276597e+000  1.0276597e+000
 -1.0275509e+000  1.0275509e+000
 -1.0274436e+000  1.0274436e+000
 -1.0273366e+000  1.0273366e+000
 -1.0272309e+000  1.0272309e+000
 -1.0271256e+000  1.0271256e+000
 -1.0270215e+000  1.0270215e+000
 -1.0273772e+000  1.0273772e+000
 -1.0285471e+000  1.0285471e+000
 -1.0297069e+000  1.0297069e+000
 -1.0308539e+000  1.0308539e+000
 -1.0300083e+000  1.0300083e+000
 -1.0273883e+000  1.0273883e+000
 -1.0270746e+000  1.0270746e+000
 -1.0282218e+000  1.0282218e+000
 -1.0284979e+000  1.0284979e+000
 -1.0283922e+000  1.0283922e+000
 -1.0282876e+000  1.0282876e+000
 -1.0281833e+000  1.0281833e+000
 -1.0291265e+000  1.0291265e+000
 -1.0302378e+000  1.0302378e+000
 -1.0313361e+000  1.0313361e+000
 -1.0323632e+000  1.0323632e+000
 -1.0310464e+000  1.0310464e+000
 -1.0300025e+000  1.0300025e+000
 -1.0310867e+000  1.0310867e+000
 -1.0319361e+000  1.0319361e+000
 -1.0318227e+000  1.0318227e+000
 -1.0317097e+000  1.0317097e+000
 -1.0315978e+000  1.0315978e+000
 -1.0314864e+000  1.0314864e+000
 -1.0313761e+000  1.0313761e+000
 -1.0312663e+000  1.0312663e+000
 -1.0311574e+000  1.0311574e+000
 -1.0310493e+000  1.0310493e+000
 -1.0309418e+000  1.0309418e+000
 -1.0308352e+000  1.0308352e+000
 -1.0307291e+000  1.0307291e+000
 -1.0306240e+000  1.0306240e+000
 -1.0305194e+000  1.0305194e+000
 -1.0304157e+000  1.0304157e+000
 -1.0303124e+000  1.0303124e+000
 -1.0302103e+000  1.0302103e+000
 -1.0301083e+000  1.0301083e+000
 -1.0310668e+000  1.0310668e+000
 -1.0320479e+000  1.0320479e+000
 -1.0319413e+000  1.0319413e+000
 -1.0318350e+000  1.0318350e+000
 -1.0317298e+000  1.0317298e+000
 -1.0316250e+000  1.0316250e+000
 -1.0315211e+000  1.0315211e+000
 -1.0314175e+000  1.0314175e+000
 -1.0313150e+000  1.0313150e+000
 -1.0312129e+000  1.0312129e+000
 -1.0311116e+000  1.0311116e+000
 -1.0314925e+000  1.0314925e+000
 -1.0324640e+000  1.0324640e+000
 -1.0328620e+000  1.0328620e+000
 -1.0327563e+000  1.0327563e+000
 -1.0326516e+000  1.0326516e+000
 -1.0325475e+000  1.0325475e+000
 -1.0324443e+000  1.0324443e+000
 -1.0323415e+000  1.0323415e+000
 -1.0322396e+000  1.0322396e+000
 -1.0321381e+000  1.0321381e+000
 -1.0320388e+000  1.0320388e+000
 -1.0319372e+000  1.0319372e+000
 -1.0328222e+000  1.0328222e+000
 -1.0337227e+000  1.0337227e+000
 -1.0336186e+000  1.0336186e+000
 -1.0335147e+000  1.0335147e+000
 -1.0334118e+000  1.0334118e+000
 -1.0335143e+000  1.0335143e+000
 -1.0344310e+000  1.0344310e+000
 -1.0350574e+000  1.0350574e+000
 -1.0349509e+000  1.0349509e+000
 -1.0352147e+000  1.0352147e+000
 -1.0361129e+000  1.0361129e+000
 -1.0365556e+000  1.0365556e+000
 -1.0364459e+000  1.0364459e+000
 -1.0368687e+000  1.0368687e+000
 -1.0377534e+000  1.0377534e+000
 -1.0380218e+000  1.0380218e+000
 -1.0379089e+000  1.0379089e+000
 -1.0377969e+000  1.0377969e+000
 -1.0376852e+000  1.0376852e+000
 -1.0375745e+000  1.0375745e+000
 -1.0374642e+000  1.0374642e+000
 -1.0373547e+000  1.0373547e+000
 -1.0372454e+000  1.0372454e+000
 -1.0371377e+000  1.0371377e+000
 -1.0370654e+000  1.0370654e+000
 -1.0379210e+000  1.0379210e+000
 -1.0386607e+000  1.0386607e+000
 -1.0385498e+000  1.0385498e+000
 -1.0386327e+000  1.0386327e+000
 -1.0394716e+000  1.0394716e+000
 -1.0403073e+000  1.0403073e+000
 -1.0411397e+000  1.0411397e+000
 -1.0412707e+000  1.0412707e+000
 -1.0402128e+000  1.0402128e+000
 -1.0400109e+000  1.0400109e+000
 -1.0408349e+000  1.0408349e+000
 -1.0411537e+000  1.0411537e+000
 -1.0410387e+000  1.0410387e+000
 -1.0414945e+000  1.0414945e+000
 -1.0423121e+000  1.0423121e+000
 -1.0424703e+000  1.0424703e+000
 -1.0423528e+000  1.0423528e+000
 -1.0415126e+000  1.0415126e+000
 -1.0404796e+000  1.0404796e+000
 -1.0410473e+000  1.0410473e+000
 -1.0418495e+000  1.0418495e+000
 -1.0426332e+000  1.0426332e+000
 -1.0433953e+000  1.0433953e+000
 -1.0432779e+000  1.0432779e+000
 -1.0431608e+000  1.0431608e+000
 -1.0430446e+000  1.0430446e+000
 -1.0429288e+000  1.0429288e+000
 -1.0428138e+000  1.0428138e+000
 -1.0426987e+000  1.0426987e+000
 -1.0425831e+000  1.0425831e+000
 -1.0424722e+000  1.0424722e+000
 -1.0423596e+000  1.0423596e+000
 -1.0422475e+000  1.0422475e+000
 -1.0421360e+000  1.0421360e+000
 -1.0424975e+000  1.0424975e+000
 -1.0432612e+000  1.0432612e+000
 -1.0434767e+000  1.0434767e+000
 -1.0433619e+000  1.0433619e+000
 -1.0432510e+000  1.0432510e+000
 -1.0431386e+000  1.0431386e+000
 -1.0437060e+000  1.0437060e+000
 -1.0444531e+000  1.0444531e+000
 -1.0444464e+000  1.0444464e+000
 -1.0443320e+000  1.0443320e+000
 -1.0442186e+000  1.0442186e+000
 -1.0441403e+000  1.0441403e+000
 -1.0448792e+000  1.0448792e+000
 -1.0455115e+000  1.0455115e+000
 -1.0453962e+000  1.0453962e+000
 -1.0452811e+000  1.0452811e+000
 -1.0451669e+000  1.0451669e+000
 -1.0452975e+000  1.0452975e+000
 -1.0460206e+000  1.0460206e+000
 -1.0467348e+000  1.0467348e+000
 -1.0474566e+000  1.0474566e+000
 -1.0474107e+000  1.0474107e+000
 -1.0464623e+000  1.0464623e+000
 -1.0464157e+000  1.0464157e+000
 -1.0471276e+000  1.0471276e+000
 -1.0473202e+000  1.0473202e+000
 -1.0472036e+000  1.0472036e+000
 -1.0470870e+000  1.0470870e+000
 -1.0469721e+000  1.0469721e+000
 -1.0481459e+000  1.0481459e+000
 -1.0496565e+000  1.0496565e+000
 -1.0497358e+000  1.0497358e+000
 -1.0496148e+000  1.0496148e+000
 -1.0494950e+000  1.0494950e+000
 -1.0493745e+000  1.0493745e+000
 -1.0492401e+000  1.0492401e+000
 -1.0492396e+000  1.0492396e+000
 -1.0499173e+000  1.0499173e+000
 -1.0504266e+000  1.0504266e+000
 -1.0503064e+000  1.0503064e+000
 -1.0501866e+000  1.0501866e+000
 -1.0500675e+000  1.0500675e+000
 -1.0502452e+000  1.0502452e+000
 -1.0509103e+000  1.0509103e+000
 -1.0512242e+000  1.0512242e+000
 -1.0511037e+000  1.0511037e+000
 -1.0509837e+000  1.0509837e+000
 -1.0508643e+000  1.0508643e+000
 -1.0507455e+000  1.0507455e+000
 -1.0506271e+000  1.0506271e+000
 -1.0516092e+000  1.0516092e+000
 -1.0530363e+000  1.0530363e+000
 -1.0538434e+000  1.0538434e+000
 -1.0544922e+000  1.0544922e+000
 -1.0544598e+000  1.0544598e+000
 -1.0543344e+000  1.0543344e+000
 -1.0549417e+000  1.0549417e+000
 -1.0555415e+000  1.0555415e+000
 -1.0554150e+000  1.0554150e+000
 -1.0553837e+000  1.0553837e+000
 -1.0560174e+000  1.0560174e+000
 -1.0564885e+000  1.0564885e+000
 -1.0563608e+000  1.0563608e+000
 -1.0564571e+000  1.0564571e+000
 -1.0570822e+000  1.0570822e+000
 -1.0574202e+000  1.0574202e+000
 -1.0572916e+000  1.0572916e+000
 -1.0575038e+000  1.0575038e+000
 -1.0581228e+000  1.0581228e+000
 -1.0583316e+000  1.0583316e+000
 -1.0582019e+000  1.0582019e+000
 -1.0580730e+000  1.0580730e+000
 -1.0579443e+000  1.0579443e+000
 -1.0583420e+000  1.0583420e+000
 -1.0589494e+000  1.0589494e+000
 -1.0595353e+000  1.0595353e+000
 -1.0601499e+000  1.0601499e+000
 -1.0601062e+000  1.0601062e+000
 -1.0599748e+000  1.0599748e+000
 -1.0605442e+000  1.0605442e+000
 -1.0611384e+000  1.0611384e+000
 -1.0617286e+000  1.0617286e+000
 -1.0622223e+000  1.0622223e+000
 -1.0620845e+000  1.0620845e+000
 -1.0619547e+000  1.0619547e+000
 -1.0618216e+000  1.0618216e+000
 -1.0616888e+000  1.0616888e+000
 -1.0615568e+000  1.0615568e+000
 -1.0614252e+000  1.0614252e+000
 -1.0612943e+000  1.0612943e+000
 -1.0621517e+000  1.0621517e+000
 -1.0641396e+000  1.0641396e+000
 -1.0649651e+000  1.0649651e+000
 -1.0648276e+000  1.0648276e+000
 -1.0646909e+000  1.0646909e+000
 -1.0645546e+000  1.0645546e+000
 -1.0644192e+000  1.0644192e+000
 -1.0642839e+000  1.0642839e+000
 -1.0647053e+000  1.0647053e+000
 -1.0652651e+000  1.0652651e+000
 -1.0652115e+000  1.0652115e+000
 -1.0650757e+000  1.0650757e+000
 -1.0656091e+000  1.0656091e+000
 -1.0661289e+000  1.0661289e+000
 -1.0659924e+000  1.0659924e+000
 -1.0658562e+000  1.0658562e+000
 -1.0657209e+000  1.0657209e+000
 -1.0657313e+000  1.0657313e+000
 -1.0662822e+000  1.0662822e+000
 -1.0666256e+000  1.0666256e+000
 -1.0664897e+000  1.0664897e+000
 -1.0666151e+000  1.0666151e+000
 -1.0671561e+000  1.0671561e+000
 -1.0676957e+000  1.0676957e+000
 -1.0682334e+000  1.0682334e+000
 -1.0687619e+000  1.0687619e+000
 -1.0693018e+000  1.0693018e+000
 -1.0694093e+000  1.0694093e+000
 -1.0692698e+000  1.0692698e+000
 -1.0691311e+000  1.0691311e+000
 -1.0689927e+000  1.0689927e+000
 -1.0693880e+000  1.0693880e+000
 -1.0699137e+000  1.0699137e+000
 -1.0698443e+000  1.0698443e+000
 -1.0697109e+000  1.0697109e+000
 -1.0702127e+000  1.0702127e+000
 -1.0706980e+000  1.0706980e+000
 -1.0705588e+000  1.0705588e+000
 -1.0705998e+000  1.0705998e+000
 -1.0717690e+000  1.0717690e+000
 -1.0726472e+000  1.0726472e+000
 -1.0724979e+000  1.0724979e+000
 -1.0723651e+000  1.0723651e+000
 -1.0722241e+000  1.0722241e+000
 -1.0720835e+000  1.0720835e+000
 -1.0719436e+000  1.0719436e+000
 -1.0718042e+000  1.0718042e+000
 -1.0716653e+000  1.0716653e+000
 -1.0718819e+000  1.0718819e+000
 -1.0723832e+000  1.0723832e+000
 -1.0732972e+000  1.0732972e+000
 -1.0744371e+000  1.0744371e+000
 -1.0746503e+000  1.0746503e+000
 -1.0745074e+000  1.0745074e+000
 -1.0748771e+000  1.0748771e+000
 -1.0753700e+000  1.0753700e+000
 -1.0752968e+000  1.0752968e+000
 -1.0751532e+000  1.0751532e+000
 -1.0756238e+000  1.0756238e+000
 -1.0761105e+000  1.0761105e+000
 -1.0765964e+000  1.0765964e+000
 -1.0769940e+000  1.0769940e+000
 -1.0768495e+000  1.0768495e+000
 -1.0768447e+000  1.0768447e+000
 -1.0773246e+000  1.0773246e+000
 -1.0776111e+000  1.0776111e+000
 -1.0774672e+000  1.0774672e+000
 -1.0778071e+000  1.0778071e+000
 -1.0789013e+000  1.0789013e+000
 -1.0796996e+000  1.0796996e+000
 -1.0801693e+000  1.0801693e+000
 -1.0802943e+000  1.0802943e+000
 -1.0801461e+000  1.0801461e+000
 -1.0799913e+000  1.0799913e+000
 -1.0798499e+000  1.0798499e+000
 -1.0801465e+000  1.0801465e+000
 -1.0806094e+000  1.0806094e+000
 -1.0810702e+000  1.0810702e+000
 -1.0815304e+000  1.0815304e+000
 -1.0819902e+000  1.0819902e+000
 -1.0824498e+000  1.0824498e+000
 -1.0823078e+000  1.0823078e+000
 -1.0822370e+000  1.0822370e+000
 -1.0832900e+000  1.0832900e+000
 -1.0842577e+000  1.0842577e+000
 -1.0847079e+000  1.0847079e+000
 -1.0850218e+000  1.0850218e+000
 -1.0848692e+000  1.0848692e+000
 -1.0847146e+000  1.0847146e+000
 -1.0845550e+000  1.0845550e+000
 -1.0851144e+000  1.0851144e+000
 -1.0867447e+000  1.0867447e+000
 -1.0875243e+000  1.0875243e+000
 -1.0873688e+000  1.0873688e+000
 -1.0875446e+000  1.0875446e+000
 -1.0879804e+000  1.0879804e+000
 -1.0884119e+000  1.0884119e+000
 -1.0888409e+000  1.0888409e+000
 -1.0892751e+000  1.0892751e+000
 -1.0897045e+000  1.0897045e+000
 -1.0901319e+000  1.0901319e+000
 -1.0905590e+000  1.0905590e+000
 -1.0909824e+000  1.0909824e+000
 -1.0914054e+000  1.0914054e+000
 -1.0923937e+000  1.0923937e+000
 -1.0933224e+000  1.0933224e+000
 -1.0931613e+000  1.0931613e+000
 -1.0931670e+000  1.0931670e+000
 -1.0941574e+000  1.0941574e+000
 -1.0950157e+000  1.0950157e+000
 -1.0954268e+000  1.0954268e+000
 -1.0956583e+000  1.0956583e+000
 -1.0954941e+000  1.0954941e+000
 -1.0957744e+000  1.0957744e+000
 -1.0967556e+000  1.0967556e+000
 -1.0974600e+000  1.0974600e+000
 -1.0978630e+000  1.0978630e+000
 -1.0979455e+000  1.0979455e+000
 -1.0977789e+000  1.0977789e+000
 -1.0983423e+000  1.0983423e+000
 -1.0993058e+000  1.0993058e+000
 -1.0998482e+000  1.0998482e+000
 -1.1002489e+000  1.1002489e+000
 -1.1001863e+000  1.1001863e+000
 -1.1000174e+000  1.1000174e+000
 -1.1008521e+000  1.1008521e+000
 -1.1018026e+000  1.1018026e+000
 -1.1022013e+000  1.1022013e+000
 -1.1025525e+000  1.1025525e+000
 -1.1023707e+000  1.1023707e+000
 -1.1023748e+000  1.1023748e+000
 -1.1033120e+000  1.1033120e+000
 -1.1041206e+000  1.1041206e+000
 -1.1044994e+000  1.1044994e+000
 -1.1050511e+000  1.1050511e+000
 -1.1059800e+000  1.1059800e+000
 -1.1064676e+000  1.1064676e+000
 -1.1062880e+000  1.1062880e+000
 -1.1066459e+000  1.1066459e+000
 -1.1075656e+000  1.1075656e+000
 -1.1081740e+000  1.1081740e+000
 -1.1085426e+000  1.1085426e+000
 -1.1089101e+000  1.1089101e+000
 -1.1092769e+000  1.1092769e+000
 -1.1100364e+000  1.1100364e+000
 -1.1109399e+000  1.1109399e+000
 -1.1114045e+000  1.1114045e+000
 -1.1117650e+000  1.1117650e+000
 -1.1116388e+000  1.1116388e+000
 -1.1114582e+000  1.1114582e+000
 -1.1118060e+000  1.1118060e+000
 -1.1121983e+000  1.1121983e+000
 -1.1130889e+000  1.1130889e+000
 -1.1138955e+000  1.1138955e+000
 -1.1142483e+000  1.1142483e+000
 -1.1147244e+000  1.1147244e+000
 -1.1156059e+000  1.1156059e+000
 -1.1164855e+000  1.1164855e+000
 -1.1173607e+000  1.1173607e+000
 -1.1180224e+000  1.1180224e+000
 -1.1183646e+000  1.1183646e+000
 -1.1189517e+000  1.1189517e+000
 -1.1198240e+000  1.1198240e+000
 -1.1203923e+000  1.1203923e+000
 -1.1207287e+000  1.1207287e+000
 -1.1210633e+000  1.1210633e+000
 -1.1213967e+000  1.1213967e+000
 -1.1217291e+000  1.1217291e+000
 -1.1220610e+000  1.1220610e+000
 -1.1223865e+000  1.1223865e+000
 -1.1227217e+000  1.1227217e+000
 -1.1235181e+000  1.1235181e+000
 -1.1243650e+000  1.1243650e+000
 -1.1246976e+000  1.1246976e+000
 -1.1250579e+000  1.1250579e+000
 -1.1258961e+000  1.1258961e+000
 -1.1266537e+000  1.1266537e+000
 -1.1269632e+000  1.1269632e+000
 -1.1272938e+000  1.1272938e+000
 -1.1276107e+000  1.1276107e+000
 -1.1280905e+000  1.1280905e+000
 -1.1289179e+000  1.1289179e+000
 -1.1295375e+000  1.1295375e+000
 -1.1298491e+000  1.1298491e+000
 -1.1304038e+000  1.1304038e+000
 -1.1312150e+000  1.1312150e+000
 -1.1317538e+000  1.1317538e+000
 -1.1320603e+000  1.1320603e+000
 -1.1330266e+000  1.1330266e+000
 -1.1343432e+000  1.1343432e+000
 -1.1345390e+000  1.1345390e+000
 -1.1343352e+000  1.1343352e+000
 -1.1349574e+000  1.1349574e+000
 -1.1357600e+000  1.1357600e+000
 -1.1361066e+000  1.1361066e+000
 -1.1364029e+000  1.1364029e+000
 -1.1371911e+000  1.1371911e+000
 -1.1379496e+000  1.1379496e+000
 -1.1382427e+000  1.1382427e+000
 -1.1386892e+000  1.1386892e+000
 -1.1399733e+000  1.1399733e+000
 -1.1408960e+000  1.1408960e+000
 -1.1406900e+000  1.1406900e+000
 -1.1409602e+000  1.1409602e+000
 -1.1422342e+000  1.1422342e+000
 -1.1431059e+000  1.1431059e+000
 -1.1433873e+000  1.1433873e+000
 -1.1439081e+000  1.1439081e+000
 -1.1446792e+000  1.1446792e+000
 -1.1457179e+000  1.1457179e+000
 -1.1469823e+000  1.1469823e+000
 -1.1472755e+000  1.1472755e+000
 -1.1470593e+000  1.1470593e+000
 -1.1475644e+000  1.1475644e+000
 -1.1483231e+000  1.1483231e+000
 -1.1490796e+000  1.1490796e+000
 -1.1498358e+000  1.1498358e+000
 -1.1501343e+000  1.1501343e+000
 -1.1504152e+000  1.1504152e+000
 -1.1511586e+000  1.1511586e+000
 -1.1518706e+000  1.1518706e+000
 -1.1521335e+000  1.1521335e+000
 -1.1525470e+000  1.1525470e+000
 -1.1537686e+000  1.1537686e+000
 -1.1548711e+000  1.1548711e+000
 -1.1555967e+000  1.1555967e+000
 -1.1563434e+000  1.1563434e+000
 -1.1570753e+000  1.1570753e+000
 -1.1576112e+000  1.1576112e+000
 -1.1578626e+000  1.1578626e+000
 -1.1585802e+000  1.1585802e+000
 -1.1597806e+000  1.1597806e+000
 -1.1604306e+000  1.1604306e+000
 -1.1606735e+000  1.1606735e+000
 -1.1612353e+000  1.1612353e+000
 -1.1619523e+000  1.1619523e+000
 -1.1630162e+000  1.1630162e+000
 -1.1642012e+000  1.1642012e+000
 -1.1646049e+000  1.1646049e+000
 -1.1648433e+000  1.1648433e+000
 -1.1655063e+000  1.1655063e+000
 -1.1662115e+000  1.1662115e+000
 -1.1669139e+000  1.1669139e+000
 -1.1676155e+000  1.1676155e+000
 -1.1683142e+000  1.1683142e+000
 -1.1690119e+000  1.1690119e+000
 -1.1697061e+000  1.1697061e+000
 -1.1702865e+000  1.1702865e+000
 -1.1705139e+000  1.1705139e+000
 -1.1710350e+000  1.1710350e+000
 -1.1721909e+000  1.1721909e+000
 -1.1731529e+000  1.1731529e+000
 -1.1738361e+000  1.1738361e+000
 -1.1745175e+000  1.1745175e+000
 -1.1751974e+000  1.1751974e+000
 -1.1758754e+000  1.1758754e+000
 -1.1765519e+000  1.1765519e+000
 -1.1775081e+000  1.1775081e+000
 -1.1786547e+000  1.1786547e+000
 -1.1797847e+000  1.1797847e+000
 -1.1809093e+000  1.1809093e+000
 -1.1812746e+000  1.1812746e+000
 -1.1814820e+000  1.1814820e+000
 -1.1821034e+000  1.1821034e+000
 -1.1827646e+000  1.1827646e+000
 -1.1838621e+000  1.1838621e+000
 -1.1849474e+000  1.1849474e+000
 -1.1856002e+000  1.1856002e+000
 -1.1862522e+000  1.1862522e+000
 -1.1869019e+000  1.1869019e+000
 -1.1876609e+000  1.1876609e+000
 -1.1887565e+000  1.1887565e+000
 -1.1896985e+000  1.1896985e+000
 -1.1903273e+000  1.1903273e+000
 -1.1911700e+000  1.1911700e+000
 -1.1922556e+000  1.1922556e+000
 -1.1931170e+000  1.1931170e+000
 -1.1937506e+000  1.1937506e+000
 -1.1946405e+000  1.1946405e+000
 -1.1957161e+000  1.1957161e+000
 -1.1964904e+000  1.1964904e+000
 -1.1971115e+000  1.1971115e+000
 -1.1980748e+000  1.1980748e+000
 -1.1991405e+000  1.1991405e+000
 -1.2002019e+000  1.2002019e+000
 -1.2012622e+000  1.2012622e+000
 -1.2019148e+000  1.2019148e+000
 -1.2025286e+000  1.2025286e+000
 -1.2031411e+000  1.2031411e+000
 -1.2037848e+000  1.2037848e+000
 -1.2048334e+000  1.2048334e+000
 -1.2058087e+000  1.2058087e+000
 -1.2064132e+000  1.2064132e+000
 -1.2071249e+000  1.2071249e+000
 -1.2081621e+000  1.2081621e+000
 -1.2091976e+000  1.2091976e+000
 -1.2102297e+000  1.2102297e+000
 -1.2112454e+000  1.2112454e+000
 -1.2122817e+000  1.2122817e+000
 -1.2133108e+000  1.2133108e+000
 -1.2143326e+000  1.2143326e+000
 -1.2150999e+000  1.2150999e+000
 -1.2156843e+000  1.2156843e+000
 -1.2162678e+000  1.2162678e+000
 -1.2168504e+000  1.2168504e+000
 -1.2177309e+000  1.2177309e+000
 -1.2187582e+000  1.2187582e+000
 -1.2197661e+000  1.2197661e+000
 -1.2207698e+000  1.2207698e+000
 -1.2217693e+000  1.2217693e+000
 -1.2227679e+000  1.2227679e+000
 -1.2233360e+000  1.2233360e+000
 -1.2239370e+000  1.2239370e+000
 -1.2249061e+000  1.2249061e+000
 -1.2259893e+000  1.2259893e+000
 -1.2273987e+000  1.2273987e+000
 -1.2288068e+000  1.2288068e+000
 -1.2302097e+000  1.2302097e+000
 -1.2314694e+000  1.2314694e+000
 -1.2324432e+000  1.2324432e+000
 -1.2332320e+000  1.2332320e+000
 -1.2337629e+000  1.2337629e+000
 -1.2347538e+000  1.2347538e+000
 -1.2361387e+000  1.2361387e+000
 -1.2370305e+000  1.2370305e+000
 -1.2375715e+000  1.2375715e+000
 -1.2386690e+000  1.2386690e+000
 -1.2400426e+000  1.2400426e+000
 -1.2410952e+000  1.2410952e+000
 -1.2420413e+000  1.2420413e+000
 -1.2429956e+000  1.2429956e+000
 -1.2439413e+000  1.2439413e+000
 -1.2452644e+000  1.2452644e+000
 -1.2466195e+000  1.2466195e+000
 -1.2475559e+000  1.2475559e+000
 -1.2485267e+000  1.2485267e+000
 -1.2498706e+000  1.2498706e+000
 -1.2511342e+000  1.2511342e+000
 -1.2520660e+000  1.2520660e+000
 -1.2529949e+000  1.2529949e+000
 -1.2539169e+000  1.2539169e+000
 -1.2548370e+000  1.2548370e+000
 -1.2557546e+000  1.2557546e+000
 -1.2568415e+000  1.2568415e+000
 -1.2581625e+000  1.2581625e+000
 -1.2594530e+000  1.2594530e+000
 -1.2607908e+000  1.2607908e+000
 -1.2616334e+000  1.2616334e+000
 -1.2621272e+000  1.2621272e+000
 -1.2626216e+000  1.2626216e+000
 -1.2631156e+000  1.2631156e+000
 -1.2642197e+000  1.2642197e+000
 -1.2655221e+000  1.2655221e+000
 -1.2667855e+000  1.2667855e+000
 -1.2681101e+000  1.2681101e+000
 -1.2686587e+000  1.2686587e+000
 -1.2691462e+000  1.2691462e+000
 -1.2708330e+000  1.2708330e+000
 -1.2724485e+000  1.2724485e+000
 -1.2733258e+000  1.2733258e+000
 -1.2741968e+000  1.2741968e+000
 -1.2750422e+000  1.2750422e+000
 -1.2760523e+000  1.2760523e+000
 -1.2773199e+000  1.2773199e+000
 -1.2784509e+000  1.2784509e+000
 -1.2793164e+000  1.2793164e+000
 -1.2803477e+000  1.2803477e+000
 -1.2816061e+000  1.2816061e+000
 -1.2828520e+000  1.2828520e+000
 -1.2836154e+000  1.2836154e+000
 -1.2853036e+000  1.2853036e+000
 -1.2869918e+000  1.2869918e+000
 -1.2886799e+000  1.2886799e+000
 -1.2903681e+000  1.2903681e+000
 -1.2920563e+000  1.2920563e+000
 -1.2937445e+000  1.2937445e+000
 -1.2954327e+000  1.2954327e+000
 -1.2971209e+000  1.2971209e+000
 -1.2989148e+000  1.2989148e+000
 -1.3007088e+000  1.3007088e+000
 -1.3025027e+000  1.3025027e+000
 -1.3042967e+000  1.3042967e+000
 -1.3060907e+000  1.3060907e+000
 -1.3078846e+000  1.3078846e+000
 -1.3096786e+000  1.3096786e+000
 -1.3114725e+000  1.3114725e+000
 -1.3133503e+000  1.3133503e+000
 -1.3152280e+000  1.3152280e+000
 -1.3171058e+000  1.3171058e+000
 -1.3189835e+000  1.3189835e+000
 -1.3208613e+000  1.3208613e+000
 -1.3227390e+000  1.3227390e+000
 -1.3246168e+000  1.3246168e+000
 -1.3264945e+000  1.3264945e+000
 -1.3285027e+000  1.3285027e+000
 -1.3305110e+000  1.3305110e+000
 -1.3325192e+000  1.3325192e+000
 -1.3345275e+000  1.3345275e+000
 -1.3365357e+000  1.3365357e+000
 -1.3385440e+000  1.3385440e+000
 -1.3405522e+000  1.3405522e+000
 -1.3425604e+000  1.3425604e+000
 -1.3446896e+000  1.3446896e+000
 -1.3468187e+000  1.3468187e+000
 -1.3489478e+000  1.3489478e+000
 -1.3510769e+000  1.3510769e+000
 -1.3532060e+000  1.3532060e+000
 -1.3553352e+000  1.3553352e+000
 -1.3574643e+000  1.3574643e+000
 -1.3595934e+000  1.3595934e+000
 -1.3618626e+000  1.3618626e+000
 -1.3641319e+000  1.3641319e+000
 -1.3664011e+000  1.3664011e+000
 -1.3686703e+000  1.3686703e+000
 -1.3709396e+000  1.3709396e+000
 -1.3732088e+000  1.3732088e+000
 -1.3754780e+000  1.3754780e+000
 -1.3777473e+000  1.3777473e+000
 -1.3801772e+000  1.3801772e+000
 -1.3826071e+000  1.3826071e+000
 -1.3850371e+000  1.3850371e+000
 -1.3874670e+000  1.3874670e+000
 -1.3898970e+000  1.3898970e+000
 -1.3923269e+000  1.3923269e+000
 -1.3947569e+000  1.3947569e+000
 -1.3971868e+000  1.3971868e+000
 -1.3997885e+000  1.3997885e+000
 -1.4023901e+000  1.4023901e+000
 -1.4049918e+000  1.4049918e+000
 -1.4075934e+000  1.4075934e+000
 -1.4101951e+000  1.4101951e+000
 -1.4127967e+000  1.4127967e+000
 -1.4153984e+000  1.4153984e+000
 -1.4180000e+000  1.4180000e+000
 -1.4208201e+000  1.4208201e+000
 -1.4236401e+000  1.4236401e+000
 -1.4264602e+000  1.4264602e+000
 -1.4292802e+000  1.4292802e+000
 -1.4321003e+000  1.4321003e+000
 -1.4349203e+000  1.4349203e+000
 -1.4377404e+000  1.4377404e+000
 -1.4405604e+000  1.4405604e+000
 -1.4435852e+000  1.4435852e+000
 -1.4466099e+000  1.4466099e+000
 -1.4496346e+000  1.4496346e+000
 -1.4526593e+000  1.4526593e+000
 -1.4556841e+000  1.4556841e+000
 -1.4587088e+000  1.4587088e+000
 -1.4617335e+000  1.4617335e+000
 -1.4647582e+000  1.4647582e+000
 -1.4680632e+000  1.4680632e+000
 -1.4713681e+000  1.4713681e+000
 -1.4746731e+000  1.4746731e+000
 -1.4779780e+000  1.4779780e+000
 -1.4812830e+000  1.4812830e+000
 -1.4845879e+000  1.4845879e+000
 -1.4878929e+000  1.4878929e+000
 -1.4911978e+000  1.4911978e+000
 -1.4948049e+000  1.4948049e+000
 -1.4984121e+000  1.4984121e+000
 -1.5020192e+000  1.5020192e+000
 -1.5056264e+000  1.5056264e+000
 -1.5092335e+000  1.5092335e+000
 -1.5128407e+000  1.5128407e+000
 -1.5164478e+000  1.5164478e+000
 -1.5200549e+000  1.5200549e+000
 -1.5239890e+000  1.5239890e+000
 -1.5279231e+000  1.5279231e+000
 -1.5318571e+000  1.5318571e+000
 -1.5357912e+000  1.5357912e+000
 -1.5397253e+000  1.5397253e+000
 -1.5436593e+000  1.5436593e+000
 -1.5475934e+000  1.5475934e+000
 -1.5515275e+000  1.5515275e+000
 -1.5558736e+000  1.5558736e+000
 -1.5602198e+000  1.5602198e+000
 -1.5645659e+000  1.5645659e+000
 -1.5689121e+000  1.5689121e+000
 -1.5732582e+000  1.5732582e+000
 -1.5776044e+000  1.5776044e+000
 -1.5819505e+000  1.5819505e+000
 -1.5862967e+000  1.5862967e+000
 -1.5910549e+000  1.5910549e+000
 -1.5958132e+000  1.5958132e+000
 -1.6005714e+000  1.6005714e+000
 -1.6053297e+000  1.6053297e+000
 -1.6100879e+000  1.6100879e+000
 -1.6148462e+000  1.6148462e+000
 -1.6196044e+000  1.6196044e+000
 -1.6243626e+000  1.6243626e+000
 -1.6295357e+000  1.6295357e+000
 -1.6347088e+000  1.6347088e+000
 -1.6398819e+000  1.6398819e+000
 -1.6450549e+000  1.6450549e+000
 -1.6502280e+000  1.6502280e+000
 -1.6554011e+000  1.6554011e+000
 -1.6605742e+000  1.6605742e+000
 -1.6657473e+000  1.6657473e+000
 -1.6713448e+000  1.6713448e+000
 -1.6769423e+000  1.6769423e+000
 -1.6825398e+000  1.6825398e+000
 -1.6881374e+000  1.6881374e+000
 -1.6937349e+000  1.6937349e+000
 -1.6993324e+000  1.6993324e+000
 -1.7049299e+000  1.7049299e+000
 -1.7105275e+000  1.7105275e+000
 -1.7161717e+000  1.7161717e+000
 -1.7218159e+000  1.7218159e+000
 -1.7274602e+000  1.7274602e+000
 -1.7331044e+000  1.7331044e+000
 -1.7387486e+000  1.7387486e+000
 -1.7443929e+000  1.7443929e+000
 -1.7500371e+000  1.7500371e+000
 -1.7556813e+000  1.7556813e+000
 -1.7622033e+000  1.7622033e+000
 -1.7687253e+000  1.7687253e+000
 -1.7752473e+000  1.7752473e+000
 -1.7817692e+000  1.7817692e+000
 -1.7882912e+000  1.7882912e+000
 -1.7948132e+000  1.7948132e+000
 -1.8013352e+000  1.8013352e+000
 -1.8078571e+000  1.8078571e+000
 -1.8138970e+000  1.8138970e+000
 -1.8199368e+000  1.8199368e+000
 -1.8259766e+000  1.8259766e+000
 -1.8320165e+000  1.8320165e+000
 -1.8380563e+000  1.8380563e+000
 -1.8440962e+000  1.8440962e+000
 -1.8501360e+000  1.8501360e+000
 -1.8561758e+000  1.8561758e+000
 -1.8627184e+000  1.8627184e+000
 -1.8692610e+000  1.8692610e+000
 -1.8758036e+000  1.8758036e+000
 -1.8823462e+000  1.8823462e+000
 -1.8888887e+000  1.8888887e+000
 -1.8954313e+000  1.8954313e+000
 -1.9019739e+000  1.9019739e+000
 -1.9085165e+000  1.9085165e+000
 -1.9156854e+000  1.9156854e+000
 -1.9228544e+000  1.9228544e+000
 -1.9300234e+000  1.9300234e+000
 -1.9371923e+000  1.9371923e+000
 -1.9443613e+000  1.9443613e+000
 -1.9515302e+000  1.9515302e+000
 -1.9586992e+000  1.9586992e+000
 -1.9658681e+000  1.9658681e+000
 -1.9750467e+000  1.9750467e+000
 -1.9842253e+000  1.9842253e+000
 -1.9934038e+000  1.9934038e+000
 -2.0000000e+000  2.0000000e+000
 -2.0000000e+000  2.0000000e+000
 -2.0000000e+000  2.0000000e+000
 -2.0000000e+000  2.0000000e+000
 -2.0000000e+000  2.0000000e+000
