 -1.0000000e+000  1.0000000e+000
 -1.0000000e+000  1.0000000e+000
 -1.0000000e+000  1.0000000e+000
 -1.0000000e+000  1.0000000e+000
 -1.0000000e+000  1.0000000e+000
 -1.0000000e+000  1.0000000e+000
 -1.0000000e+000  1.0000000e+000
 -1.0000000e+000  1.0000000e+000
 -1.0000000e+000  1.0000000e+000
 -1.0000000e+000  1.0000000e+000
 -1.0000000e+000  1.0000000e+000
 -1.0000000e+000  1.0000000e+000
 -1.0000000e+000  1.0000000e+000
 -1.0000000e+000  1.0000000e+000
 -1.0000000e+000  1.0000000e+000
 -1.0000000e+000  1.0000000e+000
 -1.0000000e+000  1.0000000e+000
 -1.0000000e+000  1.0000000e+000
 -1.0000000e+000  1.0000000e+000
 -1.0000000e+000  1.0000000e+000
 -1.0000000e+000  1.0000000e+000
 -1.0000000e+000  1.0000000e+000
 -1.0000000e+000  1.0000000e+000
 -1.0000000e+000  1.0000000e+000
 -1.0000000e+000  1.0000000e+000
 -1.0000000e+000  1.0000000e+000
 -1.0000000e+000  1.0000000e+000
 -1.0000000e+000  1.0000000e+000
 -1.0000000e+000  1.0000000e+000
 -1.0000000e+000  1.0000000e+000
 -1.0000000e+000  1.0000000e+000
 -1.0000000e+000  1.0000000e+000
 -1.0000000e+000  1.0000000e+000
 -1.0000000e+000  1.0000000e+000
 -1.0000000e+000  1.0000000e+000
 -1.0000000e+000  1.0000000e+000
 -1.0000000e+000  1.0000000e+000
 -1.0000000e+000  1.0000000e+000
 -1.0000000e+000  1.0000000e+000
 -1.0000000e+000  1.0000000e+000
 -1.0000000e+000  1.0000000e+000
 -1.0000000e+000  1.0000000e+000
 -1.0000000e+000  1.0000000e+000
 -1.0000000e+000  1.0000000e+000
 -1.0000000e+000  1.0000000e+000
 -1.0000000e+000  1.0000000e+000
 -1.0000000e+000  1.0000000e+000
 -1.0000000e+000  1.0000000e+000
 -1.0000000e+000  1.0000000e+000
 -1.0000000e+000  1.0000000e+000
 -1.0000000e+000  1.0000000e+000
 -1.0000000e+000  1.0000000e+000
 -1.0000000e+000  1.0000000e+000
 -1.0000000e+000  1.0000000e+000
 -1.0000000e+000  1.0000000e+000
 -1.0000000e+000  1.0000000e+000
 -1.0000000e+000  1.0000000e+000
 -1.0000000e+000  1.0000000e+000
 -1.0000000e+000  1.0000000e+000
 -1.0000000e+000  1.0000000e+000
 -1.0000000e+000  1.0000000e+000
 -1.0000000e+000  1.0000000e+000
 -1.0000000e+000  1.0000000e+000
 -1.0000000e+000  1.0000000e+000
 -1.0000000e+000  1.0000000e+000
 -1.0000000e+000  1.0000000e+000
 -1.0000000e+000  1.0000000e+000
 -1.0000000e+000  1.0000000e+000
 -1.0000000e+000  1.0000000e+000
 -1.0000000e+000  1.0000000e+000
 -1.0000000e+000  1.0000000e+000
 -1.0000000e+000  1.0000000e+000
 -1.0000000e+000  1.0000000e+000
 -1.0000000e+000  1.0000000e+000
 -1.0000000e+000  1.0000000e+000
 -1.0000000e+000  1.0000000e+000
 -1.0000000e+000  1.0000000e+000
 -1.0000000e+000  1.0000000e+000
 -1.0000000e+000  1.0000000e+000
 -1.0000000e+000  1.0000000e+000
 -1.0000000e+000  1.0000000e+000
 -1.0000000e+000  1.0000000e+000
 -1.0000000e+000  1.0000000e+000
 -1.0000000e+000  1.0000000e+000
 -1.0000000e+000  1.0000000e+000
 -1.0000000e+000  1.0000000e+000
 -1.0000000e+000  1.0000000e+000
 -1.0000000e+000  1.0000000e+000
 -1.0000000e+000  1.0000000e+000
 -1.0000000e+000  1.0000000e+000
 -1.0000000e+000  1.0000000e+000
 -1.0000000e+000  1.0000000e+000
 -1.0000000e+000  1.0000000e+000
 -1.0000000e+000  1.0000000e+000
 -1.0000000e+000  1.0000000e+000
 -1.0000000e+000  1.0000000e+000
 -1.0000000e+000  1.0000000e+000
 -1.0000000e+000  1.0000000e+000
 -1.0000000e+000  1.0000000e+000
 -1.0000000e+000  1.0000000e+000
 -1.0000000e+000  1.0000000e+000
 -1.0000000e+000  1.0000000e+000
 -1.0000000e+000  1.0000000e+000
 -1.0000000e+000  1.0000000e+000
 -1.0000000e+000  1.0000000e+000
 -1.0000000e+000  1.0000000e+000
 -1.0000000e+000  1.0000000e+000
 -1.0000000e+000  1.0000000e+000
 -1.0000000e+000  1.0000000e+000
 -1.0000000e+000  1.0000000e+000
 -1.0000000e+000  1.0000000e+000
 -1.0000000e+000  1.0000000e+000
 -1.0000000e+000  1.0000000e+000
 -1.0000000e+000  1.0000000e+000
 -1.0000000e+000  1.0000000e+000
 -1.0000000e+000  1.0000000e+000
 -1.0000000e+000  1.0000000e+000
 -1.0000000e+000  1.0000000e+000
 -1.0000000e+000  1.0000000e+000
 -1.0000000e+000  1.0000000e+000
 -1.0000000e+000  1.0000000e+000
 -1.0000000e+000  1.0000000e+000
 -1.0000000e+000  1.0000000e+000
 -1.0000000e+000  1.0000000e+000
 -1.0000000e+000  1.0000000e+000
 -1.0000000e+000  1.0000000e+000
 -1.0000000e+000  1.0000000e+000
 -1.0000000e+000  1.0000000e+000
 -1.0000000e+000  1.0000000e+000
 -1.0000000e+000  1.0000000e+000
 -1.0000000e+000  1.0000000e+000
 -1.0000000e+000  1.0000000e+000
 -1.0000000e+000  1.0000000e+000
 -1.0000000e+000  1.0000000e+000
 -1.0000000e+000  1.0000000e+000
 -1.0000000e+000  1.0000000e+000
 -1.0000000e+000  1.0000000e+000
 -1.0000000e+000  1.0000000e+000
 -1.0000000e+000  1.0000000e+000
 -1.0000000e+000  1.0000000e+000
 -1.0000000e+000  1.0000000e+000
 -1.0000000e+000  1.0000000e+000
 -1.0000000e+000  1.0000000e+000
 -1.0000000e+000  1.0000000e+000
 -1.0000000e+000  1.0000000e+000
 -1.0000000e+000  1.0000000e+000
 -1.0000000e+000  1.0000000e+000
 -1.0000000e+000  1.0000000e+000
 -1.0004793e+000  1.0004793e+000
 -1.0015883e+000  1.0015883e+000
 -1.0021182e+000  1.0021182e+000
 -1.0021043e+000  1.0021043e+000
 -1.0020905e+000  1.0020905e+000
 -1.0020769e+000  1.0020769e+000
 -1.0020635e+000  1.0020635e+000
 -1.0020502e+000  1.0020502e+000
 -1.0020372e+000  1.0020372e+000
 -1.0020242e+000  1.0020242e+000
 -1.0037876e+000  1.0037876e+000
 -1.0058680e+000  1.0058680e+000
 -1.0059713e+000  1.0059713e+000
 -1.0059341e+000  1.0059341e+000
 -1.0058978e+000  1.0058978e+000
 -1.0058616e+000  1.0058616e+000
 -1.0058261e+000  1.0058261e+000
 -1.0059751e+000  1.0059751e+000
 -1.0069407e+000  1.0069407e+000
 -1.0076361e+000  1.0076361e+000
 -1.0075908e+000  1.0075908e+000
 -1.0075459e+000  1.0075459e+000
 -1.0075017e+000  1.0075017e+000
 -1.0074579e+000  1.0074579e+000
 -1.0074146e+000  1.0074146e+000
 -1.0073718e+000  1.0073718e+000
 -1.0073295e+000  1.0073295e+000
 -1.0078580e+000  1.0078580e+000
 -1.0087646e+000  1.0087646e+000
 -1.0109335e+000  1.0109335e+000
 -1.0136874e+000  1.0136874e+000
 -1.0135530e+000  1.0135530e+000
 -1.0125512e+000  1.0125512e+000
 -1.0131238e+000  1.0131238e+000
 -1.0139690e+000  1.0139690e+000
 -1.0147987e+000  1.0147987e+000
 -1.0156100e+000  1.0156100e+000
 -1.0155261e+000  1.0155261e+000
 -1.0154423e+000  1.0154423e+000
 -1.0153601e+000  1.0153601e+000
 -1.0151141e+000  1.0151141e+000
 -1.0141556e+000  1.0141556e+000
 -1.0134379e+000  1.0134379e+000
 -1.0133677e+000  1.0133677e+000
 -1.0136024e+000  1.0136024e+000
 -1.0143939e+000  1.0143939e+000
 -1.0148062e+000  1.0148062e+000
 -1.0147304e+000  1.0147304e+000
 -1.0150953e+000  1.0150953e+000
 -1.0158660e+000  1.0158660e+000
 -1.0161219e+000  1.0161219e+000
 -1.0160408e+000  1.0160408e+000
 -1.0159608e+000  1.0159608e+000
 -1.0158812e+000  1.0158812e+000
 -1.0151690e+000  1.0151690e+000
 -1.0142701e+000  1.0142701e+000
 -1.0147764e+000  1.0147764e+000
 -1.0155211e+000  1.0155211e+000
 -1.0154962e+000  1.0154962e+000
 -1.0154386e+000  1.0154386e+000
 -1.0161571e+000  1.0161571e+000
 -1.0167085e+000  1.0167085e+000
 -1.0158433e+000  1.0158433e+000
 -1.0152775e+000  1.0152775e+000
 -1.0159915e+000  1.0159915e+000
 -1.0164900e+000  1.0164900e+000
 -1.0164131e+000  1.0164131e+000
 -1.0166094e+000  1.0166094e+000
 -1.0172995e+000  1.0172995e+000
 -1.0176507e+000  1.0176507e+000
 -1.0175698e+000  1.0175698e+000
 -1.0178873e+000  1.0178873e+000
 -1.0185678e+000  1.0185678e+000
 -1.0192380e+000  1.0192380e+000
 -1.0199014e+000  1.0199014e+000
 -1.0200450e+000  1.0200450e+000
 -1.0199553e+000  1.0199553e+000
 -1.0198669e+000  1.0198669e+000
 -1.0197787e+000  1.0197787e+000
 -1.0203180e+000  1.0203180e+000
 -1.0209618e+000  1.0209618e+000
 -1.0209139e+000  1.0209139e+000
 -1.0208404e+000  1.0208404e+000
 -1.0214696e+000  1.0214696e+000
 -1.0219437e+000  1.0219437e+000
 -1.0211360e+000  1.0211360e+000
 -1.0204669e+000  1.0204669e+000
 -1.0203801e+000  1.0203801e+000
 -1.0202936e+000  1.0202936e+000
 -1.0202081e+000  1.0202081e+000
 -1.0203729e+000  1.0203729e+000
 -1.0209849e+000  1.0209849e+000
 -1.0215907e+000  1.0215907e+000
 -1.0221887e+000  1.0221887e+000
 -1.0220627e+000  1.0220627e+000
 -1.0212844e+000  1.0212844e+000
 -1.0217581e+000  1.0217581e+000
 -1.0230352e+000  1.0230352e+000
 -1.0242933e+000  1.0242933e+000
 -1.0255438e+000  1.0255438e+000
 -1.0247019e+000  1.0247019e+000
 -1.0232594e+000  1.0232594e+000
 -1.0241214e+000  1.0241214e+000
 -1.0253596e+000  1.0253596e+000
 -1.0253347e+000  1.0253347e+000
 -1.0252519e+000  1.0252519e+000
 -1.0258015e+000  1.0258015e+000
 -1.0262792e+000  1.0262792e+000
 -1.0261769e+000  1.0261769e+000
 -1.0261983e+000  1.0261983e+000
 -1.0267329e+000  1.0267329e+000
 -1.0274447e+000  1.0274447e+000
 -1.0286180e+000  1.0286180e+000
 -1.0293260e+000  1.0293260e+000
 -1.0292098e+000  1.0292098e+000
 -1.0290964e+000  1.0290964e+000
 -1.0289864e+000  1.0289864e+000
 -1.0288748e+000  1.0288748e+000
 -1.0287620e+000  1.0287620e+000
 -1.0286528e+000  1.0286528e+000
 -1.0285460e+000  1.0285460e+000
 -1.0288649e+000  1.0288649e+000
 -1.0293704e+000  1.0293704e+000
 -1.0293979e+000  1.0293979e+000
 -1.0292899e+000  1.0292899e+000
 -1.0296996e+000  1.0296996e+000
 -1.0301920e+000  1.0301920e+000
 -1.0301153e+000  1.0301153e+000
 -1.0300061e+000  1.0300061e+000
 -1.0298984e+000  1.0298984e+000
 -1.0297909e+000  1.0297909e+000
 -1.0296847e+000  1.0296847e+000
 -1.0296927e+000  1.0296927e+000
 -1.0301676e+000  1.0301676e+000
 -1.0308090e+000  1.0308090e+000
 -1.0318782e+000  1.0318782e+000
 -1.0325134e+000  1.0325134e+000
 -1.0323882e+000  1.0323882e+000
 -1.0325323e+000  1.0325323e+000
 -1.0330092e+000  1.0330092e+000
 -1.0331722e+000  1.0331722e+000
 -1.0330577e+000  1.0330577e+000
 -1.0329441e+000  1.0329441e+000
 -1.0328311e+000  1.0328311e+000
 -1.0327191e+000  1.0327191e+000
 -1.0326076e+000  1.0326076e+000
 -1.0324972e+000  1.0324972e+000
 -1.0323871e+000  1.0323871e+000
 -1.0322631e+000  1.0322631e+000
 -1.0321369e+000  1.0321369e+000
 -1.0331036e+000  1.0331036e+000
 -1.0340760e+000  1.0340760e+000
 -1.0333993e+000  1.0333993e+000
 -1.0329166e+000  1.0329166e+000
 -1.0339148e+000  1.0339148e+000
 -1.0346923e+000  1.0346923e+000
 -1.0345787e+000  1.0345787e+000
 -1.0344655e+000  1.0344655e+000
 -1.0343533e+000  1.0343533e+000
 -1.0342416e+000  1.0342416e+000
 -1.0341307e+000  1.0341307e+000
 -1.0337747e+000  1.0337747e+000
 -1.0331190e+000  1.0331190e+000
 -1.0330467e+000  1.0330467e+000
 -1.0334849e+000  1.0334849e+000
 -1.0335869e+000  1.0335869e+000
 -1.0334801e+000  1.0334801e+000
 -1.0337479e+000  1.0337479e+000
 -1.0341759e+000  1.0341759e+000
 -1.0345883e+000  1.0345883e+000
 -1.0349965e+000  1.0349965e+000
 -1.0344980e+000  1.0344980e+000
 -1.0338613e+000  1.0338613e+000
 -1.0337305e+000  1.0337305e+000
 -1.0336794e+000  1.0336794e+000
 -1.0351284e+000  1.0351284e+000
 -1.0363335e+000  1.0363335e+000
 -1.0357027e+000  1.0357027e+000
 -1.0353824e+000  1.0353824e+000
 -1.0362907e+000  1.0362907e+000
 -1.0369083e+000  1.0369083e+000
 -1.0367965e+000  1.0367965e+000
 -1.0368725e+000  1.0368725e+000
 -1.0372700e+000  1.0372700e+000
 -1.0376607e+000  1.0376607e+000
 -1.0380431e+000  1.0380431e+000
 -1.0384237e+000  1.0384237e+000
 -1.0388028e+000  1.0388028e+000
 -1.0388746e+000  1.0388746e+000
 -1.0387594e+000  1.0387594e+000
 -1.0386451e+000  1.0386451e+000
 -1.0385313e+000  1.0385313e+000
 -1.0384184e+000  1.0384184e+000
 -1.0383058e+000  1.0383058e+000
 -1.0381943e+000  1.0381943e+000
 -1.0380829e+000  1.0380829e+000
 -1.0379728e+000  1.0379728e+000
 -1.0378627e+000  1.0378627e+000
 -1.0377538e+000  1.0377538e+000
 -1.0377587e+000  1.0377587e+000
 -1.0385938e+000  1.0385938e+000
 -1.0394330e+000  1.0394330e+000
 -1.0402859e+000  1.0402859e+000
 -1.0408552e+000  1.0408552e+000
 -1.0407254e+000  1.0407254e+000
 -1.0407786e+000  1.0407786e+000
 -1.0411420e+000  1.0411420e+000
 -1.0412810e+000  1.0412810e+000
 -1.0411507e+000  1.0411507e+000
 -1.0410291e+000  1.0410291e+000
 -1.0409148e+000  1.0409148e+000
 -1.0413666e+000  1.0413666e+000
 -1.0421642e+000  1.0421642e+000
 -1.0423171e+000  1.0423171e+000
 -1.0422005e+000  1.0422005e+000
 -1.0424524e+000  1.0424524e+000
 -1.0428031e+000  1.0428031e+000
 -1.0423414e+000  1.0423414e+000
 -1.0417613e+000  1.0417613e+000
 -1.0424772e+000  1.0424772e+000
 -1.0432575e+000  1.0432575e+000
 -1.0440423e+000  1.0440423e+000
 -1.0447162e+000  1.0447162e+000
 -1.0445963e+000  1.0445963e+000
 -1.0444767e+000  1.0444767e+000
 -1.0443581e+000  1.0443581e+000
 -1.0446221e+000  1.0446221e+000
 -1.0458237e+000  1.0458237e+000
 -1.0465346e+000  1.0465346e+000
 -1.0464117e+000  1.0464117e+000
 -1.0462894e+000  1.0462894e+000
 -1.0461677e+000  1.0461677e+000
 -1.0460467e+000  1.0460467e+000
 -1.0459263e+000  1.0459263e+000
 -1.0460717e+000  1.0460717e+000
 -1.0463771e+000  1.0463771e+000
 -1.0466858e+000  1.0466858e+000
 -1.0469920e+000  1.0469920e+000
 -1.0472929e+000  1.0472929e+000
 -1.0475926e+000  1.0475926e+000
 -1.0475234e+000  1.0475234e+000
 -1.0474016e+000  1.0474016e+000
 -1.0472808e+000  1.0472808e+000
 -1.0471774e+000  1.0471774e+000
 -1.0474729e+000  1.0474729e+000
 -1.0477163e+000  1.0477163e+000
 -1.0475959e+000  1.0475959e+000
 -1.0475615e+000  1.0475615e+000
 -1.0478517e+000  1.0478517e+000
 -1.0481424e+000  1.0481424e+000
 -1.0484340e+000  1.0484340e+000
 -1.0487178e+000  1.0487178e+000
 -1.0490047e+000  1.0490047e+000
 -1.0492898e+000  1.0492898e+000
 -1.0495730e+000  1.0495730e+000
 -1.0496361e+000  1.0496361e+000
 -1.0495138e+000  1.0495138e+000
 -1.0496416e+000  1.0496416e+000
 -1.0499183e+000  1.0499183e+000
 -1.0501989e+000  1.0501989e+000
 -1.0505034e+000  1.0505034e+000
 -1.0504688e+000  1.0504688e+000
 -1.0503462e+000  1.0503462e+000
 -1.0509142e+000  1.0509142e+000
 -1.0515790e+000  1.0515790e+000
 -1.0518827e+000  1.0518827e+000
 -1.0521889e+000  1.0521889e+000
 -1.0528654e+000  1.0528654e+000
 -1.0534465e+000  1.0534465e+000
 -1.0533192e+000  1.0533192e+000
 -1.0532741e+000  1.0532741e+000
 -1.0535353e+000  1.0535353e+000
 -1.0536821e+000  1.0536821e+000
 -1.0535553e+000  1.0535553e+000
 -1.0535730e+000  1.0535730e+000
 -1.0538278e+000  1.0538278e+000
 -1.0542909e+000  1.0542909e+000
 -1.0549674e+000  1.0549674e+000
 -1.0556187e+000  1.0556187e+000
 -1.0562487e+000  1.0562487e+000
 -1.0566405e+000  1.0566405e+000
 -1.0568918e+000  1.0568918e+000
 -1.0568695e+000  1.0568695e+000
 -1.0567371e+000  1.0567371e+000
 -1.0569218e+000  1.0569218e+000
 -1.0571852e+000  1.0571852e+000
 -1.0574299e+000  1.0574299e+000
 -1.0576721e+000  1.0576721e+000
 -1.0582722e+000  1.0582722e+000
 -1.0588511e+000  1.0588511e+000
 -1.0587178e+000  1.0587178e+000
 -1.0586819e+000  1.0586819e+000
 -1.0593256e+000  1.0593256e+000
 -1.0599601e+000  1.0599601e+000
 -1.0605603e+000  1.0605603e+000
 -1.0610503e+000  1.0610503e+000
 -1.0612793e+000  1.0612793e+000
 -1.0613690e+000  1.0613690e+000
 -1.0612322e+000  1.0612322e+000
 -1.0612609e+000  1.0612609e+000
 -1.0614922e+000  1.0614922e+000
 -1.0615222e+000  1.0615222e+000
 -1.0613862e+000  1.0613862e+000
 -1.0614764e+000  1.0614764e+000
 -1.0616987e+000  1.0616987e+000
 -1.0624475e+000  1.0624475e+000
 -1.0634068e+000  1.0634068e+000
 -1.0637701e+000  1.0637701e+000
 -1.0639914e+000  1.0639914e+000
 -1.0645357e+000  1.0645357e+000
 -1.0651235e+000  1.0651235e+000
 -1.0657073e+000  1.0657073e+000
 -1.0662727e+000  1.0662727e+000
 -1.0664819e+000  1.0664819e+000
 -1.0666429e+000  1.0666429e+000
 -1.0664882e+000  1.0664882e+000
 -1.0664387e+000  1.0664387e+000
 -1.0666658e+000  1.0666658e+000
 -1.0668858e+000  1.0668858e+000
 -1.0670892e+000  1.0670892e+000
 -1.0672926e+000  1.0672926e+000
 -1.0674960e+000  1.0674960e+000
 -1.0680253e+000  1.0680253e+000
 -1.0689274e+000  1.0689274e+000
 -1.0692644e+000  1.0692644e+000
 -1.0691187e+000  1.0691187e+000
 -1.0694050e+000  1.0694050e+000
 -1.0699407e+000  1.0699407e+000
 -1.0699873e+000  1.0699873e+000
 -1.0698413e+000  1.0698413e+000
 -1.0699682e+000  1.0699682e+000
 -1.0701630e+000  1.0701630e+000
 -1.0703518e+000  1.0703518e+000
 -1.0705410e+000  1.0705410e+000
 -1.0707314e+000  1.0707314e+000
 -1.0709217e+000  1.0709217e+000
 -1.0711108e+000  1.0711108e+000
 -1.0713471e+000  1.0713471e+000
 -1.0718838e+000  1.0718838e+000
 -1.0723369e+000  1.0723369e+000
 -1.0725267e+000  1.0725267e+000
 -1.0729192e+000  1.0729192e+000
 -1.0737797e+000  1.0737797e+000
 -1.0742505e+000  1.0742505e+000
 -1.0741007e+000  1.0741007e+000
 -1.0742668e+000  1.0742668e+000
 -1.0747900e+000  1.0747900e+000
 -1.0751161e+000  1.0751161e+000
 -1.0753009e+000  1.0753009e+000
 -1.0756976e+000  1.0756976e+000
 -1.0762153e+000  1.0762153e+000
 -1.0764838e+000  1.0764838e+000
 -1.0766556e+000  1.0766556e+000
 -1.0765674e+000  1.0765674e+000
 -1.0764157e+000  1.0764157e+000
 -1.0765411e+000  1.0765411e+000
 -1.0767143e+000  1.0767143e+000
 -1.0778541e+000  1.0778541e+000
 -1.0789695e+000  1.0789695e+000
 -1.0791305e+000  1.0791305e+000
 -1.0792917e+000  1.0792917e+000
 -1.0794538e+000  1.0794538e+000
 -1.0797578e+000  1.0797578e+000
 -1.0805608e+000  1.0805608e+000
 -1.0811894e+000  1.0811894e+000
 -1.0813690e+000  1.0813690e+000
 -1.0816614e+000  1.0816614e+000
 -1.0821316e+000  1.0821316e+000
 -1.0823054e+000  1.0823054e+000
 -1.0821473e+000  1.0821473e+000
 -1.0825182e+000  1.0825182e+000
 -1.0833126e+000  1.0833126e+000
 -1.0841030e+000  1.0841030e+000
 -1.0848934e+000  1.0848934e+000
 -1.0849961e+000  1.0849961e+000
 -1.0848346e+000  1.0848346e+000
 -1.0849198e+000  1.0849198e+000
 -1.0850642e+000  1.0850642e+000
 -1.0860648e+000  1.0860648e+000
 -1.0871726e+000  1.0871726e+000
 -1.0870441e+000  1.0870441e+000
 -1.0868976e+000  1.0868976e+000
 -1.0870376e+000  1.0870376e+000
 -1.0872230e+000  1.0872230e+000
 -1.0876876e+000  1.0876876e+000
 -1.0881458e+000  1.0881458e+000
 -1.0885822e+000  1.0885822e+000
 -1.0889313e+000  1.0889313e+000
 -1.0890894e+000  1.0890894e+000
 -1.0894884e+000  1.0894884e+000
 -1.0902629e+000  1.0902629e+000
 -1.0907333e+000  1.0907333e+000
 -1.0908664e+000  1.0908664e+000
 -1.0909974e+000  1.0909974e+000
 -1.0911270e+000  1.0911270e+000
 -1.0912598e+000  1.0912598e+000
 -1.0914167e+000  1.0914167e+000
 -1.0924387e+000  1.0924387e+000
 -1.0937901e+000  1.0937901e+000
 -1.0943861e+000  1.0943861e+000
 -1.0948032e+000  1.0948032e+000
 -1.0952346e+000  1.0952346e+000
 -1.0956678e+000  1.0956678e+000
 -1.0963790e+000  1.0963790e+000
 -1.0970556e+000  1.0970556e+000
 -1.0968816e+000  1.0968816e+000
 -1.0968345e+000  1.0968345e+000
 -1.0975505e+000  1.0975505e+000
 -1.0981307e+000  1.0981307e+000
 -1.0982459e+000  1.0982459e+000
 -1.0983579e+000  1.0983579e+000
 -1.0984629e+000  1.0984629e+000
 -1.0988067e+000  1.0988067e+000
 -1.0994897e+000  1.0994897e+000
 -1.1000556e+000  1.1000556e+000
 -1.1004931e+000  1.1004931e+000
 -1.1009052e+000  1.1009052e+000
 -1.1012974e+000  1.1012974e+000
 -1.1020779e+000  1.1020779e+000
 -1.1030739e+000  1.1030739e+000
 -1.1036303e+000  1.1036303e+000
 -1.1040121e+000  1.1040121e+000
 -1.1043924e+000  1.1043924e+000
 -1.1047723e+000  1.1047723e+000
 -1.1051702e+000  1.1051702e+000
 -1.1055701e+000  1.1055701e+000
 -1.1059658e+000  1.1059658e+000
 -1.1063948e+000  1.1063948e+000
 -1.1073471e+000  1.1073471e+000
 -1.1081750e+000  1.1081750e+000
 -1.1082677e+000  1.1082677e+000
 -1.1084906e+000  1.1084906e+000
 -1.1091530e+000  1.1091530e+000
 -1.1099074e+000  1.1099074e+000
 -1.1108648e+000  1.1108648e+000
 -1.1114704e+000  1.1114704e+000
 -1.1115617e+000  1.1115617e+000
 -1.1120523e+000  1.1120523e+000
 -1.1129766e+000  1.1129766e+000
 -1.1138986e+000  1.1138986e+000
 -1.1148188e+000  1.1148188e+000
 -1.1150193e+000  1.1150193e+000
 -1.1148257e+000  1.1148257e+000
 -1.1154349e+000  1.1154349e+000
 -1.1163458e+000  1.1163458e+000
 -1.1170343e+000  1.1170343e+000
 -1.1176717e+000  1.1176717e+000
 -1.1180402e+000  1.1180402e+000
 -1.1183776e+000  1.1183776e+000
 -1.1190014e+000  1.1190014e+000
 -1.1196122e+000  1.1196122e+000
 -1.1199501e+000  1.1199501e+000
 -1.1204062e+000  1.1204062e+000
 -1.1212920e+000  1.1212920e+000
 -1.1220539e+000  1.1220539e+000
 -1.1224031e+000  1.1224031e+000
 -1.1227535e+000  1.1227535e+000
 -1.1231070e+000  1.1231070e+000
 -1.1237907e+000  1.1237907e+000
 -1.1249740e+000  1.1249740e+000
 -1.1258646e+000  1.1258646e+000
 -1.1264447e+000  1.1264447e+000
 -1.1267289e+000  1.1267289e+000
 -1.1267857e+000  1.1267857e+000
 -1.1272095e+000  1.1272095e+000
 -1.1278320e+000  1.1278320e+000
 -1.1288097e+000  1.1288097e+000
 -1.1299179e+000  1.1299179e+000
 -1.1306326e+000  1.1306326e+000
 -1.1312500e+000  1.1312500e+000
 -1.1320456e+000  1.1320456e+000
 -1.1328613e+000  1.1328613e+000
 -1.1337248e+000  1.1337248e+000
 -1.1345685e+000  1.1345685e+000
 -1.1351197e+000  1.1351197e+000
 -1.1355969e+000  1.1355969e+000
 -1.1356625e+000  1.1356625e+000
 -1.1359116e+000  1.1359116e+000
 -1.1367630e+000  1.1367630e+000
 -1.1374439e+000  1.1374439e+000
 -1.1377569e+000  1.1377569e+000
 -1.1382710e+000  1.1382710e+000
 -1.1390863e+000  1.1390863e+000
 -1.1395112e+000  1.1395112e+000
 -1.1395491e+000  1.1395491e+000
 -1.1400405e+000  1.1400405e+000
 -1.1408775e+000  1.1408775e+000
 -1.1418531e+000  1.1418531e+000
 -1.1429034e+000  1.1429034e+000
 -1.1434045e+000  1.1434045e+000
 -1.1437071e+000  1.1437071e+000
 -1.1444236e+000  1.1444236e+000
 -1.1452512e+000  1.1452512e+000
 -1.1458227e+000  1.1458227e+000
 -1.1463663e+000  1.1463663e+000
 -1.1471227e+000  1.1471227e+000
 -1.1478858e+000  1.1478858e+000
 -1.1486931e+000  1.1486931e+000
 -1.1494940e+000  1.1494940e+000
 -1.1502578e+000  1.1502578e+000
 -1.1509299e+000  1.1509299e+000
 -1.1512137e+000  1.1512137e+000
 -1.1515747e+000  1.1515747e+000
 -1.1521001e+000  1.1521001e+000
 -1.1526232e+000  1.1526232e+000
 -1.1531428e+000  1.1531428e+000
 -1.1539083e+000  1.1539083e+000
 -1.1549338e+000  1.1549338e+000
 -1.1556738e+000  1.1556738e+000
 -1.1561871e+000  1.1561871e+000
 -1.1566818e+000  1.1566818e+000
 -1.1571665e+000  1.1571665e+000
 -1.1576675e+000  1.1576675e+000
 -1.1581742e+000  1.1581742e+000
 -1.1588740e+000  1.1588740e+000
 -1.1596162e+000  1.1596162e+000
 -1.1603585e+000  1.1603585e+000
 -1.1610969e+000  1.1610969e+000
 -1.1618607e+000  1.1618607e+000
 -1.1626393e+000  1.1626393e+000
 -1.1636029e+000  1.1636029e+000
 -1.1644937e+000  1.1644937e+000
 -1.1649858e+000  1.1649858e+000
 -1.1655302e+000  1.1655302e+000
 -1.1662538e+000  1.1662538e+000
 -1.1670591e+000  1.1670591e+000
 -1.1680373e+000  1.1680373e+000
 -1.1688135e+000  1.1688135e+000
 -1.1692933e+000  1.1692933e+000
 -1.1697709e+000  1.1697709e+000
 -1.1702461e+000  1.1702461e+000
 -1.1708366e+000  1.1708366e+000
 -1.1715561e+000  1.1715561e+000
 -1.1724326e+000  1.1724326e+000
 -1.1733917e+000  1.1733917e+000
 -1.1743263e+000  1.1743263e+000
 -1.1752526e+000  1.1752526e+000
 -1.1757971e+000  1.1757971e+000
 -1.1762596e+000  1.1762596e+000
 -1.1775685e+000  1.1775685e+000
 -1.1789802e+000  1.1789802e+000
 -1.1792184e+000  1.1792184e+000
 -1.1794784e+000  1.1794784e+000
 -1.1801578e+000  1.1801578e+000
 -1.1808724e+000  1.1808724e+000
 -1.1817756e+000  1.1817756e+000
 -1.1826821e+000  1.1826821e+000
 -1.1835980e+000  1.1835980e+000
 -1.1844531e+000  1.1844531e+000
 -1.1851197e+000  1.1851197e+000
 -1.1856931e+000  1.1856931e+000
 -1.1861313e+000  1.1861313e+000
 -1.1868031e+000  1.1868031e+000
 -1.1877167e+000  1.1877167e+000
 -1.1888629e+000  1.1888629e+000
 -1.1901816e+000  1.1901816e+000
 -1.1910875e+000  1.1910875e+000
 -1.1917666e+000  1.1917666e+000
 -1.1927695e+000  1.1927695e+000
 -1.1938853e+000  1.1938853e+000
 -1.1951803e+000  1.1951803e+000
 -1.1965139e+000  1.1965139e+000
 -1.1972124e+000  1.1972124e+000
 -1.1978474e+000  1.1978474e+000
 -1.1991623e+000  1.1991623e+000
 -1.2004487e+000  1.2004487e+000
 -1.2013252e+000  1.2013252e+000
 -1.2022008e+000  1.2022008e+000
 -1.2030723e+000  1.2030723e+000
 -1.2039352e+000  1.2039352e+000
 -1.2047716e+000  1.2047716e+000
 -1.2056769e+000  1.2056769e+000
 -1.2067595e+000  1.2067595e+000
 -1.2078373e+000  1.2078373e+000
 -1.2089081e+000  1.2089081e+000
 -1.2098701e+000  1.2098701e+000
 -1.2107206e+000  1.2107206e+000
 -1.2118351e+000  1.2118351e+000
 -1.2131432e+000  1.2131432e+000
 -1.2139445e+000  1.2139445e+000
 -1.2145241e+000  1.2145241e+000
 -1.2154531e+000  1.2154531e+000
 -1.2165020e+000  1.2165020e+000
 -1.2175489e+000  1.2175489e+000
 -1.2185956e+000  1.2185956e+000
 -1.2196643e+000  1.2196643e+000
 -1.2207355e+000  1.2207355e+000
 -1.2217221e+000  1.2217221e+000
 -1.2227031e+000  1.2227031e+000
 -1.2232785e+000  1.2232785e+000
 -1.2239608e+000  1.2239608e+000
 -1.2251972e+000  1.2251972e+000
 -1.2263288e+000  1.2263288e+000
 -1.2271383e+000  1.2271383e+000
 -1.2280106e+000  1.2280106e+000
 -1.2290106e+000  1.2290106e+000
 -1.2301208e+000  1.2301208e+000
 -1.2313392e+000  1.2313392e+000
 -1.2327749e+000  1.2327749e+000
 -1.2344317e+000  1.2344317e+000
 -1.2354463e+000  1.2354463e+000
 -1.2359950e+000  1.2359950e+000
 -1.2369716e+000  1.2369716e+000
 -1.2381652e+000  1.2381652e+000
 -1.2390320e+000  1.2390320e+000
 -1.2397733e+000  1.2397733e+000
 -1.2409115e+000  1.2409115e+000
 -1.2421309e+000  1.2421309e+000
 -1.2429421e+000  1.2429421e+000
 -1.2437146e+000  1.2437146e+000
 -1.2453272e+000  1.2453272e+000
 -1.2468701e+000  1.2468701e+000
 -1.2476321e+000  1.2476321e+000
 -1.2484215e+000  1.2484215e+000
 -1.2493508e+000  1.2493508e+000
 -1.2503444e+000  1.2503444e+000
 -1.2515329e+000  1.2515329e+000
 -1.2527874e+000  1.2527874e+000
 -1.2541749e+000  1.2541749e+000
 -1.2557230e+000  1.2557230e+000
 -1.2575494e+000  1.2575494e+000
 -1.2588148e+000  1.2588148e+000
 -1.2595154e+000  1.2595154e+000
 -1.2605072e+000  1.2605072e+000
 -1.2617078e+000  1.2617078e+000
 -1.2628814e+000  1.2628814e+000
 -1.2640416e+000  1.2640416e+000
 -1.2653222e+000  1.2653222e+000
 -1.2666997e+000  1.2666997e+000
 -1.2678025e+000  1.2678025e+000
 -1.2688499e+000  1.2688499e+000
 -1.2701655e+000  1.2701655e+000
 -1.2715058e+000  1.2715058e+000
 -1.2724098e+000  1.2724098e+000
 -1.2733442e+000  1.2733442e+000
 -1.2746165e+000  1.2746165e+000
 -1.2758604e+000  1.2758604e+000
 -1.2767201e+000  1.2767201e+000
 -1.2778581e+000  1.2778581e+000
 -1.2798296e+000  1.2798296e+000
 -1.2813610e+000  1.2813610e+000
 -1.2820132e+000  1.2820132e+000
 -1.2833304e+000  1.2833304e+000
 -1.2855765e+000  1.2855765e+000
 -1.2873594e+000  1.2873594e+000
 -1.2886182e+000  1.2886182e+000
 -1.2896265e+000  1.2896265e+000
 -1.2904569e+000  1.2904569e+000
 -1.2912847e+000  1.2912847e+000
 -1.2921106e+000  1.2921106e+000
 -1.2931306e+000  1.2931306e+000
 -1.2942141e+000  1.2942141e+000
 -1.2955899e+000  1.2955899e+000
 -1.2970138e+000  1.2970138e+000
 -1.2982526e+000  1.2982526e+000
 -1.2994755e+000  1.2994755e+000
 -1.3008892e+000  1.3008892e+000
 -1.3022733e+000  1.3022733e+000
 -1.3033396e+000  1.3033396e+000
 -1.3044495e+000  1.3044495e+000
 -1.3058575e+000  1.3058575e+000
 -1.3071290e+000  1.3071290e+000
 -1.3079979e+000  1.3079979e+000
 -1.3089649e+000  1.3089649e+000
 -1.3101262e+000  1.3101262e+000
 -1.3115517e+000  1.3115517e+000
 -1.3133425e+000  1.3133425e+000
 -1.3152909e+000  1.3152909e+000
 -1.3174600e+000  1.3174600e+000
 -1.3197436e+000  1.3197436e+000
 -1.3221087e+000  1.3221087e+000
 -1.3237642e+000  1.3237642e+000
 -1.3250711e+000  1.3250711e+000
 -1.3261597e+000  1.3261597e+000
 -1.3271768e+000  1.3271768e+000
 -1.3285749e+000  1.3285749e+000
 -1.3301267e+000  1.3301267e+000
 -1.3316408e+000  1.3316408e+000
 -1.3331569e+000  1.3331569e+000
 -1.3356526e+000  1.3356526e+000
 -1.3380887e+000  1.3380887e+000
 -1.3398865e+000  1.3398865e+000
 -1.3414621e+000  1.3414621e+000
 -1.3419681e+000  1.3419681e+000
 -1.3428999e+000  1.3428999e+000
 -1.3448247e+000  1.3448247e+000
 -1.3467459e+000  1.3467459e+000
 -1.3486595e+000  1.3486595e+000
 -1.3502490e+000  1.3502490e+000
 -1.3513950e+000  1.3513950e+000
 -1.3530202e+000  1.3530202e+000
 -1.3551139e+000  1.3551139e+000
 -1.3573143e+000  1.3573143e+000
 -1.3595255e+000  1.3595255e+000
 -1.3611852e+000  1.3611852e+000
 -1.3625768e+000  1.3625768e+000
 -1.3644653e+000  1.3644653e+000
 -1.3665140e+000  1.3665140e+000
 -1.3681005e+000  1.3681005e+000
 -1.3695986e+000  1.3695986e+000
 -1.3712693e+000  1.3712693e+000
 -1.3729459e+000  1.3729459e+000
 -1.3746236e+000  1.3746236e+000
 -1.3763000e+000  1.3763000e+000
 -1.3779689e+000  1.3779689e+000
 -1.3796960e+000  1.3796960e+000
 -1.3817005e+000  1.3817005e+000
 -1.3836313e+000  1.3836313e+000
 -1.3854700e+000  1.3854700e+000
 -1.3871533e+000  1.3871533e+000
 -1.3885379e+000  1.3885379e+000
 -1.3907868e+000  1.3907868e+000
 -1.3942087e+000  1.3942087e+000
 -1.3965872e+000  1.3965872e+000
 -1.3979541e+000  1.3979541e+000
 -1.3994141e+000  1.3994141e+000
 -1.4010653e+000  1.4010653e+000
 -1.4031141e+000  1.4031141e+000
 -1.4053543e+000  1.4053543e+000
 -1.4080189e+000  1.4080189e+000
 -1.4108198e+000  1.4108198e+000
 -1.4140180e+000  1.4140180e+000
 -1.4172939e+000  1.4172939e+000
 -1.4191612e+000  1.4191612e+000
 -1.4210493e+000  1.4210493e+000
 -1.4229088e+000  1.4229088e+000
 -1.4247246e+000  1.4247246e+000
 -1.4261257e+000  1.4261257e+000
 -1.4276351e+000  1.4276351e+000
 -1.4296559e+000  1.4296559e+000
 -1.4319897e+000  1.4319897e+000
 -1.4352149e+000  1.4352149e+000
 -1.4384282e+000  1.4384282e+000
 -1.4412999e+000  1.4412999e+000
 -1.4436685e+000  1.4436685e+000
 -1.4453614e+000  1.4453614e+000
 -1.4475546e+000  1.4475546e+000
 -1.4502278e+000  1.4502278e+000
 -1.4520612e+000  1.4520612e+000
 -1.4533202e+000  1.4533202e+000
 -1.4554643e+000  1.4554643e+000
 -1.4579428e+000  1.4579428e+000
 -1.4599297e+000  1.4599297e+000
 -1.4617611e+000  1.4617611e+000
 -1.4636682e+000  1.4636682e+000
 -1.4655874e+000  1.4655874e+000
 -1.4668894e+000  1.4668894e+000
 -1.4681589e+000  1.4681589e+000
 -1.4710139e+000  1.4710139e+000
 -1.4737772e+000  1.4737772e+000
 -1.4756725e+000  1.4756725e+000
 -1.4776424e+000  1.4776424e+000
 -1.4799637e+000  1.4799637e+000
 -1.4820840e+000  1.4820840e+000
 -1.4836428e+000  1.4836428e+000
 -1.4855040e+000  1.4855040e+000
 -1.4881686e+000  1.4881686e+000
 -1.4909414e+000  1.4909414e+000
 -1.4938581e+000  1.4938581e+000
 -1.4971206e+000  1.4971206e+000
 -1.5007122e+000  1.5007122e+000
 -1.5065326e+000  1.5065326e+000
 -1.5138772e+000  1.5138772e+000
 -1.5192479e+000  1.5192479e+000
 -1.5239592e+000  1.5239592e+000
 -1.5290623e+000  1.5290623e+000
 -1.5342944e+000  1.5342944e+000
 -1.5374198e+000  1.5374198e+000
 -1.5401648e+000  1.5401648e+000
 -1.5422113e+000  1.5422113e+000
 -1.5441840e+000  1.5441840e+000
 -1.5449626e+000  1.5449626e+000
 -1.5460927e+000  1.5460927e+000
 -1.5475423e+000  1.5475423e+000
 -1.5489639e+000  1.5489639e+000
 -1.5502833e+000  1.5502833e+000
 -1.5515298e+000  1.5515298e+000
 -1.5525872e+000  1.5525872e+000
 -1.5538307e+000  1.5538307e+000
 -1.5554278e+000  1.5554278e+000
 -1.5566180e+000  1.5566180e+000
 -1.5567897e+000  1.5567897e+000
 -1.5575870e+000  1.5575870e+000
 -1.5589702e+000  1.5589702e+000
 -1.5604857e+000  1.5604857e+000
 -1.5620869e+000  1.5620869e+000
 -1.5635140e+000  1.5635140e+000
 -1.5648558e+000  1.5648558e+000
 -1.5664101e+000  1.5664101e+000
 -1.5678893e+000  1.5678893e+000
 -1.5692372e+000  1.5692372e+000
 -1.5705532e+000  1.5705532e+000
 -1.5718096e+000  1.5718096e+000
 -1.5730486e+000  1.5730486e+000
 -1.5740835e+000  1.5740835e+000
 -1.5751053e+000  1.5751053e+000
 -1.5765658e+000  1.5765658e+000
 -1.5777428e+000  1.5777428e+000
 -1.5777100e+000  1.5777100e+000
 -1.5779973e+000  1.5779973e+000
 -1.5791815e+000  1.5791815e+000
 -1.5798583e+000  1.5798583e+000
 -1.5796100e+000  1.5796100e+000
 -1.5796198e+000  1.5796198e+000
 -1.5804948e+000  1.5804948e+000
 -1.5815084e+000  1.5815084e+000
 -1.5733201e+000  1.5733201e+000
 -1.5783901e+000  1.5783901e+000
 -1.5834602e+000  1.5834602e+000
 -1.5885302e+000  1.5885302e+000
 -1.5936003e+000  1.5936003e+000
 -1.5986703e+000  1.5986703e+000
 -1.6042747e+000  1.6042747e+000
 -1.6098791e+000  1.6098791e+000
 -1.6154835e+000  1.6154835e+000
 -1.6210879e+000  1.6210879e+000
 -1.6266923e+000  1.6266923e+000
 -1.6322967e+000  1.6322967e+000
 -1.6379011e+000  1.6379011e+000
 -1.6435055e+000  1.6435055e+000
 -1.6494986e+000  1.6494986e+000
 -1.6554918e+000  1.6554918e+000
 -1.6614849e+000  1.6614849e+000
 -1.6674780e+000  1.6674780e+000
 -1.6734712e+000  1.6734712e+000
 -1.6794643e+000  1.6794643e+000
 -1.6854574e+000  1.6854574e+000
 -1.6914505e+000  1.6914505e+000
 -1.6980330e+000  1.6980330e+000
 -1.7046154e+000  1.7046154e+000
 -1.7111978e+000  1.7111978e+000
 -1.7177802e+000  1.7177802e+000
 -1.7243626e+000  1.7243626e+000
 -1.7309451e+000  1.7309451e+000
 -1.7375275e+000  1.7375275e+000
 -1.7441099e+000  1.7441099e+000
 -1.7508036e+000  1.7508036e+000
 -1.7574973e+000  1.7574973e+000
 -1.7641909e+000  1.7641909e+000
 -1.7708846e+000  1.7708846e+000
 -1.7775783e+000  1.7775783e+000
 -1.7842720e+000  1.7842720e+000
 -1.7909657e+000  1.7909657e+000
 -1.7976593e+000  1.7976593e+000
 -1.8046401e+000  1.8046401e+000
 -1.8116209e+000  1.8116209e+000
 -1.8186016e+000  1.8186016e+000
 -1.8255824e+000  1.8255824e+000
 -1.8325632e+000  1.8325632e+000
 -1.8395440e+000  1.8395440e+000
 -1.8465247e+000  1.8465247e+000
 -1.8535055e+000  1.8535055e+000
 -1.8608159e+000  1.8608159e+000
 -1.8681264e+000  1.8681264e+000
 -1.8754368e+000  1.8754368e+000
 -1.8827473e+000  1.8827473e+000
 -1.8900577e+000  1.8900577e+000
 -1.8973681e+000  1.8973681e+000
 -1.9046786e+000  1.9046786e+000
 -1.9119890e+000  1.9119890e+000
 -1.9190604e+000  1.9190604e+000
 -1.9261319e+000  1.9261319e+000
 -1.9332033e+000  1.9332033e+000
 -1.9402747e+000  1.9402747e+000
 -1.9473462e+000  1.9473462e+000
 -1.9544176e+000  1.9544176e+000
 -1.9614890e+000  1.9614890e+000
 -1.9685604e+000  1.9685604e+000
 -1.9838558e+000  1.9838558e+000
 -1.9991511e+000  1.9991511e+000
 -2.0000000e+000  2.0000000e+000
 -2.0000000e+000  2.0000000e+000
 -2.0000000e+000  2.0000000e+000
 -2.0000000e+000  2.0000000e+000
 -2.0000000e+000  2.0000000e+000
 -2.0000000e+000  2.0000000e+000
