  0.0000000e+000 -0.0000000e+000
  0.0000000e+000 -0.0000000e+000
  0.0000000e+000 -0.0000000e+000
  0.0000000e+000 -0.0000000e+000
  0.0000000e+000 -0.0000000e+000
  0.0000000e+000 -0.0000000e+000
  0.0000000e+000 -0.0000000e+000
  0.0000000e+000 -0.0000000e+000
  0.0000000e+000 -0.0000000e+000
  0.0000000e+000 -0.0000000e+000
  0.0000000e+000 -0.0000000e+000
  0.0000000e+000 -0.0000000e+000
  0.0000000e+000 -0.0000000e+000
  0.0000000e+000 -0.0000000e+000
  0.0000000e+000 -0.0000000e+000
  0.0000000e+000 -0.0000000e+000
  0.0000000e+000 -0.0000000e+000
  0.0000000e+000 -0.0000000e+000
  0.0000000e+000 -0.0000000e+000
  0.0000000e+000 -0.0000000e+000
  0.0000000e+000 -0.0000000e+000
  0.0000000e+000 -0.0000000e+000
  0.0000000e+000 -0.0000000e+000
  0.0000000e+000 -0.0000000e+000
  0.0000000e+000 -0.0000000e+000
  0.0000000e+000 -0.0000000e+000
  0.0000000e+000 -0.0000000e+000
  0.0000000e+000 -0.0000000e+000
  0.0000000e+000 -0.0000000e+000
  0.0000000e+000 -0.0000000e+000
  0.0000000e+000 -0.0000000e+000
  0.0000000e+000 -0.0000000e+000
  0.0000000e+000 -0.0000000e+000
  0.0000000e+000 -0.0000000e+000
  0.0000000e+000 -0.0000000e+000
  0.0000000e+000 -0.0000000e+000
  0.0000000e+000 -0.0000000e+000
  0.0000000e+000 -0.0000000e+000
  0.0000000e+000 -0.0000000e+000
  0.0000000e+000 -0.0000000e+000
  0.0000000e+000 -0.0000000e+000
  0.0000000e+000 -0.0000000e+000
  0.0000000e+000 -0.0000000e+000
  0.0000000e+000 -0.0000000e+000
  0.0000000e+000 -0.0000000e+000
  0.0000000e+000 -0.0000000e+000
  0.0000000e+000 -0.0000000e+000
  0.0000000e+000 -0.0000000e+000
  0.0000000e+000 -0.0000000e+000
  0.0000000e+000 -0.0000000e+000
  0.0000000e+000 -0.0000000e+000
  0.0000000e+000 -0.0000000e+000
  0.0000000e+000 -0.0000000e+000
  0.0000000e+000 -0.0000000e+000
  0.0000000e+000 -0.0000000e+000
  0.0000000e+000 -0.0000000e+000
  0.0000000e+000 -0.0000000e+000
  0.0000000e+000 -0.0000000e+000
  0.0000000e+000 -0.0000000e+000
  0.0000000e+000 -0.0000000e+000
  0.0000000e+000 -0.0000000e+000
  0.0000000e+000 -0.0000000e+000
  0.0000000e+000 -0.0000000e+000
  0.0000000e+000 -0.0000000e+000
  0.0000000e+000 -0.0000000e+000
  0.0000000e+000 -0.0000000e+000
  0.0000000e+000 -0.0000000e+000
  0.0000000e+000 -0.0000000e+000
  0.0000000e+000 -0.0000000e+000
  0.0000000e+000 -0.0000000e+000
  0.0000000e+000 -0.0000000e+000
  0.0000000e+000 -0.0000000e+000
  0.0000000e+000 -0.0000000e+000
  0.0000000e+000 -0.0000000e+000
  0.0000000e+000 -0.0000000e+000
  0.0000000e+000 -0.0000000e+000
  0.0000000e+000 -0.0000000e+000
  0.0000000e+000 -0.0000000e+000
  0.0000000e+000 -0.0000000e+000
  0.0000000e+000 -0.0000000e+000
  0.0000000e+000 -0.0000000e+000
  0.0000000e+000 -0.0000000e+000
  0.0000000e+000 -0.0000000e+000
  0.0000000e+000 -0.0000000e+000
  0.0000000e+000 -0.0000000e+000
  0.0000000e+000 -0.0000000e+000
  0.0000000e+000 -0.0000000e+000
  0.0000000e+000 -0.0000000e+000
  0.0000000e+000 -0.0000000e+000
  0.0000000e+000 -0.0000000e+000
  0.0000000e+000 -0.0000000e+000
  0.0000000e+000 -0.0000000e+000
  0.0000000e+000 -0.0000000e+000
  0.0000000e+000 -0.0000000e+000
 -1.4714231e-005  1.4714231e-005
 -1.7224081e-004  1.7224081e-004
 -3.0278869e-004  3.0278869e-004
 -3.0784751e-004  3.0784751e-004
 -3.0790799e-004  3.0790799e-004
 -2.9377830e-004  2.9377830e-004
 -2.8610828e-004  2.8610828e-004
 -2.9075538e-004  2.9075538e-004
 -2.8355707e-004  2.8355707e-004
 -2.6049972e-004  2.6049972e-004
 -2.6891969e-004  2.6891969e-004
 -3.0744941e-004  3.0744941e-004
 -2.9848445e-004  2.9848445e-004
 -2.5714308e-004  2.5714308e-004
 -3.0526503e-004  3.0526503e-004
 -3.9584035e-004  3.9584035e-004
 -5.6361512e-004  5.6361512e-004
 -7.5553937e-004  7.5553937e-004
 -8.9616933e-004  8.9616933e-004
 -1.0274088e-003  1.0274088e-003
 -1.2277378e-003  1.2277378e-003
 -1.4325567e-003  1.4325567e-003
 -1.5728032e-003  1.5728032e-003
 -1.6996085e-003  1.6996085e-003
 -1.6996606e-003  1.6996606e-003
 -1.7386320e-003  1.7386320e-003
 -1.9556086e-003  1.9556086e-003
 -2.1526391e-003  2.1526391e-003
 -2.2937616e-003  2.2937616e-003
 -2.4353618e-003  2.4353618e-003
 -2.5778628e-003  2.5778628e-003
 -2.7509451e-003  2.7509451e-003
 -2.9645602e-003  2.9645602e-003
 -3.0774234e-003  3.0774234e-003
 -3.0948590e-003  3.0948590e-003
 -3.2054584e-003  3.2054584e-003
 -3.3789189e-003  3.3789189e-003
 -3.4237296e-003  3.4237296e-003
 -3.4081794e-003  3.4081794e-003
 -3.4221412e-003  3.4221412e-003
 -3.4452098e-003  3.4452098e-003
 -3.4947185e-003  3.4947185e-003
 -3.5489766e-003  3.5489766e-003
 -3.4914564e-003  3.4914564e-003
 -3.4265067e-003  3.4265067e-003
 -3.4161753e-003  3.4161753e-003
 -3.4069769e-003  3.4069769e-003
 -3.4081661e-003  3.4081661e-003
 -3.4228825e-003  3.4228825e-003
 -3.4984455e-003  3.4984455e-003
 -3.5827022e-003  3.5827022e-003
 -3.6910196e-003  3.6910196e-003
 -3.7540356e-003  3.7540356e-003
 -3.7325347e-003  3.7325347e-003
 -3.8200042e-003  3.8200042e-003
 -4.0504591e-003  4.0504591e-003
 -4.0382691e-003  4.0382691e-003
 -3.7985155e-003  3.7985155e-003
 -3.8717331e-003  3.8717331e-003
 -4.1539669e-003  4.1539669e-003
 -4.4070391e-003  4.4070391e-003
 -4.6465837e-003  4.6465837e-003
 -4.7510086e-003  4.7510086e-003
 -4.8143071e-003  4.8143071e-003
 -4.8952097e-003  4.8952097e-003
 -4.9792143e-003  4.9792143e-003
 -4.8306530e-003  4.8306530e-003
 -4.6684811e-003  4.6684811e-003
 -4.6710268e-003  4.6710268e-003
 -4.6822510e-003  4.6822510e-003
 -4.7708849e-003  4.7708849e-003
 -4.8579148e-003  4.8579148e-003
 -4.9378475e-003  4.9378475e-003
 -5.0082185e-003  5.0082185e-003
 -5.0524581e-003  5.0524581e-003
 -5.0297215e-003  5.0297215e-003
 -4.8833772e-003  4.8833772e-003
 -4.8047445e-003  4.8047445e-003
 -4.8140714e-003  4.8140714e-003
 -4.8495419e-003  4.8495419e-003
 -4.9092899e-003  4.9092899e-003
 -4.9841922e-003  4.9841922e-003
 -5.0691116e-003  5.0691116e-003
 -4.9857518e-003  4.9857518e-003
 -4.8252169e-003  4.8252169e-003
 -4.6440358e-003  4.6440358e-003
 -4.4566570e-003  4.4566570e-003
 -4.2901063e-003  4.2901063e-003
 -4.1271546e-003  4.1271546e-003
 -4.0267201e-003  4.0267201e-003
 -3.9313687e-003  3.9313687e-003
 -3.8768732e-003  3.8768732e-003
 -3.8467470e-003  3.8467470e-003
 -4.0282134e-003  4.0282134e-003
 -4.1508206e-003  4.1508206e-003
 -4.0172211e-003  4.0172211e-003
 -3.9331651e-003  3.9331651e-003
 -3.9828193e-003  3.9828193e-003
 -3.9776153e-003  3.9776153e-003
 -3.8722563e-003  3.8722563e-003
 -3.7691755e-003  3.7691755e-003
 -3.6690248e-003  3.6690248e-003
 -3.5606963e-003  3.5606963e-003
 -3.4448486e-003  3.4448486e-003
 -3.3407174e-003  3.3407174e-003
 -3.2442514e-003  3.2442514e-003
 -3.1854508e-003  3.1854508e-003
 -3.1437271e-003  3.1437271e-003
 -3.0319778e-003  3.0319778e-003
 -2.8994990e-003  2.8994990e-003
 -2.8105256e-003  2.8105256e-003
 -2.7289227e-003  2.7289227e-003
 -2.6425922e-003  2.6425922e-003
 -2.5510051e-003  2.5510051e-003
 -2.2415568e-003  2.2415568e-003
 -1.9628162e-003  1.9628162e-003
 -1.9437649e-003  1.9437649e-003
 -1.9213439e-003  1.9213439e-003
 -1.8844898e-003  1.8844898e-003
 -1.7887484e-003  1.7887484e-003
 -1.5360490e-003  1.5360490e-003
 -1.3407856e-003  1.3407856e-003
 -1.2485656e-003  1.2485656e-003
 -1.0901463e-003  1.0901463e-003
 -8.4743924e-004  8.4743924e-004
 -6.9371207e-004  6.9371207e-004
 -6.2099606e-004  6.2099606e-004
 -3.4395490e-004  3.4395490e-004
  6.5388160e-005 -6.5388160e-005
  1.6568871e-004 -1.6568871e-004
  1.3696998e-004 -1.3696998e-004
  2.8297366e-004 -2.8297366e-004
  4.7997824e-004 -4.7997824e-004
  6.0244346e-004 -6.0244346e-004
  7.1253126e-004 -7.1253126e-004
  9.4070208e-004 -9.4070208e-004
  1.1759423e-003 -1.1759423e-003
  1.3986708e-003 -1.3986708e-003
  1.6619593e-003 -1.6619593e-003
  1.9962508e-003 -1.9962508e-003
  2.2638270e-003 -2.2638270e-003
  2.2501900e-003 -2.2501900e-003
  2.3010462e-003 -2.3010462e-003
  2.5216830e-003 -2.5216830e-003
  2.7629954e-003 -2.7629954e-003
  3.0412522e-003 -3.0412522e-003
  3.4375360e-003 -3.4375360e-003
  3.9324115e-003 -3.9324115e-003
  4.3348272e-003 -4.3348272e-003
  4.6538922e-003 -4.6538922e-003
  4.8844668e-003 -4.8844668e-003
  5.0583335e-003 -5.0583335e-003
  5.3632766e-003 -5.3632766e-003
  5.7262912e-003 -5.7262912e-003
  5.8061721e-003 -5.8061721e-003
  5.7908458e-003 -5.7908458e-003
  6.1681110e-003 -6.1681110e-003
  6.6092536e-003 -6.6092536e-003
  6.8166028e-003 -6.8166028e-003
  7.0147254e-003 -7.0147254e-003
  7.3830233e-003 -7.3830233e-003
  7.7140794e-003 -7.7140794e-003
  7.7838545e-003 -7.7838545e-003
  7.9126993e-003 -7.9126993e-003
  8.2866162e-003 -8.2866162e-003
  8.5955304e-003 -8.5955304e-003
  8.7354197e-003 -8.7354197e-003
  8.8848335e-003 -8.8848335e-003
  9.0510848e-003 -9.0510848e-003
  9.2687102e-003 -9.2687102e-003
  9.5752203e-003 -9.5752203e-003
  1.0121245e-002 -1.0121245e-002
  1.0881061e-002 -1.0881061e-002
  1.1363646e-002 -1.1363646e-002
  1.1670405e-002 -1.1670405e-002
  1.1974734e-002 -1.1974734e-002
  1.2278000e-002 -1.2278000e-002
  1.2612781e-002 -1.2612781e-002
  1.2989373e-002 -1.2989373e-002
  1.3305751e-002 -1.3305751e-002
  1.3612532e-002 -1.3612532e-002
  1.3855257e-002 -1.3855257e-002
  1.4097276e-002 -1.4097276e-002
  1.4435884e-002 -1.4435884e-002
  1.4771057e-002 -1.4771057e-002
  1.5079304e-002 -1.5079304e-002
  1.5345295e-002 -1.5345295e-002
  1.5335643e-002 -1.5335643e-002
  1.5477106e-002 -1.5477106e-002
  1.6006716e-002 -1.6006716e-002
  1.6463684e-002 -1.6463684e-002
  1.6793599e-002 -1.6793599e-002
  1.7000450e-002 -1.7000450e-002
  1.7055242e-002 -1.7055242e-002
  1.7112192e-002 -1.7112192e-002
  1.7157753e-002 -1.7157753e-002
  1.7291645e-002 -1.7291645e-002
  1.7480978e-002 -1.7480978e-002
  1.7719613e-002 -1.7719613e-002
  1.7979587e-002 -1.7979587e-002
  1.8167668e-002 -1.8167668e-002
  1.8335642e-002 -1.8335642e-002
  1.8355863e-002 -1.8355863e-002
  1.8352121e-002 -1.8352121e-002
  1.8592789e-002 -1.8592789e-002
  1.8848521e-002 -1.8848521e-002
  1.9158656e-002 -1.9158656e-002
  1.9459490e-002 -1.9459490e-002
  1.9689163e-002 -1.9689163e-002
  1.9901863e-002 -1.9901863e-002
  2.0052101e-002 -2.0052101e-002
  2.0189351e-002 -2.0189351e-002
  2.0293646e-002 -2.0293646e-002
  2.0427137e-002 -2.0427137e-002
  2.0611149e-002 -2.0611149e-002
  2.0774543e-002 -2.0774543e-002
  2.0912714e-002 -2.0912714e-002
  2.1040472e-002 -2.1040472e-002
  2.1160738e-002 -2.1160738e-002
  2.1383648e-002 -2.1383648e-002
  2.1670317e-002 -2.1670317e-002
  2.1956750e-002 -2.1956750e-002
  2.2243082e-002 -2.2243082e-002
  2.2466299e-002 -2.2466299e-002
  2.2672120e-002 -2.2672120e-002
  2.2934163e-002 -2.2934163e-002
  2.3202943e-002 -2.3202943e-002
  2.3364645e-002 -2.3364645e-002
  2.3515797e-002 -2.3515797e-002
  2.3526276e-002 -2.3526276e-002
  2.3566766e-002 -2.3566766e-002
  2.3831409e-002 -2.3831409e-002
  2.4094378e-002 -2.4094378e-002
  2.4350717e-002 -2.4350717e-002
  2.4615012e-002 -2.4615012e-002
  2.4909116e-002 -2.4909116e-002
  2.5184316e-002 -2.5184316e-002
  2.5427151e-002 -2.5427151e-002
  2.5551042e-002 -2.5551042e-002
  2.5530862e-002 -2.5530862e-002
  2.5691905e-002 -2.5691905e-002
  2.6009969e-002 -2.6009969e-002
  2.6170210e-002 -2.6170210e-002
  2.6235147e-002 -2.6235147e-002
  2.6435782e-002 -2.6435782e-002
  2.6693788e-002 -2.6693788e-002
  2.6875278e-002 -2.6875278e-002
  2.7035985e-002 -2.7035985e-002
  2.7242041e-002 -2.7242041e-002
  2.7454877e-002 -2.7454877e-002
  2.7941493e-002 -2.7941493e-002
  2.8428653e-002 -2.8428653e-002
  2.8576155e-002 -2.8576155e-002
  2.8744171e-002 -2.8744171e-002
  2.9061842e-002 -2.9061842e-002
  2.9367988e-002 -2.9367988e-002
  2.9629184e-002 -2.9629184e-002
  2.9916181e-002 -2.9916181e-002
  3.0265688e-002 -3.0265688e-002
  3.0604241e-002 -3.0604241e-002
  3.0924234e-002 -3.0924234e-002
  3.1179237e-002 -3.1179237e-002
  3.1356303e-002 -3.1356303e-002
  3.1553060e-002 -3.1553060e-002
  3.1766713e-002 -3.1766713e-002
  3.1944349e-002 -3.1944349e-002
  3.2096373e-002 -3.2096373e-002
  3.2302729e-002 -3.2302729e-002
  3.2531783e-002 -3.2531783e-002
  3.2705704e-002 -3.2705704e-002
  3.2864867e-002 -3.2864867e-002
  3.3192696e-002 -3.3192696e-002
  3.3545195e-002 -3.3545195e-002
  3.3668344e-002 -3.3668344e-002
  3.3772800e-002 -3.3772800e-002
  3.3781065e-002 -3.3781065e-002
  3.3783073e-002 -3.3783073e-002
  3.3740476e-002 -3.3740476e-002
  3.3761518e-002 -3.3761518e-002
  3.4027027e-002 -3.4027027e-002
  3.4229050e-002 -3.4229050e-002
  3.4275713e-002 -3.4275713e-002
  3.4463572e-002 -3.4463572e-002
  3.4888916e-002 -3.4888916e-002
  3.5225627e-002 -3.5225627e-002
  3.5457100e-002 -3.5457100e-002
  3.5637365e-002 -3.5637365e-002
  3.5774133e-002 -3.5774133e-002
  3.5929877e-002 -3.5929877e-002
  3.6097042e-002 -3.6097042e-002
  3.6251286e-002 -3.6251286e-002
  3.6402489e-002 -3.6402489e-002
  3.6643150e-002 -3.6643150e-002
  3.6907402e-002 -3.6907402e-002
  3.7065504e-002 -3.7065504e-002
  3.7208423e-002 -3.7208423e-002
  3.7365339e-002 -3.7365339e-002
  3.7526445e-002 -3.7526445e-002
  3.7767772e-002 -3.7767772e-002
  3.7997358e-002 -3.7997358e-002
  3.8145117e-002 -3.8145117e-002
  3.8296051e-002 -3.8296051e-002
  3.8458997e-002 -3.8458997e-002
  3.8633580e-002 -3.8633580e-002
  3.8836302e-002 -3.8836302e-002
  3.9071989e-002 -3.9071989e-002
  3.9359586e-002 -3.9359586e-002
  3.9631048e-002 -3.9631048e-002
  3.9883544e-002 -3.9883544e-002
  4.0185426e-002 -4.0185426e-002
  4.0528840e-002 -4.0528840e-002
  4.0796003e-002 -4.0796003e-002
  4.1017750e-002 -4.1017750e-002
  4.1239811e-002 -4.1239811e-002
  4.1457602e-002 -4.1457602e-002
  4.1575664e-002 -4.1575664e-002
  4.1667818e-002 -4.1667818e-002
  4.1817750e-002 -4.1817750e-002
  4.1975760e-002 -4.1975760e-002
  4.2150328e-002 -4.2150328e-002
  4.2330951e-002 -4.2330951e-002
  4.2627327e-002 -4.2627327e-002
  4.2911088e-002 -4.2911088e-002
  4.3123074e-002 -4.3123074e-002
  4.3344494e-002 -4.3344494e-002
  4.3601085e-002 -4.3601085e-002
  4.3828759e-002 -4.3828759e-002
  4.3987332e-002 -4.3987332e-002
  4.4177606e-002 -4.4177606e-002
  4.4419917e-002 -4.4419917e-002
  4.4627901e-002 -4.4627901e-002
  4.4799968e-002 -4.4799968e-002
  4.5081689e-002 -4.5081689e-002
  4.5454717e-002 -4.5454717e-002
  4.5680513e-002 -4.5680513e-002
  4.5819536e-002 -4.5819536e-002
  4.6079566e-002 -4.6079566e-002
  4.6388372e-002 -4.6388372e-002
  4.6482329e-002 -4.6482329e-002
  4.6522025e-002 -4.6522025e-002
  4.6782156e-002 -4.6782156e-002
  4.7072404e-002 -4.7072404e-002
  4.7281964e-002 -4.7281964e-002
  4.7486797e-002 -4.7486797e-002
  4.7657985e-002 -4.7657985e-002
  4.7824448e-002 -4.7824448e-002
  4.7955937e-002 -4.7955937e-002
  4.8129510e-002 -4.8129510e-002
  4.8457691e-002 -4.8457691e-002
  4.8761327e-002 -4.8761327e-002
  4.9007003e-002 -4.9007003e-002
  4.9210197e-002 -4.9210197e-002
  4.9344385e-002 -4.9344385e-002
  4.9504810e-002 -4.9504810e-002
  4.9693391e-002 -4.9693391e-002
  4.9893704e-002 -4.9893704e-002
  5.0103689e-002 -5.0103689e-002
  5.0410340e-002 -5.0410340e-002
  5.0773361e-002 -5.0773361e-002
  5.0972655e-002 -5.0972655e-002
  5.1106748e-002 -5.1106748e-002
  5.1229880e-002 -5.1229880e-002
  5.1346083e-002 -5.1346083e-002
  5.1268801e-002 -5.1268801e-002
  5.1165699e-002 -5.1165699e-002
  5.1410631e-002 -5.1410631e-002
  5.1668144e-002 -5.1668144e-002
  5.1930670e-002 -5.1930670e-002
  5.2182131e-002 -5.2182131e-002
  5.2361384e-002 -5.2361384e-002
  5.2552535e-002 -5.2552535e-002
  5.2793462e-002 -5.2793462e-002
  5.2983747e-002 -5.2983747e-002
  5.3055842e-002 -5.3055842e-002
  5.3146978e-002 -5.3146978e-002
  5.3268724e-002 -5.3268724e-002
  5.3432827e-002 -5.3432827e-002
  5.3645269e-002 -5.3645269e-002
  5.3849380e-002 -5.3849380e-002
  5.4049902e-002 -5.4049902e-002
  5.4340634e-002 -5.4340634e-002
  5.4683416e-002 -5.4683416e-002
  5.4829272e-002 -5.4829272e-002
  5.4897654e-002 -5.4897654e-002
  5.5001477e-002 -5.5001477e-002
  5.5114095e-002 -5.5114095e-002
  5.5264543e-002 -5.5264543e-002
  5.5420491e-002 -5.5420491e-002
  5.5684999e-002 -5.5684999e-002
  5.5948970e-002 -5.5948970e-002
  5.6138041e-002 -5.6138041e-002
  5.6319795e-002 -5.6319795e-002
  5.6454815e-002 -5.6454815e-002
  5.6606162e-002 -5.6606162e-002
  5.6814612e-002 -5.6814612e-002
  5.7020275e-002 -5.7020275e-002
  5.7219506e-002 -5.7219506e-002
  5.7350750e-002 -5.7350750e-002
  5.7373832e-002 -5.7373832e-002
  5.7455972e-002 -5.7455972e-002
  5.7604841e-002 -5.7604841e-002
  5.7770552e-002 -5.7770552e-002
  5.7945941e-002 -5.7945941e-002
  5.8132653e-002 -5.8132653e-002
  5.8325830e-002 -5.8325830e-002
  5.8524470e-002 -5.8524470e-002
  5.8725233e-002 -5.8725233e-002
  5.8987282e-002 -5.8987282e-002
  5.9264306e-002 -5.9264306e-002
  5.9359971e-002 -5.9359971e-002
  5.9430032e-002 -5.9430032e-002
  5.9618373e-002 -5.9618373e-002
  5.9809429e-002 -5.9809429e-002
  5.9985662e-002 -5.9985662e-002
  6.0150133e-002 -6.0150133e-002
  6.0241024e-002 -6.0241024e-002
  6.0345434e-002 -6.0345434e-002
  6.0497400e-002 -6.0497400e-002
  6.0687002e-002 -6.0687002e-002
  6.0971377e-002 -6.0971377e-002
  6.1205916e-002 -6.1205916e-002
  6.1361989e-002 -6.1361989e-002
  6.1513606e-002 -6.1513606e-002
  6.1660237e-002 -6.1660237e-002
  6.1858714e-002 -6.1858714e-002
  6.2098673e-002 -6.2098673e-002
  6.2275987e-002 -6.2275987e-002
  6.2419619e-002 -6.2419619e-002
  6.2606598e-002 -6.2606598e-002
  6.2810217e-002 -6.2810217e-002
  6.2964591e-002 -6.2964591e-002
  6.3107121e-002 -6.3107121e-002
  6.3348602e-002 -6.3348602e-002
  6.3602355e-002 -6.3602355e-002
  6.3703582e-002 -6.3703582e-002
  6.3811048e-002 -6.3811048e-002
  6.4090424e-002 -6.4090424e-002
  6.4361761e-002 -6.4361761e-002
  6.4583832e-002 -6.4583832e-002
  6.4778743e-002 -6.4778743e-002
  6.4879474e-002 -6.4879474e-002
  6.4962446e-002 -6.4962446e-002
  6.5003318e-002 -6.5003318e-002
  6.5061104e-002 -6.5061104e-002
  6.5145245e-002 -6.5145245e-002
  6.5276124e-002 -6.5276124e-002
  6.5458778e-002 -6.5458778e-002
  6.5567266e-002 -6.5567266e-002
  6.5616999e-002 -6.5616999e-002
  6.5671605e-002 -6.5671605e-002
  6.5724536e-002 -6.5724536e-002
  6.5878525e-002 -6.5878525e-002
  6.6070835e-002 -6.6070835e-002
  6.6171481e-002 -6.6171481e-002
  6.6250430e-002 -6.6250430e-002
  6.6422844e-002 -6.6422844e-002
  6.6606559e-002 -6.6606559e-002
  6.6848299e-002 -6.6848299e-002
  6.7082358e-002 -6.7082358e-002
  6.7230234e-002 -6.7230234e-002
  6.7365670e-002 -6.7365670e-002
  6.7426409e-002 -6.7426409e-002
  6.7514585e-002 -6.7514585e-002
  6.7696568e-002 -6.7696568e-002
  6.7794492e-002 -6.7794492e-002
  6.7705163e-002 -6.7705163e-002
  6.7705666e-002 -6.7705666e-002
  6.7848628e-002 -6.7848628e-002
  6.8079718e-002 -6.8079718e-002
  6.8407471e-002 -6.8407471e-002
  6.8690385e-002 -6.8690385e-002
  6.8938130e-002 -6.8938130e-002
  6.9188015e-002 -6.9188015e-002
  6.9439083e-002 -6.9439083e-002
  6.9595169e-002 -6.9595169e-002
  6.9717330e-002 -6.9717330e-002
  6.9742842e-002 -6.9742842e-002
  6.9745840e-002 -6.9745840e-002
  6.9961666e-002 -6.9961666e-002
  7.0202566e-002 -7.0202566e-002
  7.0384524e-002 -7.0384524e-002
  7.0561622e-002 -7.0561622e-002
  7.0682284e-002 -7.0682284e-002
  7.0803109e-002 -7.0803109e-002
  7.0924902e-002 -7.0924902e-002
  7.1053098e-002 -7.1053098e-002
  7.1202890e-002 -7.1202890e-002
  7.1355600e-002 -7.1355600e-002
  7.1514740e-002 -7.1514740e-002
  7.1685411e-002 -7.1685411e-002
  7.1868823e-002 -7.1868823e-002
  7.2005415e-002 -7.2005415e-002
  7.2091160e-002 -7.2091160e-002
  7.2226046e-002 -7.2226046e-002
  7.2399085e-002 -7.2399085e-002
  7.2543256e-002 -7.2543256e-002
  7.2671637e-002 -7.2671637e-002
  7.2734618e-002 -7.2734618e-002
  7.2770401e-002 -7.2770401e-002
  7.3005120e-002 -7.3005120e-002
  7.3285436e-002 -7.3285436e-002
  7.3388413e-002 -7.3388413e-002
  7.3471041e-002 -7.3471041e-002
  7.3634345e-002 -7.3634345e-002
  7.3807465e-002 -7.3807465e-002
  7.4100512e-002 -7.4100512e-002
  7.4351475e-002 -7.4351475e-002
  7.4375594e-002 -7.4375594e-002
  7.4389238e-002 -7.4389238e-002
  7.4368057e-002 -7.4368057e-002
  7.4384039e-002 -7.4384039e-002
  7.4480926e-002 -7.4480926e-002
  7.4551819e-002 -7.4551819e-002
  7.4583445e-002 -7.4583445e-002
  7.4679046e-002 -7.4679046e-002
  7.4848672e-002 -7.4848672e-002
  7.4964899e-002 -7.4964899e-002
  7.5040076e-002 -7.5040076e-002
  7.5044475e-002 -7.5044475e-002
  7.5010581e-002 -7.5010581e-002
  7.5114269e-002 -7.5114269e-002
  7.5268210e-002 -7.5268210e-002
  7.5325584e-002 -7.5325584e-002
  7.5362021e-002 -7.5362021e-002
  7.5588917e-002 -7.5588917e-002
  7.5837086e-002 -7.5837086e-002
  7.5958726e-002 -7.5958726e-002
  7.6075761e-002 -7.6075761e-002
  7.6158765e-002 -7.6158765e-002
  7.6234352e-002 -7.6234352e-002
  7.6263783e-002 -7.6263783e-002
  7.6317841e-002 -7.6317841e-002
  7.6452651e-002 -7.6452651e-002
  7.6607863e-002 -7.6607863e-002
  7.6806980e-002 -7.6806980e-002
  7.6970852e-002 -7.6970852e-002
  7.7082025e-002 -7.7082025e-002
  7.7206843e-002 -7.7206843e-002
  7.7342487e-002 -7.7342487e-002
  7.7450235e-002 -7.7450235e-002
  7.7536754e-002 -7.7536754e-002
  7.7650638e-002 -7.7650638e-002
  7.7779167e-002 -7.7779167e-002
  7.7937351e-002 -7.7937351e-002
  7.8106229e-002 -7.8106229e-002
  7.8273158e-002 -7.8273158e-002
  7.8435487e-002 -7.8435487e-002
  7.8510341e-002 -7.8510341e-002
  7.8575690e-002 -7.8575690e-002
  7.8625826e-002 -7.8625826e-002
  7.8676034e-002 -7.8676034e-002
  7.8730230e-002 -7.8730230e-002
  7.8789878e-002 -7.8789878e-002
  7.8879798e-002 -7.8879798e-002
  7.8968969e-002 -7.8968969e-002
  7.9072189e-002 -7.9072189e-002
  7.9196751e-002 -7.9196751e-002
  7.9366729e-002 -7.9366729e-002
  7.9452489e-002 -7.9452489e-002
  7.9413613e-002 -7.9413613e-002
  7.9433083e-002 -7.9433083e-002
  7.9514069e-002 -7.9514069e-002
  7.9636961e-002 -7.9636961e-002
  7.9793170e-002 -7.9793170e-002
  7.9907975e-002 -7.9907975e-002
  8.0000862e-002 -8.0000862e-002
  7.9995652e-002 -7.9995652e-002
  7.9955508e-002 -7.9955508e-002
  7.9991459e-002 -7.9991459e-002
  8.0044008e-002 -8.0044008e-002
  8.0180136e-002 -8.0180136e-002
  8.0325753e-002 -8.0325753e-002
  8.0432663e-002 -8.0432663e-002
  8.0534890e-002 -8.0534890e-002
  8.0582429e-002 -8.0582429e-002
  8.0633256e-002 -8.0633256e-002
  8.0701998e-002 -8.0701998e-002
  8.0763161e-002 -8.0763161e-002
  8.0795506e-002 -8.0795506e-002
  8.0857868e-002 -8.0857868e-002
  8.0983380e-002 -8.0983380e-002
  8.1097401e-002 -8.1097401e-002
  8.1194585e-002 -8.1194585e-002
  8.1301547e-002 -8.1301547e-002
  8.1418715e-002 -8.1418715e-002
  8.1514239e-002 -8.1514239e-002
  8.1590146e-002 -8.1590146e-002
  8.1649950e-002 -8.1649950e-002
  8.1701322e-002 -8.1701322e-002
  8.1758197e-002 -8.1758197e-002
  8.1817008e-002 -8.1817008e-002
  8.2017866e-002 -8.2017866e-002
  8.2249191e-002 -8.2249191e-002
  8.2318482e-002 -8.2318482e-002
  8.2366055e-002 -8.2366055e-002
  8.2414537e-002 -8.2414537e-002
  8.2463357e-002 -8.2463357e-002
  8.2516316e-002 -8.2516316e-002
  8.2570122e-002 -8.2570122e-002
  8.2628464e-002 -8.2628464e-002
  8.2728037e-002 -8.2728037e-002
  8.2957399e-002 -8.2957399e-002
  8.3153428e-002 -8.3153428e-002
  8.3290221e-002 -8.3290221e-002
  8.3364563e-002 -8.3364563e-002
  8.3348353e-002 -8.3348353e-002
  8.3378177e-002 -8.3378177e-002
  8.3455585e-002 -8.3455585e-002
  8.3584074e-002 -8.3584074e-002
  8.3750279e-002 -8.3750279e-002
  8.3777792e-002 -8.3777792e-002
  8.3736706e-002 -8.3736706e-002
  8.3842076e-002 -8.3842076e-002
  8.3998283e-002 -8.3998283e-002
  8.3892652e-002 -8.3892652e-002
  8.3731815e-002 -8.3731815e-002
  8.3788143e-002 -8.3788143e-002
  8.3866105e-002 -8.3866105e-002
  8.3929655e-002 -8.3929655e-002
  8.3994519e-002 -8.3994519e-002
  8.4076111e-002 -8.4076111e-002
  8.4146791e-002 -8.4146791e-002
  8.4160189e-002 -8.4160189e-002
  8.4165524e-002 -8.4165524e-002
  8.4145814e-002 -8.4145814e-002
  8.4145811e-002 -8.4145811e-002
  8.4181024e-002 -8.4181024e-002
  8.4192988e-002 -8.4192988e-002
  8.4171585e-002 -8.4171585e-002
  8.4213475e-002 -8.4213475e-002
  8.4320148e-002 -8.4320148e-002
  8.4381927e-002 -8.4381927e-002
  8.4410890e-002 -8.4410890e-002
  8.4449191e-002 -8.4449191e-002
  8.4486487e-002 -8.4486487e-002
  8.4557508e-002 -8.4557508e-002
  8.4640086e-002 -8.4640086e-002
  8.4651145e-002 -8.4651145e-002
  8.4647384e-002 -8.4647384e-002
  8.4725506e-002 -8.4725506e-002
  8.4811542e-002 -8.4811542e-002
  8.4856079e-002 -8.4856079e-002
  8.4884273e-002 -8.4884273e-002
  8.4786132e-002 -8.4786132e-002
  8.4707783e-002 -8.4707783e-002
  8.4731451e-002 -8.4731451e-002
  8.4824572e-002 -8.4824572e-002
  8.5130535e-002 -8.5130535e-002
  8.5395174e-002 -8.5395174e-002
  8.5575755e-002 -8.5575755e-002
  8.5700624e-002 -8.5700624e-002
  8.5755558e-002 -8.5755558e-002
  8.5804179e-002 -8.5804179e-002
  8.5846403e-002 -8.5846403e-002
  8.5838072e-002 -8.5838072e-002
  8.5793161e-002 -8.5793161e-002
  8.5823105e-002 -8.5823105e-002
  8.5890972e-002 -8.5890972e-002
  8.5877181e-002 -8.5877181e-002
  8.5837965e-002 -8.5837965e-002
  8.5803360e-002 -8.5803360e-002
  8.5769695e-002 -8.5769695e-002
  8.5857333e-002 -8.5857333e-002
  8.5956334e-002 -8.5956334e-002
  8.6046826e-002 -8.6046826e-002
  8.6119818e-002 -8.6119818e-002
  8.5988626e-002 -8.5988626e-002
  8.5887375e-002 -8.5887375e-002
  8.5937689e-002 -8.5937689e-002
  8.5971390e-002 -8.5971390e-002
  8.5954856e-002 -8.5954856e-002
  8.6000819e-002 -8.6000819e-002
  8.6172507e-002 -8.6172507e-002
  8.6302837e-002 -8.6302837e-002
  8.6368524e-002 -8.6368524e-002
  8.6360885e-002 -8.6360885e-002
  8.6279675e-002 -8.6279675e-002
  8.6250956e-002 -8.6250956e-002
  8.6259853e-002 -8.6259853e-002
  8.6375206e-002 -8.6375206e-002
  8.6543917e-002 -8.6543917e-002
  8.6533531e-002 -8.6533531e-002
  8.6457584e-002 -8.6457584e-002
  8.6402674e-002 -8.6402674e-002
  8.6351975e-002 -8.6351975e-002
  8.6359993e-002 -8.6359993e-002
  8.6373346e-002 -8.6373346e-002
  8.6373411e-002 -8.6373411e-002
  8.6376977e-002 -8.6376977e-002
  8.6418792e-002 -8.6418792e-002
  8.6457388e-002 -8.6457388e-002
  8.6516821e-002 -8.6516821e-002
  8.6553636e-002 -8.6553636e-002
  8.6522944e-002 -8.6522944e-002
  8.6528922e-002 -8.6528922e-002
  8.6607856e-002 -8.6607856e-002
  8.6715940e-002 -8.6715940e-002
  8.6864606e-002 -8.6864606e-002
  8.6975193e-002 -8.6975193e-002
  8.7056467e-002 -8.7056467e-002
  8.7151891e-002 -8.7151891e-002
  8.7257339e-002 -8.7257339e-002
  8.7300301e-002 -8.7300301e-002
  8.7312285e-002 -8.7312285e-002
  8.7357274e-002 -8.7357274e-002
  8.7413122e-002 -8.7413122e-002
  8.7509452e-002 -8.7509452e-002
  8.7615273e-002 -8.7615273e-002
  8.7686383e-002 -8.7686383e-002
  8.7754295e-002 -8.7754295e-002
  8.7772884e-002 -8.7772884e-002
  8.7799294e-002 -8.7799294e-002
  8.7908579e-002 -8.7908579e-002
  8.8017263e-002 -8.8017263e-002
  8.8115665e-002 -8.8115665e-002
  8.8186334e-002 -8.8186334e-002
  8.8175303e-002 -8.8175303e-002
  8.8200938e-002 -8.8200938e-002
  8.8298707e-002 -8.8298707e-002
  8.8305056e-002 -8.8305056e-002
  8.8185410e-002 -8.8185410e-002
  8.8065188e-002 -8.8065188e-002
  8.7934900e-002 -8.7934900e-002
  8.7761253e-002 -8.7761253e-002
  8.7557166e-002 -8.7557166e-002
  8.7507004e-002 -8.7507004e-002
  8.7532259e-002 -8.7532259e-002
  8.7525105e-002 -8.7525105e-002
  8.7507412e-002 -8.7507412e-002
  8.7490350e-002 -8.7490350e-002
  8.7464391e-002 -8.7464391e-002
  8.7500643e-002 -8.7500643e-002
  8.7541442e-002 -8.7541442e-002
  8.7443962e-002 -8.7443962e-002
  8.7346418e-002 -8.7346418e-002
  8.7248224e-002 -8.7248224e-002
  8.7191334e-002 -8.7191334e-002
  8.7332778e-002 -8.7332778e-002
  8.7440492e-002 -8.7440492e-002
  8.7475713e-002 -8.7475713e-002
  8.7455695e-002 -8.7455695e-002
  8.7328148e-002 -8.7328148e-002
  8.7207672e-002 -8.7207672e-002
  8.7096853e-002 -8.7096853e-002
  8.7007504e-002 -8.7007504e-002
  8.6939082e-002 -8.6939082e-002
  8.6920691e-002 -8.6920691e-002
  8.6944282e-002 -8.6944282e-002
  8.6967940e-002 -8.6967940e-002
  8.6991627e-002 -8.6991627e-002
  8.6977630e-002 -8.6977630e-002
  8.6951558e-002 -8.6951558e-002
  8.6935425e-002 -8.6935425e-002
  8.6921166e-002 -8.6921166e-002
  8.6938088e-002 -8.6938088e-002
  8.6958466e-002 -8.6958466e-002
  8.6999261e-002 -8.6999261e-002
  8.7038422e-002 -8.7038422e-002
  8.7061302e-002 -8.7061302e-002
  8.7051151e-002 -8.7051151e-002
  8.6885054e-002 -8.6885054e-002
  8.6731228e-002 -8.6731228e-002
  8.6602665e-002 -8.6602665e-002
  8.6484434e-002 -8.6484434e-002
  8.6386060e-002 -8.6386060e-002
  8.6284230e-002 -8.6284230e-002
  8.6177710e-002 -8.6177710e-002
  8.6075493e-002 -8.6075493e-002
  8.5977408e-002 -8.5977408e-002
  8.5882251e-002 -8.5882251e-002
  8.5777060e-002 -8.5777060e-002
  8.5658861e-002 -8.5658861e-002
  8.5534446e-002 -8.5534446e-002
  8.5302292e-002 -8.5302292e-002
  8.5036041e-002 -8.5036041e-002
  8.4956751e-002 -8.4956751e-002
  8.4912256e-002 -8.4912256e-002
  8.4795201e-002 -8.4795201e-002
  8.4661597e-002 -8.4661597e-002
  8.4512572e-002 -8.4512572e-002
  8.4362807e-002 -8.4362807e-002
  8.4205881e-002 -8.4205881e-002
  8.4056559e-002 -8.4056559e-002
  8.3942524e-002 -8.3942524e-002
  8.3825235e-002 -8.3825235e-002
  8.3698725e-002 -8.3698725e-002
  8.3626545e-002 -8.3626545e-002
  8.3676772e-002 -8.3676772e-002
  8.3693164e-002 -8.3693164e-002
  8.3664310e-002 -8.3664310e-002
  8.3635450e-002 -8.3635450e-002
  8.3606563e-002 -8.3606563e-002
  8.3511913e-002 -8.3511913e-002
  8.3372482e-002 -8.3372482e-002
  8.3259363e-002 -8.3259363e-002
  8.3164295e-002 -8.3164295e-002
  8.3144398e-002 -8.3144398e-002
  8.3147971e-002 -8.3147971e-002
  8.2960945e-002 -8.2960945e-002
  8.2739117e-002 -8.2739117e-002
  8.2702687e-002 -8.2702687e-002
  8.2678599e-002 -8.2678599e-002
  8.2505366e-002 -8.2505366e-002
  8.2334304e-002 -8.2334304e-002
  8.2183635e-002 -8.2183635e-002
  8.2055707e-002 -8.2055707e-002
  8.2031543e-002 -8.2031543e-002
  8.1952213e-002 -8.1952213e-002
  8.1718528e-002 -8.1718528e-002
  8.1525267e-002 -8.1525267e-002
  8.1396329e-002 -8.1396329e-002
  8.1233612e-002 -8.1233612e-002
  8.1026184e-002 -8.1026184e-002
  8.0801913e-002 -8.0801913e-002
  8.0561708e-002 -8.0561708e-002
  8.0328636e-002 -8.0328636e-002
  8.0100370e-002 -8.0100370e-002
  7.9897485e-002 -7.9897485e-002
  7.9697925e-002 -7.9697925e-002
  7.9677948e-002 -7.9677948e-002
  7.9713279e-002 -7.9713279e-002
  7.9622340e-002 -7.9622340e-002
  7.9508779e-002 -7.9508779e-002
  7.9514867e-002 -7.9514867e-002
  7.9527035e-002 -7.9527035e-002
  7.9417776e-002 -7.9417776e-002
  7.9299952e-002 -7.9299952e-002
  7.9182128e-002 -7.9182128e-002
  7.9064304e-002 -7.9064304e-002
  7.8946480e-002 -7.8946480e-002
  7.8828656e-002 -7.8828656e-002
  7.8710832e-002 -7.8710832e-002
  7.8593008e-002 -7.8593008e-002
  7.8475183e-002 -7.8475183e-002
  7.8350183e-002 -7.8350183e-002
  7.8225183e-002 -7.8225183e-002
  7.8100183e-002 -7.8100183e-002
  7.7975183e-002 -7.7975183e-002
  7.7850183e-002 -7.7850183e-002
  7.7725183e-002 -7.7725183e-002
  7.7600183e-002 -7.7600183e-002
  7.7475183e-002 -7.7475183e-002
  7.7344396e-002 -7.7344396e-002
  7.7213609e-002 -7.7213609e-002
  7.7082822e-002 -7.7082822e-002
  7.6952035e-002 -7.6952035e-002
  7.6821248e-002 -7.6821248e-002
  7.6690461e-002 -7.6690461e-002
  7.6559674e-002 -7.6559674e-002
  7.6428887e-002 -7.6428887e-002
  7.6296480e-002 -7.6296480e-002
  7.6164072e-002 -7.6164072e-002
  7.6031665e-002 -7.6031665e-002
  7.5899258e-002 -7.5899258e-002
  7.5766850e-002 -7.5766850e-002
  7.5634443e-002 -7.5634443e-002
  7.5502035e-002 -7.5502035e-002
  7.5436269e-002 -7.5436269e-002
  7.5370503e-002 -7.5370503e-002
  7.5304738e-002 -7.5304738e-002
  7.5238972e-002 -7.5238972e-002
  7.5173206e-002 -7.5173206e-002
  7.5107440e-002 -7.5107440e-002
  7.5041675e-002 -7.5041675e-002
  7.4975909e-002 -7.4975909e-002
  7.4910143e-002 -7.4910143e-002
  7.4844377e-002 -7.4844377e-002
  7.4778612e-002 -7.4778612e-002
  7.4712846e-002 -7.4712846e-002
  7.4647080e-002 -7.4647080e-002
  7.4581314e-002 -7.4581314e-002
  7.4515548e-002 -7.4515548e-002
  7.4449783e-002 -7.4449783e-002
  7.4384017e-002 -7.4384017e-002
  7.4318251e-002 -7.4318251e-002
  7.4252485e-002 -7.4252485e-002
  7.4186720e-002 -7.4186720e-002
  7.4120954e-002 -7.4120954e-002
  7.4055188e-002 -7.4055188e-002
  7.3989422e-002 -7.3989422e-002
  7.3923657e-002 -7.3923657e-002
  7.3857891e-002 -7.3857891e-002
  7.3792125e-002 -7.3792125e-002
  7.3726359e-002 -7.3726359e-002
  7.3660593e-002 -7.3660593e-002
  7.3594828e-002 -7.3594828e-002
  7.3529062e-002 -7.3529062e-002
  7.3463296e-002 -7.3463296e-002
  7.3397530e-002 -7.3397530e-002
  7.3331765e-002 -7.3331765e-002
  7.3265999e-002 -7.3265999e-002
  7.3200233e-002 -7.3200233e-002
  7.3134467e-002 -7.3134467e-002
  7.3068702e-002 -7.3068702e-002
  7.3002936e-002 -7.3002936e-002
  7.2937170e-002 -7.2937170e-002
  7.2871404e-002 -7.2871404e-002
  7.2805638e-002 -7.2805638e-002
  7.2739873e-002 -7.2739873e-002
  7.2674107e-002 -7.2674107e-002
  7.2608341e-002 -7.2608341e-002
  7.2542575e-002 -7.2542575e-002
  7.2476810e-002 -7.2476810e-002
  7.2411044e-002 -7.2411044e-002
  7.2345278e-002 -7.2345278e-002
  7.2279512e-002 -7.2279512e-002
  7.2213746e-002 -7.2213746e-002
  7.2147981e-002 -7.2147981e-002
  7.2082215e-002 -7.2082215e-002
  7.2016449e-002 -7.2016449e-002
  7.1950683e-002 -7.1950683e-002
  7.1884918e-002 -7.1884918e-002
  7.1819152e-002 -7.1819152e-002
  7.1753386e-002 -7.1753386e-002
  7.1687620e-002 -7.1687620e-002
  7.1621855e-002 -7.1621855e-002
  7.1556089e-002 -7.1556089e-002
  7.1490323e-002 -7.1490323e-002
  7.1424557e-002 -7.1424557e-002
  7.1358791e-002 -7.1358791e-002
  7.1293026e-002 -7.1293026e-002
  7.1227260e-002 -7.1227260e-002
  7.1161494e-002 -7.1161494e-002
  7.1095728e-002 -7.1095728e-002
  7.1029963e-002 -7.1029963e-002
  7.0964197e-002 -7.0964197e-002
  7.0898431e-002 -7.0898431e-002
  7.0832665e-002 -7.0832665e-002
  7.0766900e-002 -7.0766900e-002
  7.0701134e-002 -7.0701134e-002
