 -0.0000000e+000  0.0000000e+000
 -0.0000000e+000  0.0000000e+000
 -0.0000000e+000  0.0000000e+000
 -0.0000000e+000  0.0000000e+000
 -0.0000000e+000  0.0000000e+000
 -0.0000000e+000  0.0000000e+000
 -0.0000000e+000  0.0000000e+000
 -0.0000000e+000  0.0000000e+000
 -0.0000000e+000  0.0000000e+000
 -0.0000000e+000  0.0000000e+000
 -0.0000000e+000  0.0000000e+000
 -0.0000000e+000  0.0000000e+000
 -0.0000000e+000  0.0000000e+000
 -0.0000000e+000  0.0000000e+000
 -0.0000000e+000  0.0000000e+000
 -0.0000000e+000  0.0000000e+000
 -0.0000000e+000  0.0000000e+000
 -0.0000000e+000  0.0000000e+000
 -0.0000000e+000  0.0000000e+000
 -0.0000000e+000  0.0000000e+000
 -0.0000000e+000  0.0000000e+000
 -0.0000000e+000  0.0000000e+000
 -0.0000000e+000  0.0000000e+000
 -0.0000000e+000  0.0000000e+000
 -0.0000000e+000  0.0000000e+000
 -0.0000000e+000  0.0000000e+000
 -0.0000000e+000  0.0000000e+000
 -0.0000000e+000  0.0000000e+000
 -0.0000000e+000  0.0000000e+000
 -0.0000000e+000  0.0000000e+000
 -0.0000000e+000  0.0000000e+000
 -0.0000000e+000  0.0000000e+000
 -0.0000000e+000  0.0000000e+000
 -0.0000000e+000  0.0000000e+000
 -0.0000000e+000  0.0000000e+000
 -0.0000000e+000  0.0000000e+000
 -0.0000000e+000  0.0000000e+000
 -0.0000000e+000  0.0000000e+000
 -0.0000000e+000  0.0000000e+000
 -0.0000000e+000  0.0000000e+000
 -0.0000000e+000  0.0000000e+000
 -0.0000000e+000  0.0000000e+000
 -0.0000000e+000  0.0000000e+000
 -0.0000000e+000  0.0000000e+000
 -0.0000000e+000  0.0000000e+000
 -0.0000000e+000  0.0000000e+000
 -0.0000000e+000  0.0000000e+000
 -0.0000000e+000  0.0000000e+000
 -0.0000000e+000  0.0000000e+000
 -0.0000000e+000  0.0000000e+000
 -0.0000000e+000  0.0000000e+000
 -0.0000000e+000  0.0000000e+000
 -0.0000000e+000  0.0000000e+000
 -0.0000000e+000  0.0000000e+000
 -0.0000000e+000  0.0000000e+000
 -0.0000000e+000  0.0000000e+000
 -0.0000000e+000  0.0000000e+000
 -0.0000000e+000  0.0000000e+000
 -0.0000000e+000  0.0000000e+000
 -0.0000000e+000  0.0000000e+000
 -0.0000000e+000  0.0000000e+000
 -0.0000000e+000  0.0000000e+000
 -0.0000000e+000  0.0000000e+000
 -0.0000000e+000  0.0000000e+000
 -0.0000000e+000  0.0000000e+000
 -0.0000000e+000  0.0000000e+000
 -0.0000000e+000  0.0000000e+000
 -0.0000000e+000  0.0000000e+000
 -0.0000000e+000  0.0000000e+000
 -0.0000000e+000  0.0000000e+000
 -0.0000000e+000  0.0000000e+000
 -0.0000000e+000  0.0000000e+000
 -0.0000000e+000  0.0000000e+000
 -0.0000000e+000  0.0000000e+000
 -0.0000000e+000  0.0000000e+000
 -0.0000000e+000  0.0000000e+000
 -0.0000000e+000  0.0000000e+000
 -0.0000000e+000  0.0000000e+000
 -0.0000000e+000  0.0000000e+000
 -0.0000000e+000  0.0000000e+000
 -0.0000000e+000  0.0000000e+000
 -0.0000000e+000  0.0000000e+000
 -0.0000000e+000  0.0000000e+000
 -0.0000000e+000  0.0000000e+000
 -0.0000000e+000  0.0000000e+000
 -0.0000000e+000  0.0000000e+000
 -0.0000000e+000  0.0000000e+000
 -0.0000000e+000  0.0000000e+000
 -0.0000000e+000  0.0000000e+000
 -0.0000000e+000  0.0000000e+000
 -0.0000000e+000  0.0000000e+000
 -0.0000000e+000  0.0000000e+000
 -0.0000000e+000  0.0000000e+000
 -0.0000000e+000  0.0000000e+000
 -0.0000000e+000  0.0000000e+000
 -0.0000000e+000  0.0000000e+000
 -3.9622662e-006  3.9622662e-006
 -2.6354673e-005  2.6354673e-005
 -5.6923753e-005  5.6923753e-005
 -1.1070625e-004  1.1070625e-004
 -1.5701912e-004  1.5701912e-004
 -1.8908917e-004  1.8908917e-004
 -2.1887286e-004  2.1887286e-004
 -2.4559553e-004  2.4559553e-004
 -2.2478119e-004  2.2478119e-004
 -1.5849513e-004  1.5849513e-004
 -1.9947870e-004  1.9947870e-004
 -3.1358642e-004  3.1358642e-004
 -3.4233166e-004  3.4233166e-004
 -3.3056952e-004  3.3056952e-004
 -3.5353877e-004  3.5353877e-004
 -3.8737267e-004  3.8737267e-004
 -4.2660026e-004  4.2660026e-004
 -4.6681528e-004  4.6681528e-004
 -4.1167941e-004  4.1167941e-004
 -3.5015217e-004  3.5015217e-004
 -3.6214880e-004  3.6214880e-004
 -3.7978286e-004  3.7978286e-004
 -4.5057920e-004  4.5057920e-004
 -5.0128819e-004  5.0128819e-004
 -4.6012369e-004  4.6012369e-004
 -4.4363959e-004  4.4363959e-004
 -4.9633371e-004  4.9633371e-004
 -5.4070101e-004  5.4070101e-004
 -5.6936332e-004  5.6936332e-004
 -6.3803271e-004  6.3803271e-004
 -7.5972802e-004  7.5972802e-004
 -8.7417861e-004  8.7417861e-004
 -9.8176734e-004  9.8176734e-004
 -1.1660296e-003  1.1660296e-003
 -1.4020262e-003  1.4020262e-003
 -1.5163154e-003  1.5163154e-003
 -1.5735009e-003  1.5735009e-003
 -1.6852840e-003  1.6852840e-003
 -1.8139148e-003  1.8139148e-003
 -1.8620445e-003  1.8620445e-003
 -1.8957139e-003  1.8957139e-003
 -2.0489460e-003  2.0489460e-003
 -2.2093832e-003  2.2093832e-003
 -2.2620318e-003  2.2620318e-003
 -2.3259733e-003  2.3259733e-003
 -2.4934530e-003  2.4934530e-003
 -2.6120163e-003  2.6120163e-003
 -2.5105485e-003  2.5105485e-003
 -2.4481247e-003  2.4481247e-003
 -2.4937595e-003  2.4937595e-003
 -2.4942979e-003  2.4942979e-003
 -2.4107014e-003  2.4107014e-003
 -2.3635849e-003  2.3635849e-003
 -2.3643357e-003  2.3643357e-003
 -2.3813054e-003  2.3813054e-003
 -2.4134858e-003  2.4134858e-003
 -2.4235159e-003  2.4235159e-003
 -2.4187529e-003  2.4187529e-003
 -2.4485027e-003  2.4485027e-003
 -2.4942624e-003  2.4942624e-003
 -2.5502438e-003  2.5502438e-003
 -2.6093363e-003  2.6093363e-003
 -2.6603039e-003  2.6603039e-003
 -2.7098399e-003  2.7098399e-003
 -2.7881123e-003  2.7881123e-003
 -2.8688104e-003  2.8688104e-003
 -2.9714885e-003  2.9714885e-003
 -3.0617747e-003  3.0617747e-003
 -3.0415301e-003  3.0415301e-003
 -3.0375408e-003  3.0375408e-003
 -3.1054728e-003  3.1054728e-003
 -3.1895482e-003  3.1895482e-003
 -3.3177421e-003  3.3177421e-003
 -3.3999525e-003  3.3999525e-003
 -3.3972980e-003  3.3972980e-003
 -3.4715869e-003  3.4715869e-003
 -3.6458277e-003  3.6458277e-003
 -3.7312540e-003  3.7312540e-003
 -3.7342050e-003  3.7342050e-003
 -3.6723867e-003  3.6723867e-003
 -3.5677551e-003  3.5677551e-003
 -3.5885680e-003  3.5885680e-003
 -3.6669117e-003  3.6669117e-003
 -3.7629961e-003  3.7629961e-003
 -3.8644060e-003  3.8644060e-003
 -3.8967624e-003  3.8967624e-003
 -3.9171863e-003  3.9171863e-003
 -3.9232520e-003  3.9232520e-003
 -3.9259845e-003  3.9259845e-003
 -3.8117786e-003  3.8117786e-003
 -3.7290380e-003  3.7290380e-003
 -3.9195018e-003  3.9195018e-003
 -4.0625304e-003  4.0625304e-003
 -3.9990797e-003  3.9990797e-003
 -3.9614820e-003  3.9614820e-003
 -3.9936571e-003  3.9936571e-003
 -4.0087295e-003  4.0087295e-003
 -3.9925770e-003  3.9925770e-003
 -3.9415637e-003  3.9415637e-003
 -3.8457169e-003  3.8457169e-003
 -3.7356986e-003  3.7356986e-003
 -3.6126495e-003  3.6126495e-003
 -3.5582452e-003  3.5582452e-003
 -3.5487502e-003  3.5487502e-003
 -3.5638850e-003  3.5638850e-003
 -3.5901864e-003  3.5901864e-003
 -3.5567954e-003  3.5567954e-003
 -3.5057337e-003  3.5057337e-003
 -3.4616764e-003  3.4616764e-003
 -3.4188058e-003  3.4188058e-003
 -3.2348785e-003  3.2348785e-003
 -3.0434706e-003  3.0434706e-003
 -2.9285170e-003  2.9285170e-003
 -2.8190463e-003  2.8190463e-003
 -2.7559423e-003  2.7559423e-003
 -2.6820163e-003  2.6820163e-003
 -2.5617393e-003  2.5617393e-003
 -2.4236702e-003  2.4236702e-003
 -2.2381781e-003  2.2381781e-003
 -2.0718756e-003  2.0718756e-003
 -1.9402319e-003  1.9402319e-003
 -1.8314704e-003  1.8314704e-003
 -1.7518435e-003  1.7518435e-003
 -1.6545739e-003  1.6545739e-003
 -1.5412416e-003  1.5412416e-003
 -1.4876304e-003  1.4876304e-003
 -1.4726890e-003  1.4726890e-003
 -1.3134132e-003  1.3134132e-003
 -1.0894479e-003  1.0894479e-003
 -9.7018003e-004  9.7018003e-004
 -8.8147294e-004  8.8147294e-004
 -6.8011872e-004  6.8011872e-004
 -4.6005920e-004  4.6005920e-004
 -4.0789417e-004  4.0789417e-004
 -3.6381459e-004  3.6381459e-004
 -2.2422393e-004  2.2422393e-004
 -7.9239945e-005  7.9239945e-005
  1.1019143e-004 -1.1019143e-004
  3.1358562e-004 -3.1358562e-004
  5.7583466e-004 -5.7583466e-004
  7.7268493e-004 -7.7268493e-004
  7.9737016e-004 -7.9737016e-004
  8.5289567e-004 -8.5289567e-004
  9.6352810e-004 -9.6352810e-004
  1.1399236e-003 -1.1399236e-003
  1.3992177e-003 -1.3992177e-003
  1.6239253e-003 -1.6239253e-003
  1.8174539e-003 -1.8174539e-003
  2.0640289e-003 -2.0640289e-003
  2.3445980e-003 -2.3445980e-003
  2.6395885e-003 -2.6395885e-003
  2.9409682e-003 -2.9409682e-003
  3.3687485e-003 -3.3687485e-003
  3.8329060e-003 -3.8329060e-003
  4.0692377e-003 -4.0692377e-003
  4.2685004e-003 -4.2685004e-003
  4.5861244e-003 -4.5861244e-003
  4.9119323e-003 -4.9119323e-003
  5.2775109e-003 -5.2775109e-003
  5.6403103e-003 -5.6403103e-003
  5.9807787e-003 -5.9807787e-003
  6.3161331e-003 -6.3161331e-003
  6.6302701e-003 -6.6302701e-003
  6.9069155e-003 -6.9069155e-003
  7.0860728e-003 -7.0860728e-003
  7.2717946e-003 -7.2717946e-003
  7.4691213e-003 -7.4691213e-003
  7.6380132e-003 -7.6380132e-003
  7.7714177e-003 -7.7714177e-003
  7.9330092e-003 -7.9330092e-003
  8.1197607e-003 -8.1197607e-003
  8.4318790e-003 -8.4318790e-003
  8.8235077e-003 -8.8235077e-003
  9.1597541e-003 -9.1597541e-003
  9.4717478e-003 -9.4717478e-003
  9.7327678e-003 -9.7327678e-003
  9.9793258e-003 -9.9793258e-003
  1.0137492e-002 -1.0137492e-002
  1.0281569e-002 -1.0281569e-002
  1.0609574e-002 -1.0609574e-002
  1.0949168e-002 -1.0949168e-002
  1.1324964e-002 -1.1324964e-002
  1.1704217e-002 -1.1704217e-002
  1.2110572e-002 -1.2110572e-002
  1.2488283e-002 -1.2488283e-002
  1.2749003e-002 -1.2749003e-002
  1.3027371e-002 -1.3027371e-002
  1.3351073e-002 -1.3351073e-002
  1.3683342e-002 -1.3683342e-002
  1.4030596e-002 -1.4030596e-002
  1.4420705e-002 -1.4420705e-002
  1.4863768e-002 -1.4863768e-002
  1.5241149e-002 -1.5241149e-002
  1.5560480e-002 -1.5560480e-002
  1.5814925e-002 -1.5814925e-002
  1.6028644e-002 -1.6028644e-002
  1.6316178e-002 -1.6316178e-002
  1.6635661e-002 -1.6635661e-002
  1.6783745e-002 -1.6783745e-002
  1.6883895e-002 -1.6883895e-002
  1.7206597e-002 -1.7206597e-002
  1.7564033e-002 -1.7564033e-002
  1.7694125e-002 -1.7694125e-002
  1.7815297e-002 -1.7815297e-002
  1.8039553e-002 -1.8039553e-002
  1.8270204e-002 -1.8270204e-002
  1.8549784e-002 -1.8549784e-002
  1.8825751e-002 -1.8825751e-002
  1.9287186e-002 -1.9287186e-002
  1.9694873e-002 -1.9694873e-002
  1.9966180e-002 -1.9966180e-002
  2.0246022e-002 -2.0246022e-002
  2.0540633e-002 -2.0540633e-002
  2.0789003e-002 -2.0789003e-002
  2.0980804e-002 -2.0980804e-002
  2.1155524e-002 -2.1155524e-002
  2.1452796e-002 -2.1452796e-002
  2.1728590e-002 -2.1728590e-002
  2.1991043e-002 -2.1991043e-002
  2.2223688e-002 -2.2223688e-002
  2.2443581e-002 -2.2443581e-002
  2.2730944e-002 -2.2730944e-002
  2.3036904e-002 -2.3036904e-002
  2.3397595e-002 -2.3397595e-002
  2.3766648e-002 -2.3766648e-002
  2.3987965e-002 -2.3987965e-002
  2.4197767e-002 -2.4197767e-002
  2.4298477e-002 -2.4298477e-002
  2.4407798e-002 -2.4407798e-002
  2.4581435e-002 -2.4581435e-002
  2.4742396e-002 -2.4742396e-002
  2.4853159e-002 -2.4853159e-002
  2.5014969e-002 -2.5014969e-002
  2.5336080e-002 -2.5336080e-002
  2.5628983e-002 -2.5628983e-002
  2.5873590e-002 -2.5873590e-002
  2.6122265e-002 -2.6122265e-002
  2.6375867e-002 -2.6375867e-002
  2.6679405e-002 -2.6679405e-002
  2.7026211e-002 -2.7026211e-002
  2.7328391e-002 -2.7328391e-002
  2.7610824e-002 -2.7610824e-002
  2.7917444e-002 -2.7917444e-002
  2.8234288e-002 -2.8234288e-002
  2.8500598e-002 -2.8500598e-002
  2.8753181e-002 -2.8753181e-002
  2.9068972e-002 -2.9068972e-002
  2.9394212e-002 -2.9394212e-002
  2.9749701e-002 -2.9749701e-002
  3.0101465e-002 -3.0101465e-002
  3.0317911e-002 -3.0317911e-002
  3.0535892e-002 -3.0535892e-002
  3.0765065e-002 -3.0765065e-002
  3.0974394e-002 -3.0974394e-002
  3.1106332e-002 -3.1106332e-002
  3.1331988e-002 -3.1331988e-002
  3.1789760e-002 -3.1789760e-002
  3.2154690e-002 -3.2154690e-002
  3.2362329e-002 -3.2362329e-002
  3.2588121e-002 -3.2588121e-002
  3.2835684e-002 -3.2835684e-002
  3.3089079e-002 -3.3089079e-002
  3.3347477e-002 -3.3347477e-002
  3.3752186e-002 -3.3752186e-002
  3.4233395e-002 -3.4233395e-002
  3.4562643e-002 -3.4562643e-002
  3.4828402e-002 -3.4828402e-002
  3.5110150e-002 -3.5110150e-002
  3.5396177e-002 -3.5396177e-002
  3.5558414e-002 -3.5558414e-002
  3.5702544e-002 -3.5702544e-002
  3.5874630e-002 -3.5874630e-002
  3.6042324e-002 -3.6042324e-002
  3.6375929e-002 -3.6375929e-002
  3.6690219e-002 -3.6690219e-002
  3.6866801e-002 -3.6866801e-002
  3.7057912e-002 -3.7057912e-002
  3.7304832e-002 -3.7304832e-002
  3.7541218e-002 -3.7541218e-002
  3.7751823e-002 -3.7751823e-002
  3.7986577e-002 -3.7986577e-002
  3.8240858e-002 -3.8240858e-002
  3.8477977e-002 -3.8477977e-002
  3.8694718e-002 -3.8694718e-002
  3.8954214e-002 -3.8954214e-002
  3.9250029e-002 -3.9250029e-002
  3.9559855e-002 -3.9559855e-002
  3.9878115e-002 -3.9878115e-002
  4.0022140e-002 -4.0022140e-002
  4.0104552e-002 -4.0104552e-002
  4.0120872e-002 -4.0120872e-002
  4.0119763e-002 -4.0119763e-002
  4.0387842e-002 -4.0387842e-002
  4.0694424e-002 -4.0694424e-002
  4.0909163e-002 -4.0909163e-002
  4.1117551e-002 -4.1117551e-002
  4.1284401e-002 -4.1284401e-002
  4.1437649e-002 -4.1437649e-002
  4.1496098e-002 -4.1496098e-002
  4.1580807e-002 -4.1580807e-002
  4.1764895e-002 -4.1764895e-002
  4.1954444e-002 -4.1954444e-002
  4.2157200e-002 -4.2157200e-002
  4.2398509e-002 -4.2398509e-002
  4.2691272e-002 -4.2691272e-002
  4.2947645e-002 -4.2947645e-002
  4.3161235e-002 -4.3161235e-002
  4.3300411e-002 -4.3300411e-002
  4.3377001e-002 -4.3377001e-002
  4.3486385e-002 -4.3486385e-002
  4.3615303e-002 -4.3615303e-002
  4.3841268e-002 -4.3841268e-002
  4.4094323e-002 -4.4094323e-002
  4.4354934e-002 -4.4354934e-002
  4.4617507e-002 -4.4617507e-002
  4.4897029e-002 -4.4897029e-002
  4.5178921e-002 -4.5178921e-002
  4.5455239e-002 -4.5455239e-002
  4.5737552e-002 -4.5737552e-002
  4.6153760e-002 -4.6153760e-002
  4.6544464e-002 -4.6544464e-002
  4.6676147e-002 -4.6676147e-002
  4.6827566e-002 -4.6827566e-002
  4.7052563e-002 -4.7052563e-002
  4.7276039e-002 -4.7276039e-002
  4.7495879e-002 -4.7495879e-002
  4.7731310e-002 -4.7731310e-002
  4.7992333e-002 -4.7992333e-002
  4.8288493e-002 -4.8288493e-002
  4.8640102e-002 -4.8640102e-002
  4.8904277e-002 -4.8904277e-002
  4.9095648e-002 -4.9095648e-002
  4.9308898e-002 -4.9308898e-002
  4.9535043e-002 -4.9535043e-002
  4.9719698e-002 -4.9719698e-002
  4.9887630e-002 -4.9887630e-002
  5.0091898e-002 -5.0091898e-002
  5.0305462e-002 -5.0305462e-002
  5.0435389e-002 -5.0435389e-002
  5.0553890e-002 -5.0553890e-002
  5.0846378e-002 -5.0846378e-002
  5.1141036e-002 -5.1141036e-002
  5.1345204e-002 -5.1345204e-002
  5.1549994e-002 -5.1549994e-002
  5.1746430e-002 -5.1746430e-002
  5.1930694e-002 -5.1930694e-002
  5.2070240e-002 -5.2070240e-002
  5.2224396e-002 -5.2224396e-002
  5.2413053e-002 -5.2413053e-002
  5.2649802e-002 -5.2649802e-002
  5.2964677e-002 -5.2964677e-002
  5.3193613e-002 -5.3193613e-002
  5.3336005e-002 -5.3336005e-002
  5.3492359e-002 -5.3492359e-002
  5.3660224e-002 -5.3660224e-002
  5.3870625e-002 -5.3870625e-002
  5.4105832e-002 -5.4105832e-002
  5.4256837e-002 -5.4256837e-002
  5.4374311e-002 -5.4374311e-002
  5.4600229e-002 -5.4600229e-002
  5.4840974e-002 -5.4840974e-002
  5.4902551e-002 -5.4902551e-002
  5.4940218e-002 -5.4940218e-002
  5.5075768e-002 -5.5075768e-002
  5.5222241e-002 -5.5222241e-002
  5.5512380e-002 -5.5512380e-002
  5.5786497e-002 -5.5786497e-002
  5.5956062e-002 -5.5956062e-002
  5.6123813e-002 -5.6123813e-002
  5.6284999e-002 -5.6284999e-002
  5.6478746e-002 -5.6478746e-002
  5.6748487e-002 -5.6748487e-002
  5.6938871e-002 -5.6938871e-002
  5.7001683e-002 -5.7001683e-002
  5.7091561e-002 -5.7091561e-002
  5.7212326e-002 -5.7212326e-002
  5.7365602e-002 -5.7365602e-002
  5.7545416e-002 -5.7545416e-002
  5.7799702e-002 -5.7799702e-002
  5.8096956e-002 -5.8096956e-002
  5.8172495e-002 -5.8172495e-002
  5.8160807e-002 -5.8160807e-002
  5.8252691e-002 -5.8252691e-002
  5.8370275e-002 -5.8370275e-002
  5.8555095e-002 -5.8555095e-002
  5.8750304e-002 -5.8750304e-002
  5.8824476e-002 -5.8824476e-002
  5.8899323e-002 -5.8899323e-002
  5.9059085e-002 -5.9059085e-002
  5.9217123e-002 -5.9217123e-002
  5.9364140e-002 -5.9364140e-002
  5.9525672e-002 -5.9525672e-002
  5.9751503e-002 -5.9751503e-002
  5.9993734e-002 -5.9993734e-002
  6.0273790e-002 -6.0273790e-002
  6.0539096e-002 -6.0539096e-002
  6.0780935e-002 -6.0780935e-002
  6.1020517e-002 -6.1020517e-002
  6.1257549e-002 -6.1257549e-002
  6.1436257e-002 -6.1436257e-002
  6.1555330e-002 -6.1555330e-002
  6.1755799e-002 -6.1755799e-002
  6.2002736e-002 -6.2002736e-002
  6.2197342e-002 -6.2197342e-002
  6.2371610e-002 -6.2371610e-002
  6.2661268e-002 -6.2661268e-002
  6.2979116e-002 -6.2979116e-002
  6.3209872e-002 -6.3209872e-002
  6.3429556e-002 -6.3429556e-002
  6.3596245e-002 -6.3596245e-002
  6.3766156e-002 -6.3766156e-002
  6.4020045e-002 -6.4020045e-002
  6.4269972e-002 -6.4269972e-002
  6.4495109e-002 -6.4495109e-002
  6.4710687e-002 -6.4710687e-002
  6.4892641e-002 -6.4892641e-002
  6.5065685e-002 -6.5065685e-002
  6.5218413e-002 -6.5218413e-002
  6.5401494e-002 -6.5401494e-002
  6.5632362e-002 -6.5632362e-002
  6.5823446e-002 -6.5823446e-002
  6.5970019e-002 -6.5970019e-002
  6.6154493e-002 -6.6154493e-002
  6.6369293e-002 -6.6369293e-002
  6.6528574e-002 -6.6528574e-002
  6.6656496e-002 -6.6656496e-002
  6.6844403e-002 -6.6844403e-002
  6.7055338e-002 -6.7055338e-002
  6.7222939e-002 -6.7222939e-002
  6.7380119e-002 -6.7380119e-002
  6.7557954e-002 -6.7557954e-002
  6.7738351e-002 -6.7738351e-002
  6.7873574e-002 -6.7873574e-002
  6.8009980e-002 -6.8009980e-002
  6.8180991e-002 -6.8180991e-002
  6.8355168e-002 -6.8355168e-002
  6.8548737e-002 -6.8548737e-002
  6.8719552e-002 -6.8719552e-002
  6.8811462e-002 -6.8811462e-002
  6.8933064e-002 -6.8933064e-002
  6.9134078e-002 -6.9134078e-002
  6.9324733e-002 -6.9324733e-002
  6.9499247e-002 -6.9499247e-002
  6.9688694e-002 -6.9688694e-002
  6.9894684e-002 -6.9894684e-002
  7.0076437e-002 -7.0076437e-002
  7.0238990e-002 -7.0238990e-002
  7.0379875e-002 -7.0379875e-002
  7.0496152e-002 -7.0496152e-002
  7.0619142e-002 -7.0619142e-002
  7.0744678e-002 -7.0744678e-002
  7.0954257e-002 -7.0954257e-002
  7.1183729e-002 -7.1183729e-002
  7.1256149e-002 -7.1256149e-002
  7.1309581e-002 -7.1309581e-002
  7.1459075e-002 -7.1459075e-002
  7.1618072e-002 -7.1618072e-002
  7.1890020e-002 -7.1890020e-002
  7.2142180e-002 -7.2142180e-002
  7.2275509e-002 -7.2275509e-002
  7.2400687e-002 -7.2400687e-002
  7.2497998e-002 -7.2497998e-002
  7.2616991e-002 -7.2616991e-002
  7.2784284e-002 -7.2784284e-002
  7.2924339e-002 -7.2924339e-002
  7.3003115e-002 -7.3003115e-002
  7.3133244e-002 -7.3133244e-002
  7.3319700e-002 -7.3319700e-002
  7.3469502e-002 -7.3469502e-002
  7.3590557e-002 -7.3590557e-002
  7.3691145e-002 -7.3691145e-002
  7.3780420e-002 -7.3780420e-002
  7.3835491e-002 -7.3835491e-002
  7.3882434e-002 -7.3882434e-002
  7.4006461e-002 -7.4006461e-002
  7.4148445e-002 -7.4148445e-002
  7.4367827e-002 -7.4367827e-002
  7.4596327e-002 -7.4596327e-002
  7.4757869e-002 -7.4757869e-002
  7.4915894e-002 -7.4915894e-002
  7.5043179e-002 -7.5043179e-002
  7.5167874e-002 -7.5167874e-002
  7.5277320e-002 -7.5277320e-002
  7.5403528e-002 -7.5403528e-002
  7.5586249e-002 -7.5586249e-002
  7.5740124e-002 -7.5740124e-002
  7.5830480e-002 -7.5830480e-002
  7.5896097e-002 -7.5896097e-002
  7.5923955e-002 -7.5923955e-002
  7.5997928e-002 -7.5997928e-002
  7.6121984e-002 -7.6121984e-002
  7.6190108e-002 -7.6190108e-002
  7.6214803e-002 -7.6214803e-002
  7.6363070e-002 -7.6363070e-002
  7.6578918e-002 -7.6578918e-002
  7.6747549e-002 -7.6747549e-002
  7.6898714e-002 -7.6898714e-002
  7.7020933e-002 -7.7020933e-002
  7.7136518e-002 -7.7136518e-002
  7.7196856e-002 -7.7196856e-002
  7.7250855e-002 -7.7250855e-002
  7.7310169e-002 -7.7310169e-002
  7.7369970e-002 -7.7369970e-002
  7.7435335e-002 -7.7435335e-002
  7.7496301e-002 -7.7496301e-002
  7.7604017e-002 -7.7604017e-002
  7.7701198e-002 -7.7701198e-002
  7.7763357e-002 -7.7763357e-002
  7.7794861e-002 -7.7794861e-002
  7.7759632e-002 -7.7759632e-002
  7.7727083e-002 -7.7727083e-002
  7.7698583e-002 -7.7698583e-002
  7.7724205e-002 -7.7724205e-002
  7.7794588e-002 -7.7794588e-002
  7.7853553e-002 -7.7853553e-002
  7.7903741e-002 -7.7903741e-002
  7.7954913e-002 -7.7954913e-002
  7.8006617e-002 -7.8006617e-002
  7.8130522e-002 -7.8130522e-002
  7.8280800e-002 -7.8280800e-002
  7.8349411e-002 -7.8349411e-002
  7.8399607e-002 -7.8399607e-002
  7.8538062e-002 -7.8538062e-002
  7.8686374e-002 -7.8686374e-002
  7.8731733e-002 -7.8731733e-002
  7.8782168e-002 -7.8782168e-002
  7.8928555e-002 -7.8928555e-002
  7.9062195e-002 -7.9062195e-002
  7.9111189e-002 -7.9111189e-002
  7.9162513e-002 -7.9162513e-002
  7.9221477e-002 -7.9221477e-002
  7.9301141e-002 -7.9301141e-002
  7.9425356e-002 -7.9425356e-002
  7.9518552e-002 -7.9518552e-002
  7.9565370e-002 -7.9565370e-002
  7.9602244e-002 -7.9602244e-002
  7.9641032e-002 -7.9641032e-002
  7.9731750e-002 -7.9731750e-002
  7.9861989e-002 -7.9861989e-002
  7.9980588e-002 -7.9980588e-002
  8.0092958e-002 -8.0092958e-002
  8.0154232e-002 -8.0154232e-002
  8.0197077e-002 -8.0197077e-002
  8.0243103e-002 -8.0243103e-002
  8.0277333e-002 -8.0277333e-002
  8.0391210e-002 -8.0391210e-002
  8.0513739e-002 -8.0513739e-002
  8.0592916e-002 -8.0592916e-002
  8.0674520e-002 -8.0674520e-002
  8.0797407e-002 -8.0797407e-002
  8.0907249e-002 -8.0907249e-002
  8.0944669e-002 -8.0944669e-002
  8.0998264e-002 -8.0998264e-002
  8.1104177e-002 -8.1104177e-002
  8.1209257e-002 -8.1209257e-002
  8.1312563e-002 -8.1312563e-002
  8.1436926e-002 -8.1436926e-002
  8.1592453e-002 -8.1592453e-002
  8.1688516e-002 -8.1688516e-002
  8.1721885e-002 -8.1721885e-002
  8.1806425e-002 -8.1806425e-002
  8.1929519e-002 -8.1929519e-002
  8.1979151e-002 -8.1979151e-002
  8.1989895e-002 -8.1989895e-002
  8.1975187e-002 -8.1975187e-002
  8.1951416e-002 -8.1951416e-002
  8.2005207e-002 -8.2005207e-002
  8.2075917e-002 -8.2075917e-002
  8.2098012e-002 -8.2098012e-002
  8.2114974e-002 -8.2114974e-002
  8.2193327e-002 -8.2193327e-002
  8.2269646e-002 -8.2269646e-002
  8.2309892e-002 -8.2309892e-002
  8.2353956e-002 -8.2353956e-002
  8.2418820e-002 -8.2418820e-002
  8.2486521e-002 -8.2486521e-002
  8.2563268e-002 -8.2563268e-002
  8.2585841e-002 -8.2585841e-002
  8.2494433e-002 -8.2494433e-002
  8.2452509e-002 -8.2452509e-002
  8.2483071e-002 -8.2483071e-002
  8.2534606e-002 -8.2534606e-002
  8.2608037e-002 -8.2608037e-002
  8.2673350e-002 -8.2673350e-002
  8.2732609e-002 -8.2732609e-002
  8.2812629e-002 -8.2812629e-002
  8.2903521e-002 -8.2903521e-002
  8.2931068e-002 -8.2931068e-002
  8.2936342e-002 -8.2936342e-002
  8.2905542e-002 -8.2905542e-002
  8.2867006e-002 -8.2867006e-002
  8.2891815e-002 -8.2891815e-002
  8.2923124e-002 -8.2923124e-002
  8.2921497e-002 -8.2921497e-002
  8.2915847e-002 -8.2915847e-002
  8.2863813e-002 -8.2863813e-002
  8.2823170e-002 -8.2823170e-002
  8.2843438e-002 -8.2843438e-002
  8.2873525e-002 -8.2873525e-002
  8.2934525e-002 -8.2934525e-002
  8.2945178e-002 -8.2945178e-002
  8.2877097e-002 -8.2877097e-002
  8.2836686e-002 -8.2836686e-002
  8.2836394e-002 -8.2836394e-002
  8.2809662e-002 -8.2809662e-002
  8.2755599e-002 -8.2755599e-002
  8.2738598e-002 -8.2738598e-002
  8.2748963e-002 -8.2748963e-002
  8.2712365e-002 -8.2712365e-002
  8.2644969e-002 -8.2644969e-002
  8.2581782e-002 -8.2581782e-002
  8.2520056e-002 -8.2520056e-002
  8.2519956e-002 -8.2519956e-002
  8.2532849e-002 -8.2532849e-002
  8.2525028e-002 -8.2525028e-002
  8.2515142e-002 -8.2515142e-002
  8.2421085e-002 -8.2421085e-002
  8.2325164e-002 -8.2325164e-002
  8.2212892e-002 -8.2212892e-002
  8.2118506e-002 -8.2118506e-002
  8.2117997e-002 -8.2117997e-002
  8.2113540e-002 -8.2113540e-002
  8.2096822e-002 -8.2096822e-002
  8.2058504e-002 -8.2058504e-002
  8.1975750e-002 -8.1975750e-002
  8.1891149e-002 -8.1891149e-002
  8.1803898e-002 -8.1803898e-002
  8.1734179e-002 -8.1734179e-002
  8.1682407e-002 -8.1682407e-002
  8.1640701e-002 -8.1640701e-002
  8.1606352e-002 -8.1606352e-002
  8.1565720e-002 -8.1565720e-002
  8.1521868e-002 -8.1521868e-002
  8.1495565e-002 -8.1495565e-002
  8.1475277e-002 -8.1475277e-002
  8.1433711e-002 -8.1433711e-002
  8.1387735e-002 -8.1387735e-002
  8.1392906e-002 -8.1392906e-002
  8.1403020e-002 -8.1403020e-002
  8.1329167e-002 -8.1329167e-002
  8.1246375e-002 -8.1246375e-002
  8.1209628e-002 -8.1209628e-002
  8.1164547e-002 -8.1164547e-002
  8.1076513e-002 -8.1076513e-002
  8.0979448e-002 -8.0979448e-002
  8.0854709e-002 -8.0854709e-002
  8.0761091e-002 -8.0761091e-002
  8.0730778e-002 -8.0730778e-002
  8.0706997e-002 -8.0706997e-002
  8.0674737e-002 -8.0674737e-002
  8.0604811e-002 -8.0604811e-002
  8.0496710e-002 -8.0496710e-002
  8.0452952e-002 -8.0452952e-002
  8.0455752e-002 -8.0455752e-002
  8.0453194e-002 -8.0453194e-002
  8.0447921e-002 -8.0447921e-002
  8.0428287e-002 -8.0428287e-002
  8.0408022e-002 -8.0408022e-002
  8.0413508e-002 -8.0413508e-002
  8.0424238e-002 -8.0424238e-002
  8.0346423e-002 -8.0346423e-002
  8.0260313e-002 -8.0260313e-002
  8.0144054e-002 -8.0144054e-002
  8.0029533e-002 -8.0029533e-002
  7.9922827e-002 -7.9922827e-002
  7.9814910e-002 -7.9814910e-002
  7.9700860e-002 -7.9700860e-002
  7.9590882e-002 -7.9590882e-002
  7.9493219e-002 -7.9493219e-002
  7.9371791e-002 -7.9371791e-002
  7.9202551e-002 -7.9202551e-002
  7.9092915e-002 -7.9092915e-002
  7.9079602e-002 -7.9079602e-002
  7.9019429e-002 -7.9019429e-002
  7.8912231e-002 -7.8912231e-002
  7.8817511e-002 -7.8817511e-002
  7.8731728e-002 -7.8731728e-002
  7.8631923e-002 -7.8631923e-002
  7.8525092e-002 -7.8525092e-002
  7.8413732e-002 -7.8413732e-002
  7.8288361e-002 -7.8288361e-002
  7.8227714e-002 -7.8227714e-002
  7.8180019e-002 -7.8180019e-002
  7.8054080e-002 -7.8054080e-002
  7.7921054e-002 -7.7921054e-002
  7.7823049e-002 -7.7823049e-002
  7.7728009e-002 -7.7728009e-002
  7.7665351e-002 -7.7665351e-002
  7.7579224e-002 -7.7579224e-002
  7.7438551e-002 -7.7438551e-002
  7.7317844e-002 -7.7317844e-002
  7.7256725e-002 -7.7256725e-002
  7.7172991e-002 -7.7172991e-002
  7.7044263e-002 -7.7044263e-002
  7.6921683e-002 -7.6921683e-002
  7.6807662e-002 -7.6807662e-002
  7.6703995e-002 -7.6703995e-002
  7.6610617e-002 -7.6610617e-002
  7.6513468e-002 -7.6513468e-002
  7.6413645e-002 -7.6413645e-002
  7.6285763e-002 -7.6285763e-002
  7.6143976e-002 -7.6143976e-002
  7.6010576e-002 -7.6010576e-002
  7.5879939e-002 -7.5879939e-002
  7.5733311e-002 -7.5733311e-002
  7.5585998e-002 -7.5585998e-002
  7.5491929e-002 -7.5491929e-002
  7.5402483e-002 -7.5402483e-002
  7.5294331e-002 -7.5294331e-002
  7.5190005e-002 -7.5190005e-002
  7.5126157e-002 -7.5126157e-002
  7.5051998e-002 -7.5051998e-002
  7.4927462e-002 -7.4927462e-002
  7.4820982e-002 -7.4820982e-002
  7.4767689e-002 -7.4767689e-002
  7.4657887e-002 -7.4657887e-002
  7.4436896e-002 -7.4436896e-002
  7.4241982e-002 -7.4241982e-002
  7.4083003e-002 -7.4083003e-002
  7.3915387e-002 -7.3915387e-002
  7.3726772e-002 -7.3726772e-002
  7.3556779e-002 -7.3556779e-002
  7.3399858e-002 -7.3399858e-002
  7.3213395e-002 -7.3213395e-002
  7.3012455e-002 -7.3012455e-002
  7.2805775e-002 -7.2805775e-002
  7.2597229e-002 -7.2597229e-002
  7.2491941e-002 -7.2491941e-002
  7.2394084e-002 -7.2394084e-002
  7.2174121e-002 -7.2174121e-002
  7.1944376e-002 -7.1944376e-002
  7.1824960e-002 -7.1824960e-002
  7.1714166e-002 -7.1714166e-002
  7.1691823e-002 -7.1691823e-002
  7.1649375e-002 -7.1649375e-002
  7.1510387e-002 -7.1510387e-002
  7.1376998e-002 -7.1376998e-002
  7.1296233e-002 -7.1296233e-002
  7.1222223e-002 -7.1222223e-002
  7.1161356e-002 -7.1161356e-002
  7.1106257e-002 -7.1106257e-002
  7.1059025e-002 -7.1059025e-002
  7.0901473e-002 -7.0901473e-002
  7.0636438e-002 -7.0636438e-002
  7.0425446e-002 -7.0425446e-002
  7.0260685e-002 -7.0260685e-002
  7.0145108e-002 -7.0145108e-002
  7.0053362e-002 -7.0053362e-002
  6.9885723e-002 -6.9885723e-002
  6.9693740e-002 -6.9693740e-002
  6.9515717e-002 -6.9515717e-002
  6.9340340e-002 -6.9340340e-002
  6.9220515e-002 -6.9220515e-002
  6.9106076e-002 -6.9106076e-002
  6.8966639e-002 -6.8966639e-002
  6.8838279e-002 -6.8838279e-002
  6.8820182e-002 -6.8820182e-002
  6.8738660e-002 -6.8738660e-002
  6.8357779e-002 -6.8357779e-002
  6.8002495e-002 -6.8002495e-002
  6.7720691e-002 -6.7720691e-002
  6.7456037e-002 -6.7456037e-002
  6.7224394e-002 -6.7224394e-002
  6.7034519e-002 -6.7034519e-002
  6.6901051e-002 -6.6901051e-002
  6.6676806e-002 -6.6676806e-002
  6.6364986e-002 -6.6364986e-002
  6.5956076e-002 -6.5956076e-002
  6.5442898e-002 -6.5442898e-002
  6.5012447e-002 -6.5012447e-002
  6.4621635e-002 -6.4621635e-002
  6.4253147e-002 -6.4253147e-002
  6.3891726e-002 -6.3891726e-002
  6.3447996e-002 -6.3447996e-002
  6.2988953e-002 -6.2988953e-002
  6.2748764e-002 -6.2748764e-002
  6.2523653e-002 -6.2523653e-002
  6.2081653e-002 -6.2081653e-002
  6.1650000e-002 -6.1650000e-002
  6.1318355e-002 -6.1318355e-002
  6.0987889e-002 -6.0987889e-002
  6.0662895e-002 -6.0662895e-002
  6.0335075e-002 -6.0335075e-002
  5.9999248e-002 -5.9999248e-002
  5.9648702e-002 -5.9648702e-002
  5.9317731e-002 -5.9317731e-002
  5.8899003e-002 -5.8899003e-002
  5.8362951e-002 -5.8362951e-002
  5.7934011e-002 -5.7934011e-002
  5.7607387e-002 -5.7607387e-002
  5.7248453e-002 -5.7248453e-002
  5.6867525e-002 -5.6867525e-002
  5.6420061e-002 -5.6420061e-002
  5.5946997e-002 -5.5946997e-002
  5.5527594e-002 -5.5527594e-002
  5.5124946e-002 -5.5124946e-002
  5.4894387e-002 -5.4894387e-002
  5.4695248e-002 -5.4695248e-002
  5.4323247e-002 -5.4323247e-002
  5.3937393e-002 -5.3937393e-002
  5.3486868e-002 -5.3486868e-002
  5.3059869e-002 -5.3059869e-002
  5.2853834e-002 -5.2853834e-002
  5.2646464e-002 -5.2646464e-002
  5.2433002e-002 -5.2433002e-002
  5.2202517e-002 -5.2202517e-002
  5.1924399e-002 -5.1924399e-002
  5.1661945e-002 -5.1661945e-002
  5.1403988e-002 -5.1403988e-002
  5.1146750e-002 -5.1146750e-002
  5.0890464e-002 -5.0890464e-002
  5.0677367e-002 -5.0677367e-002
  5.0505119e-002 -5.0505119e-002
  5.0355541e-002 -5.0355541e-002
  5.0221238e-002 -5.0221238e-002
  5.0109967e-002 -5.0109967e-002
  4.9996985e-002 -4.9996985e-002
  4.9869539e-002 -4.9869539e-002
  4.9737638e-002 -4.9737638e-002
  4.9634148e-002 -4.9634148e-002
  4.9535747e-002 -4.9535747e-002
  4.9356512e-002 -4.9356512e-002
  4.9171851e-002 -4.9171851e-002
  4.9134351e-002 -4.9134351e-002
  4.9071851e-002 -4.9071851e-002
  4.9009351e-002 -4.9009351e-002
  4.8946851e-002 -4.8946851e-002
  4.8884351e-002 -4.8884351e-002
  4.8821851e-002 -4.8821851e-002
  4.8759351e-002 -4.8759351e-002
  4.8696851e-002 -4.8696851e-002
  4.8634351e-002 -4.8634351e-002
  4.8571851e-002 -4.8571851e-002
  4.8509351e-002 -4.8509351e-002
  4.8446851e-002 -4.8446851e-002
  4.8384351e-002 -4.8384351e-002
  4.8321851e-002 -4.8321851e-002
  4.8259351e-002 -4.8259351e-002
  4.8196851e-002 -4.8196851e-002
  4.8134351e-002 -4.8134351e-002
  4.8059351e-002 -4.8059351e-002
  4.7984351e-002 -4.7984351e-002
  4.7909351e-002 -4.7909351e-002
  4.7834351e-002 -4.7834351e-002
  4.7759351e-002 -4.7759351e-002
  4.7684351e-002 -4.7684351e-002
  4.7609351e-002 -4.7609351e-002
  4.7534351e-002 -4.7534351e-002
  4.7446851e-002 -4.7446851e-002
  4.7359351e-002 -4.7359351e-002
  4.7271851e-002 -4.7271851e-002
  4.7184351e-002 -4.7184351e-002
  4.7096851e-002 -4.7096851e-002
  4.7009351e-002 -4.7009351e-002
  4.6921851e-002 -4.6921851e-002
  4.6904351e-002 -4.6904351e-002
  4.6886851e-002 -4.6886851e-002
  4.6869351e-002 -4.6869351e-002
  4.6851851e-002 -4.6851851e-002
  4.6834351e-002 -4.6834351e-002
  4.6816851e-002 -4.6816851e-002
  4.6799351e-002 -4.6799351e-002
  4.6781851e-002 -4.6781851e-002
  4.6764351e-002 -4.6764351e-002
  4.6746851e-002 -4.6746851e-002
  4.6729351e-002 -4.6729351e-002
  4.6711851e-002 -4.6711851e-002
  4.6694351e-002 -4.6694351e-002
  4.6676851e-002 -4.6676851e-002
  4.6659351e-002 -4.6659351e-002
  4.6641851e-002 -4.6641851e-002
  4.6624351e-002 -4.6624351e-002
  4.6606851e-002 -4.6606851e-002
  4.6589351e-002 -4.6589351e-002
  4.6571851e-002 -4.6571851e-002
  4.6554351e-002 -4.6554351e-002
  4.6536851e-002 -4.6536851e-002
  4.6519351e-002 -4.6519351e-002
  4.6501851e-002 -4.6501851e-002
  4.6484351e-002 -4.6484351e-002
  4.6466851e-002 -4.6466851e-002
  4.6449351e-002 -4.6449351e-002
  4.6431851e-002 -4.6431851e-002
  4.6414351e-002 -4.6414351e-002
  4.6396851e-002 -4.6396851e-002
  4.6379351e-002 -4.6379351e-002
  4.6361851e-002 -4.6361851e-002
  4.6344351e-002 -4.6344351e-002
  4.6326851e-002 -4.6326851e-002
  4.6309351e-002 -4.6309351e-002
  4.6291851e-002 -4.6291851e-002
  4.6274351e-002 -4.6274351e-002
  4.6256851e-002 -4.6256851e-002
  4.6239351e-002 -4.6239351e-002
  4.6221851e-002 -4.6221851e-002
  4.6204351e-002 -4.6204351e-002
  4.6186851e-002 -4.6186851e-002
  4.6169351e-002 -4.6169351e-002
  4.6151851e-002 -4.6151851e-002
  4.6134351e-002 -4.6134351e-002
  4.6116851e-002 -4.6116851e-002
  4.6099351e-002 -4.6099351e-002
  4.6081851e-002 -4.6081851e-002
  4.6064351e-002 -4.6064351e-002
  4.6046851e-002 -4.6046851e-002
  4.6029351e-002 -4.6029351e-002
  4.6011851e-002 -4.6011851e-002
  4.5994351e-002 -4.5994351e-002
  4.5976851e-002 -4.5976851e-002
  4.5959351e-002 -4.5959351e-002
  4.5941851e-002 -4.5941851e-002
  4.5924351e-002 -4.5924351e-002
  4.5906851e-002 -4.5906851e-002
  4.5889351e-002 -4.5889351e-002
  4.5871851e-002 -4.5871851e-002
  4.5854351e-002 -4.5854351e-002
  4.5836851e-002 -4.5836851e-002
  4.5819351e-002 -4.5819351e-002
  4.5801851e-002 -4.5801851e-002
  4.5784351e-002 -4.5784351e-002
  4.5766851e-002 -4.5766851e-002
  4.5749351e-002 -4.5749351e-002
  4.5731851e-002 -4.5731851e-002
  4.5714351e-002 -4.5714351e-002
  4.5696851e-002 -4.5696851e-002
  4.5679351e-002 -4.5679351e-002
  4.5661851e-002 -4.5661851e-002
  4.5644351e-002 -4.5644351e-002
