 -0.0000000e+000  0.0000000e+000
 -0.0000000e+000  0.0000000e+000
 -0.0000000e+000  0.0000000e+000
 -0.0000000e+000  0.0000000e+000
 -0.0000000e+000  0.0000000e+000
 -0.0000000e+000  0.0000000e+000
 -0.0000000e+000  0.0000000e+000
 -0.0000000e+000  0.0000000e+000
 -0.0000000e+000  0.0000000e+000
 -0.0000000e+000  0.0000000e+000
 -0.0000000e+000  0.0000000e+000
 -0.0000000e+000  0.0000000e+000
 -0.0000000e+000  0.0000000e+000
 -0.0000000e+000  0.0000000e+000
 -0.0000000e+000  0.0000000e+000
 -0.0000000e+000  0.0000000e+000
 -0.0000000e+000  0.0000000e+000
 -0.0000000e+000  0.0000000e+000
 -0.0000000e+000  0.0000000e+000
 -0.0000000e+000  0.0000000e+000
 -0.0000000e+000  0.0000000e+000
 -0.0000000e+000  0.0000000e+000
 -0.0000000e+000  0.0000000e+000
 -0.0000000e+000  0.0000000e+000
 -0.0000000e+000  0.0000000e+000
 -0.0000000e+000  0.0000000e+000
 -0.0000000e+000  0.0000000e+000
 -0.0000000e+000  0.0000000e+000
 -0.0000000e+000  0.0000000e+000
 -0.0000000e+000  0.0000000e+000
 -0.0000000e+000  0.0000000e+000
 -0.0000000e+000  0.0000000e+000
 -0.0000000e+000  0.0000000e+000
 -0.0000000e+000  0.0000000e+000
 -0.0000000e+000  0.0000000e+000
 -0.0000000e+000  0.0000000e+000
 -0.0000000e+000  0.0000000e+000
 -0.0000000e+000  0.0000000e+000
 -0.0000000e+000  0.0000000e+000
 -0.0000000e+000  0.0000000e+000
 -0.0000000e+000  0.0000000e+000
 -0.0000000e+000  0.0000000e+000
 -0.0000000e+000  0.0000000e+000
 -0.0000000e+000  0.0000000e+000
 -0.0000000e+000  0.0000000e+000
 -0.0000000e+000  0.0000000e+000
 -0.0000000e+000  0.0000000e+000
 -0.0000000e+000  0.0000000e+000
 -0.0000000e+000  0.0000000e+000
 -0.0000000e+000  0.0000000e+000
 -0.0000000e+000  0.0000000e+000
 -0.0000000e+000  0.0000000e+000
 -0.0000000e+000  0.0000000e+000
 -0.0000000e+000  0.0000000e+000
 -0.0000000e+000  0.0000000e+000
 -0.0000000e+000  0.0000000e+000
 -0.0000000e+000  0.0000000e+000
 -0.0000000e+000  0.0000000e+000
 -0.0000000e+000  0.0000000e+000
 -0.0000000e+000  0.0000000e+000
 -0.0000000e+000  0.0000000e+000
 -0.0000000e+000  0.0000000e+000
 -0.0000000e+000  0.0000000e+000
 -0.0000000e+000  0.0000000e+000
 -0.0000000e+000  0.0000000e+000
 -0.0000000e+000  0.0000000e+000
 -0.0000000e+000  0.0000000e+000
 -0.0000000e+000  0.0000000e+000
 -0.0000000e+000  0.0000000e+000
 -0.0000000e+000  0.0000000e+000
 -0.0000000e+000  0.0000000e+000
 -0.0000000e+000  0.0000000e+000
 -0.0000000e+000  0.0000000e+000
 -0.0000000e+000  0.0000000e+000
 -0.0000000e+000  0.0000000e+000
 -0.0000000e+000  0.0000000e+000
 -0.0000000e+000  0.0000000e+000
 -0.0000000e+000  0.0000000e+000
 -0.0000000e+000  0.0000000e+000
 -0.0000000e+000  0.0000000e+000
 -0.0000000e+000  0.0000000e+000
 -0.0000000e+000  0.0000000e+000
 -0.0000000e+000  0.0000000e+000
 -0.0000000e+000  0.0000000e+000
 -0.0000000e+000  0.0000000e+000
 -0.0000000e+000  0.0000000e+000
 -0.0000000e+000  0.0000000e+000
 -0.0000000e+000  0.0000000e+000
 -0.0000000e+000  0.0000000e+000
 -0.0000000e+000  0.0000000e+000
 -0.0000000e+000  0.0000000e+000
 -4.2114285e-006  4.2114285e-006
 -8.5511362e-006  8.5511362e-006
  7.8419179e-006 -7.8419179e-006
  2.3451362e-005 -2.3451362e-005
  3.1455301e-005 -3.1455301e-005
  3.7410876e-005 -3.7410876e-005
  3.3838662e-005 -3.3838662e-005
  4.0658571e-005 -4.0658571e-005
  7.6981522e-005 -7.6981522e-005
  8.6822427e-005 -8.6822427e-005
  4.6168222e-005 -4.6168222e-005
  3.6059986e-005 -3.6059986e-005
  6.6847699e-005 -6.6847699e-005
  1.0948224e-004 -1.0948224e-004
  1.6344892e-004 -1.6344892e-004
  1.6652684e-004 -1.6652684e-004
  1.3491464e-004 -1.3491464e-004
  9.5882312e-005 -9.5882312e-005
  5.3328879e-005 -5.3328879e-005
  2.0909857e-005 -2.0909857e-005
 -8.3389244e-006  8.3389244e-006
 -4.9133617e-005  4.9133617e-005
 -9.2042021e-005  9.2042021e-005
 -5.4300423e-005  5.4300423e-005
 -1.0951760e-005  1.0951760e-005
 -1.3691548e-005  1.3691548e-005
 -1.6158610e-005  1.6158610e-005
 -1.6053801e-005  1.6053801e-005
 -2.9838543e-005  2.9838543e-005
 -1.0714990e-004  1.0714990e-004
 -1.9138785e-004  1.9138785e-004
 -2.9504079e-004  2.9504079e-004
 -3.9559547e-004  3.9559547e-004
 -4.9030659e-004  4.9030659e-004
 -5.5793111e-004  5.5793111e-004
 -5.8965469e-004  5.8965469e-004
 -6.5020128e-004  6.5020128e-004
 -7.3804773e-004  7.3804773e-004
 -7.8254912e-004  7.8254912e-004
 -7.9780402e-004  7.9780402e-004
 -8.0766957e-004  8.0766957e-004
 -8.1500650e-004  8.1500650e-004
 -8.3757478e-004  8.3757478e-004
 -8.6484317e-004  8.6484317e-004
 -9.2418035e-004  9.2418035e-004
 -9.8927796e-004  9.8927796e-004
 -9.2062285e-004  9.2062285e-004
 -8.4277270e-004  8.4277270e-004
 -8.0998372e-004  8.0998372e-004
 -7.8251456e-004  7.8251456e-004
 -8.0382042e-004  8.0382042e-004
 -8.3925067e-004  8.3925067e-004
 -9.3821367e-004  9.3821367e-004
 -1.0317972e-003  1.0317972e-003
 -1.1104924e-003  1.1104924e-003
 -1.1623718e-003  1.1623718e-003
 -1.1642221e-003  1.1642221e-003
 -1.2265336e-003  1.2265336e-003
 -1.3681791e-003  1.3681791e-003
 -1.5002001e-003  1.5002001e-003
 -1.6231947e-003  1.6231947e-003
 -1.7155136e-003  1.7155136e-003
 -1.7873458e-003  1.7873458e-003
 -1.8888397e-003  1.8888397e-003
 -2.0040930e-003  2.0040930e-003
 -2.0837757e-003  2.0837757e-003
 -2.1526318e-003  2.1526318e-003
 -2.1540611e-003  2.1540611e-003
 -2.1436095e-003  2.1436095e-003
 -2.2299760e-003  2.2299760e-003
 -2.3224976e-003  2.3224976e-003
 -2.3742616e-003  2.3742616e-003
 -2.4233995e-003  2.4233995e-003
 -2.4491128e-003  2.4491128e-003
 -2.4774070e-003  2.4774070e-003
 -2.5171201e-003  2.5171201e-003
 -2.5452968e-003  2.5452968e-003
 -2.5419454e-003  2.5419454e-003
 -2.5385226e-003  2.5385226e-003
 -2.5349679e-003  2.5349679e-003
 -2.5729375e-003  2.5729375e-003
 -2.6648484e-003  2.6648484e-003
 -2.7742369e-003  2.7742369e-003
 -2.8998555e-003  2.8998555e-003
 -2.9447689e-003  2.9447689e-003
 -2.9363353e-003  2.9363353e-003
 -2.9756954e-003  2.9756954e-003
 -3.0369743e-003  3.0369743e-003
 -3.1004806e-003  3.1004806e-003
 -3.1646554e-003  3.1646554e-003
 -3.1845233e-003  3.1845233e-003
 -3.1967350e-003  3.1967350e-003
 -3.1211231e-003  3.1211231e-003
 -3.0411066e-003  3.0411066e-003
 -3.0395785e-003  3.0395785e-003
 -3.0333620e-003  3.0333620e-003
 -2.9864378e-003  2.9864378e-003
 -2.9579310e-003  2.9579310e-003
 -3.0095925e-003  3.0095925e-003
 -3.0407159e-003  3.0407159e-003
 -3.0164101e-003  3.0164101e-003
 -2.9681764e-003  2.9681764e-003
 -2.8762575e-003  2.8762575e-003
 -2.8508538e-003  2.8508538e-003
 -2.9109931e-003  2.9109931e-003
 -2.9695378e-003  2.9695378e-003
 -3.0266162e-003  3.0266162e-003
 -3.0682259e-003  3.0682259e-003
 -3.0997155e-003  3.0997155e-003
 -3.0487694e-003  3.0487694e-003
 -2.9604482e-003  2.9604482e-003
 -2.9014569e-003  2.9014569e-003
 -2.8511482e-003  2.8511482e-003
 -2.7336112e-003  2.7336112e-003
 -2.6046847e-003  2.6046847e-003
 -2.5549577e-003  2.5549577e-003
 -2.5081231e-003  2.5081231e-003
 -2.3607733e-003  2.3607733e-003
 -2.2195475e-003  2.2195475e-003
 -2.1301122e-003  2.1301122e-003
 -2.0427000e-003  2.0427000e-003
 -1.9639539e-003  1.9639539e-003
 -1.8991503e-003  1.8991503e-003
 -1.8715095e-003  1.8715095e-003
 -1.8433038e-003  1.8433038e-003
 -1.8140779e-003  1.8140779e-003
 -1.7681821e-003  1.7681821e-003
 -1.7010614e-003  1.7010614e-003
 -1.6211327e-003  1.6211327e-003
 -1.5295430e-003  1.5295430e-003
 -1.4793699e-003  1.4793699e-003
 -1.4560143e-003  1.4560143e-003
 -1.3619118e-003  1.3619118e-003
 -1.2361010e-003  1.2361010e-003
 -1.0702991e-003  1.0702991e-003
 -8.9282395e-004  8.9282395e-004
 -7.5541308e-004  7.5541308e-004
 -6.2465497e-004  6.2465497e-004
 -5.8153696e-004  5.8153696e-004
 -5.3922150e-004  5.3922150e-004
 -3.1193265e-004  3.1193265e-004
 -1.0569664e-004  1.0569664e-004
 -7.2960694e-005  7.2960694e-005
 -2.0124885e-005  2.0124885e-005
  1.1743414e-004 -1.1743414e-004
  2.7300951e-004 -2.7300951e-004
  4.7601366e-004 -4.7601366e-004
  7.1207183e-004 -7.1207183e-004
  1.0071925e-003 -1.0071925e-003
  1.2460123e-003 -1.2460123e-003
  1.4138609e-003 -1.4138609e-003
  1.7025468e-003 -1.7025468e-003
  2.1001651e-003 -2.1001651e-003
  2.3485553e-003 -2.3485553e-003
  2.5013146e-003 -2.5013146e-003
  2.6962904e-003 -2.6962904e-003
  2.9099695e-003 -2.9099695e-003
  3.0527039e-003 -3.0527039e-003
  3.1750210e-003 -3.1750210e-003
  3.2373739e-003 -3.2373739e-003
  3.2899702e-003 -3.2899702e-003
  3.4512671e-003 -3.4512671e-003
  3.6199036e-003 -3.6199036e-003
  3.8187411e-003 -3.8187411e-003
  4.0330898e-003 -4.0330898e-003
  4.3720741e-003 -4.3720741e-003
  4.6850484e-003 -4.6850484e-003
  4.8901108e-003 -4.8901108e-003
  5.1229566e-003 -5.1229566e-003
  5.4280467e-003 -5.4280467e-003
  5.7569028e-003 -5.7569028e-003
  6.1277729e-003 -6.1277729e-003
  6.4438550e-003 -6.4438550e-003
  6.6915602e-003 -6.6915602e-003
  6.8946388e-003 -6.8946388e-003
  7.0578836e-003 -7.0578836e-003
  7.3141407e-003 -7.3141407e-003
  7.6293882e-003 -7.6293882e-003
  7.9178007e-003 -7.9178007e-003
  8.1944617e-003 -8.1944617e-003
  8.4517464e-003 -8.4517464e-003
  8.7035337e-003 -8.7035337e-003
  8.9931420e-003 -8.9931420e-003
  9.2887782e-003 -9.2887782e-003
  9.5228379e-003 -9.5228379e-003
  9.7525766e-003 -9.7525766e-003
  9.9557424e-003 -9.9557424e-003
  1.0158686e-002 -1.0158686e-002
  1.0359890e-002 -1.0359890e-002
  1.0571769e-002 -1.0571769e-002
  1.0827242e-002 -1.0827242e-002
  1.1062144e-002 -1.1062144e-002
  1.1244209e-002 -1.1244209e-002
  1.1453616e-002 -1.1453616e-002
  1.1710846e-002 -1.1710846e-002
  1.2023730e-002 -1.2023730e-002
  1.2405382e-002 -1.2405382e-002
  1.2739280e-002 -1.2739280e-002
  1.3030972e-002 -1.3030972e-002
  1.3288398e-002 -1.3288398e-002
  1.3524316e-002 -1.3524316e-002
  1.3704090e-002 -1.3704090e-002
  1.3859562e-002 -1.3859562e-002
  1.4059028e-002 -1.4059028e-002
  1.4270798e-002 -1.4270798e-002
  1.4451563e-002 -1.4451563e-002
  1.4627488e-002 -1.4627488e-002
  1.4823859e-002 -1.4823859e-002
  1.5022223e-002 -1.5022223e-002
  1.5247276e-002 -1.5247276e-002
  1.5481566e-002 -1.5481566e-002
  1.5786505e-002 -1.5786505e-002
  1.6040122e-002 -1.6040122e-002
  1.6289356e-002 -1.6289356e-002
  1.6542441e-002 -1.6542441e-002
  1.6805296e-002 -1.6805296e-002
  1.7052427e-002 -1.7052427e-002
  1.7272347e-002 -1.7272347e-002
  1.7540296e-002 -1.7540296e-002
  1.7867001e-002 -1.7867001e-002
  1.8066481e-002 -1.8066481e-002
  1.8293502e-002 -1.8293502e-002
  1.8520095e-002 -1.8520095e-002
  1.8746423e-002 -1.8746423e-002
  1.8904312e-002 -1.8904312e-002
  1.9032924e-002 -1.9032924e-002
  1.9189645e-002 -1.9189645e-002
  1.9354113e-002 -1.9354113e-002
  1.9574198e-002 -1.9574198e-002
  1.9802780e-002 -1.9802780e-002
  2.0081175e-002 -2.0081175e-002
  2.0364793e-002 -2.0364793e-002
  2.0722663e-002 -2.0722663e-002
  2.1064098e-002 -2.1064098e-002
  2.1282786e-002 -2.1282786e-002
  2.1486769e-002 -2.1486769e-002
  2.1632524e-002 -2.1632524e-002
  2.1749586e-002 -2.1749586e-002
  2.1826366e-002 -2.1826366e-002
  2.1952297e-002 -2.1952297e-002
  2.2162388e-002 -2.2162388e-002
  2.2363280e-002 -2.2363280e-002
  2.2553027e-002 -2.2553027e-002
  2.2826598e-002 -2.2826598e-002
  2.3172797e-002 -2.3172797e-002
  2.3378085e-002 -2.3378085e-002
  2.3504516e-002 -2.3504516e-002
  2.3705299e-002 -2.3705299e-002
  2.3937516e-002 -2.3937516e-002
  2.4164041e-002 -2.4164041e-002
  2.4389019e-002 -2.4389019e-002
  2.4548398e-002 -2.4548398e-002
  2.4697969e-002 -2.4697969e-002
  2.4986454e-002 -2.4986454e-002
  2.5276485e-002 -2.5276485e-002
  2.5430351e-002 -2.5430351e-002
  2.5588459e-002 -2.5588459e-002
  2.5777516e-002 -2.5777516e-002
  2.5985393e-002 -2.5985393e-002
  2.6266666e-002 -2.6266666e-002
  2.6505138e-002 -2.6505138e-002
  2.6637600e-002 -2.6637600e-002
  2.6781239e-002 -2.6781239e-002
  2.6943815e-002 -2.6943815e-002
  2.7163167e-002 -2.7163167e-002
  2.7450606e-002 -2.7450606e-002
  2.7707733e-002 -2.7707733e-002
  2.7938857e-002 -2.7938857e-002
  2.8154635e-002 -2.8154635e-002
  2.8348451e-002 -2.8348451e-002
  2.8529439e-002 -2.8529439e-002
  2.8705067e-002 -2.8705067e-002
  2.8909183e-002 -2.8909183e-002
  2.9120923e-002 -2.9120923e-002
  2.9304395e-002 -2.9304395e-002
  2.9483733e-002 -2.9483733e-002
  2.9655304e-002 -2.9655304e-002
  2.9812062e-002 -2.9812062e-002
  2.9924281e-002 -2.9924281e-002
  3.0043942e-002 -3.0043942e-002
  3.0216659e-002 -3.0216659e-002
  3.0386886e-002 -3.0386886e-002
  3.0547544e-002 -3.0547544e-002
  3.0750045e-002 -3.0750045e-002
  3.1054945e-002 -3.1054945e-002
  3.1333836e-002 -3.1333836e-002
  3.1547958e-002 -3.1547958e-002
  3.1743447e-002 -3.1743447e-002
  3.1916811e-002 -3.1916811e-002
  3.2116715e-002 -3.2116715e-002
  3.2339164e-002 -3.2339164e-002
  3.2544846e-002 -3.2544846e-002
  3.2740436e-002 -3.2740436e-002
  3.2943473e-002 -3.2943473e-002
  3.3160009e-002 -3.3160009e-002
  3.3365245e-002 -3.3365245e-002
  3.3567502e-002 -3.3567502e-002
  3.3733112e-002 -3.3733112e-002
  3.3893481e-002 -3.3893481e-002
  3.4093863e-002 -3.4093863e-002
  3.4296328e-002 -3.4296328e-002
  3.4519352e-002 -3.4519352e-002
  3.4746540e-002 -3.4746540e-002
  3.5002750e-002 -3.5002750e-002
  3.5244918e-002 -3.5244918e-002
  3.5433951e-002 -3.5433951e-002
  3.5643399e-002 -3.5643399e-002
  3.5902214e-002 -3.5902214e-002
  3.6150588e-002 -3.6150588e-002
  3.6369015e-002 -3.6369015e-002
  3.6619684e-002 -3.6619684e-002
  3.6908258e-002 -3.6908258e-002
  3.7118909e-002 -3.7118909e-002
  3.7264026e-002 -3.7264026e-002
  3.7375183e-002 -3.7375183e-002
  3.7466112e-002 -3.7466112e-002
  3.7646371e-002 -3.7646371e-002
  3.7850446e-002 -3.7850446e-002
  3.8061321e-002 -3.8061321e-002
  3.8273962e-002 -3.8273962e-002
  3.8440605e-002 -3.8440605e-002
  3.8600817e-002 -3.8600817e-002
  3.8867809e-002 -3.8867809e-002
  3.9134907e-002 -3.9134907e-002
  3.9310732e-002 -3.9310732e-002
  3.9493412e-002 -3.9493412e-002
  3.9636767e-002 -3.9636767e-002
  3.9787228e-002 -3.9787228e-002
  3.9964181e-002 -3.9964181e-002
  4.0139491e-002 -4.0139491e-002
  4.0310873e-002 -4.0310873e-002
  4.0495504e-002 -4.0495504e-002
  4.0701882e-002 -4.0701882e-002
  4.0909718e-002 -4.0909718e-002
  4.1133945e-002 -4.1133945e-002
  4.1312859e-002 -4.1312859e-002
  4.1454040e-002 -4.1454040e-002
  4.1637317e-002 -4.1637317e-002
  4.1845403e-002 -4.1845403e-002
  4.2048959e-002 -4.2048959e-002
  4.2250690e-002 -4.2250690e-002
  4.2425890e-002 -4.2425890e-002
  4.2594301e-002 -4.2594301e-002
  4.2707419e-002 -4.2707419e-002
  4.2812982e-002 -4.2812982e-002
  4.2952976e-002 -4.2952976e-002
  4.3094253e-002 -4.3094253e-002
  4.3234977e-002 -4.3234977e-002
  4.3375948e-002 -4.3375948e-002
  4.3505935e-002 -4.3505935e-002
  4.3644823e-002 -4.3644823e-002
  4.3816411e-002 -4.3816411e-002
  4.3977380e-002 -4.3977380e-002
  4.4113275e-002 -4.4113275e-002
  4.4249961e-002 -4.4249961e-002
  4.4387931e-002 -4.4387931e-002
  4.4560015e-002 -4.4560015e-002
  4.4784041e-002 -4.4784041e-002
  4.4978129e-002 -4.4978129e-002
  4.5147535e-002 -4.5147535e-002
  4.5270337e-002 -4.5270337e-002
  4.5365962e-002 -4.5365962e-002
  4.5513457e-002 -4.5513457e-002
  4.5681609e-002 -4.5681609e-002
  4.5847143e-002 -4.5847143e-002
  4.5999392e-002 -4.5999392e-002
  4.6261025e-002 -4.6261025e-002
  4.6537255e-002 -4.6537255e-002
  4.6685467e-002 -4.6685467e-002
  4.6829018e-002 -4.6829018e-002
  4.6970086e-002 -4.6970086e-002
  4.7116866e-002 -4.7116866e-002
  4.7300915e-002 -4.7300915e-002
  4.7483978e-002 -4.7483978e-002
  4.7663474e-002 -4.7663474e-002
  4.7841972e-002 -4.7841972e-002
  4.8018142e-002 -4.8018142e-002
  4.8202657e-002 -4.8202657e-002
  4.8400587e-002 -4.8400587e-002
  4.8589200e-002 -4.8589200e-002
  4.8767180e-002 -4.8767180e-002
  4.8939352e-002 -4.8939352e-002
  4.9106784e-002 -4.9106784e-002
  4.9252460e-002 -4.9252460e-002
  4.9385585e-002 -4.9385585e-002
  4.9539416e-002 -4.9539416e-002
  4.9701392e-002 -4.9701392e-002
  4.9847265e-002 -4.9847265e-002
  4.9989141e-002 -4.9989141e-002
  5.0213104e-002 -5.0213104e-002
  5.0449406e-002 -5.0449406e-002
  5.0626828e-002 -5.0626828e-002
  5.0800335e-002 -5.0800335e-002
  5.0937525e-002 -5.0937525e-002
  5.1074303e-002 -5.1074303e-002
  5.1208450e-002 -5.1208450e-002
  5.1349926e-002 -5.1349926e-002
  5.1530177e-002 -5.1530177e-002
  5.1696925e-002 -5.1696925e-002
  5.1832529e-002 -5.1832529e-002
  5.1974202e-002 -5.1974202e-002
  5.2125530e-002 -5.2125530e-002
  5.2284651e-002 -5.2284651e-002
  5.2452577e-002 -5.2452577e-002
  5.2648722e-002 -5.2648722e-002
  5.2855046e-002 -5.2855046e-002
  5.3046233e-002 -5.3046233e-002
  5.3228778e-002 -5.3228778e-002
  5.3339264e-002 -5.3339264e-002
  5.3421745e-002 -5.3421745e-002
  5.3560501e-002 -5.3560501e-002
  5.3713005e-002 -5.3713005e-002
  5.3887471e-002 -5.3887471e-002
  5.4064729e-002 -5.4064729e-002
  5.4207493e-002 -5.4207493e-002
  5.4349781e-002 -5.4349781e-002
  5.4501904e-002 -5.4501904e-002
  5.4656498e-002 -5.4656498e-002
  5.4826553e-002 -5.4826553e-002
  5.4995161e-002 -5.4995161e-002
  5.5158675e-002 -5.5158675e-002
  5.5288493e-002 -5.5288493e-002
  5.5341492e-002 -5.5341492e-002
  5.5446242e-002 -5.5446242e-002
  5.5632467e-002 -5.5632467e-002
  5.5818166e-002 -5.5818166e-002
  5.6003275e-002 -5.6003275e-002
  5.6184936e-002 -5.6184936e-002
  5.6363837e-002 -5.6363837e-002
  5.6556787e-002 -5.6556787e-002
  5.6757672e-002 -5.6757672e-002
  5.6943280e-002 -5.6943280e-002
  5.7123023e-002 -5.7123023e-002
  5.7293249e-002 -5.7293249e-002
  5.7461186e-002 -5.7461186e-002
  5.7669524e-002 -5.7669524e-002
  5.7882871e-002 -5.7882871e-002
  5.8092341e-002 -5.8092341e-002
  5.8301440e-002 -5.8301440e-002
  5.8500356e-002 -5.8500356e-002
  5.8695640e-002 -5.8695640e-002
  5.8868667e-002 -5.8868667e-002
  5.9035437e-002 -5.9035437e-002
  5.9180510e-002 -5.9180510e-002
  5.9326915e-002 -5.9326915e-002
  5.9488948e-002 -5.9488948e-002
  5.9640333e-002 -5.9640333e-002
  5.9775128e-002 -5.9775128e-002
  5.9906148e-002 -5.9906148e-002
  6.0032984e-002 -6.0032984e-002
  6.0162405e-002 -6.0162405e-002
  6.0293874e-002 -6.0293874e-002
  6.0437429e-002 -6.0437429e-002
  6.0575112e-002 -6.0575112e-002
  6.0730093e-002 -6.0730093e-002
  6.0891634e-002 -6.0891634e-002
  6.1062928e-002 -6.1062928e-002
  6.1236530e-002 -6.1236530e-002
  6.1393103e-002 -6.1393103e-002
  6.1547617e-002 -6.1547617e-002
  6.1688009e-002 -6.1688009e-002
  6.1825419e-002 -6.1825419e-002
  6.1921048e-002 -6.1921048e-002
  6.2023691e-002 -6.2023691e-002
  6.2168461e-002 -6.2168461e-002
  6.2299506e-002 -6.2299506e-002
  6.2383627e-002 -6.2383627e-002
  6.2494144e-002 -6.2494144e-002
  6.2663459e-002 -6.2663459e-002
  6.2852234e-002 -6.2852234e-002
  6.3051549e-002 -6.3051549e-002
  6.3220069e-002 -6.3220069e-002
  6.3354813e-002 -6.3354813e-002
  6.3494001e-002 -6.3494001e-002
  6.3636674e-002 -6.3636674e-002
  6.3729295e-002 -6.3729295e-002
  6.3794246e-002 -6.3794246e-002
  6.3893946e-002 -6.3893946e-002
  6.4011390e-002 -6.4011390e-002
  6.4126299e-002 -6.4126299e-002
  6.4240618e-002 -6.4240618e-002
  6.4394203e-002 -6.4394203e-002
  6.4552415e-002 -6.4552415e-002
  6.4619361e-002 -6.4619361e-002
  6.4687534e-002 -6.4687534e-002
  6.4805395e-002 -6.4805395e-002
  6.4923946e-002 -6.4923946e-002
  6.5046555e-002 -6.5046555e-002
  6.5171029e-002 -6.5171029e-002
  6.5301785e-002 -6.5301785e-002
  6.5431974e-002 -6.5431974e-002
  6.5560913e-002 -6.5560913e-002
  6.5701242e-002 -6.5701242e-002
  6.5858957e-002 -6.5858957e-002
  6.5998786e-002 -6.5998786e-002
  6.6119188e-002 -6.6119188e-002
  6.6269451e-002 -6.6269451e-002
  6.6442899e-002 -6.6442899e-002
  6.6530447e-002 -6.6530447e-002
  6.6571017e-002 -6.6571017e-002
  6.6630080e-002 -6.6630080e-002
  6.6695984e-002 -6.6695984e-002
  6.6754122e-002 -6.6754122e-002
  6.6810481e-002 -6.6810481e-002
  6.6907504e-002 -6.6907504e-002
  6.7009194e-002 -6.7009194e-002
  6.7101420e-002 -6.7101420e-002
  6.7191136e-002 -6.7191136e-002
  6.7246964e-002 -6.7246964e-002
  6.7300120e-002 -6.7300120e-002
  6.7410713e-002 -6.7410713e-002
  6.7513799e-002 -6.7513799e-002
  6.7591925e-002 -6.7591925e-002
  6.7668045e-002 -6.7668045e-002
  6.7739798e-002 -6.7739798e-002
  6.7855649e-002 -6.7855649e-002
  6.8038114e-002 -6.8038114e-002
  6.8168233e-002 -6.8168233e-002
  6.8228486e-002 -6.8228486e-002
  6.8288831e-002 -6.8288831e-002
  6.8349248e-002 -6.8349248e-002
  6.8411987e-002 -6.8411987e-002
  6.8475983e-002 -6.8475983e-002
  6.8585603e-002 -6.8585603e-002
  6.8711888e-002 -6.8711888e-002
  6.8845857e-002 -6.8845857e-002
  6.8981559e-002 -6.8981559e-002
  6.9041079e-002 -6.9041079e-002
  6.9092091e-002 -6.9092091e-002
  6.9206069e-002 -6.9206069e-002
  6.9319298e-002 -6.9319298e-002
  6.9406849e-002 -6.9406849e-002
  6.9502166e-002 -6.9502166e-002
  6.9628804e-002 -6.9628804e-002
  6.9750134e-002 -6.9750134e-002
  6.9854059e-002 -6.9854059e-002
  6.9940221e-002 -6.9940221e-002
  6.9988152e-002 -6.9988152e-002
  7.0055556e-002 -7.0055556e-002
  7.0152077e-002 -7.0152077e-002
  7.0234445e-002 -7.0234445e-002
  7.0314368e-002 -7.0314368e-002
  7.0388821e-002 -7.0388821e-002
  7.0459110e-002 -7.0459110e-002
  7.0551759e-002 -7.0551759e-002
  7.0656374e-002 -7.0656374e-002
  7.0758763e-002 -7.0758763e-002
  7.0860349e-002 -7.0860349e-002
  7.0959516e-002 -7.0959516e-002
  7.1045521e-002 -7.1045521e-002
  7.1148800e-002 -7.1148800e-002
  7.1253956e-002 -7.1253956e-002
  7.1324318e-002 -7.1324318e-002
  7.1394445e-002 -7.1394445e-002
  7.1468290e-002 -7.1468290e-002
  7.1545999e-002 -7.1545999e-002
  7.1645170e-002 -7.1645170e-002
  7.1751309e-002 -7.1751309e-002
  7.1879988e-002 -7.1879988e-002
  7.1986556e-002 -7.1986556e-002
  7.2046075e-002 -7.2046075e-002
  7.2115666e-002 -7.2115666e-002
  7.2200162e-002 -7.2200162e-002
  7.2280643e-002 -7.2280643e-002
  7.2356891e-002 -7.2356891e-002
  7.2422927e-002 -7.2422927e-002
  7.2481269e-002 -7.2481269e-002
  7.2554841e-002 -7.2554841e-002
  7.2636475e-002 -7.2636475e-002
  7.2728119e-002 -7.2728119e-002
  7.2823328e-002 -7.2823328e-002
  7.2910180e-002 -7.2910180e-002
  7.2995210e-002 -7.2995210e-002
  7.3014417e-002 -7.3014417e-002
  7.3026673e-002 -7.3026673e-002
  7.3030080e-002 -7.3030080e-002
  7.3033820e-002 -7.3033820e-002
  7.3043294e-002 -7.3043294e-002
  7.3064198e-002 -7.3064198e-002
  7.3147373e-002 -7.3147373e-002
  7.3206136e-002 -7.3206136e-002
  7.3187013e-002 -7.3187013e-002
  7.3200348e-002 -7.3200348e-002
  7.3281975e-002 -7.3281975e-002
  7.3347610e-002 -7.3347610e-002
  7.3389821e-002 -7.3389821e-002
  7.3469068e-002 -7.3469068e-002
  7.3586980e-002 -7.3586980e-002
  7.3628081e-002 -7.3628081e-002
  7.3611893e-002 -7.3611893e-002
  7.3630961e-002 -7.3630961e-002
  7.3668491e-002 -7.3668491e-002
  7.3683571e-002 -7.3683571e-002
  7.3690757e-002 -7.3690757e-002
  7.3770193e-002 -7.3770193e-002
  7.3865124e-002 -7.3865124e-002
  7.3892560e-002 -7.3892560e-002
  7.3913069e-002 -7.3913069e-002
  7.3911863e-002 -7.3911863e-002
  7.3915368e-002 -7.3915368e-002
  7.3980410e-002 -7.3980410e-002
  7.4043835e-002 -7.4043835e-002
  7.4098610e-002 -7.4098610e-002
  7.4147576e-002 -7.4147576e-002
  7.4178257e-002 -7.4178257e-002
  7.4186296e-002 -7.4186296e-002
  7.4173498e-002 -7.4173498e-002
  7.4175826e-002 -7.4175826e-002
  7.4200088e-002 -7.4200088e-002
  7.4217322e-002 -7.4217322e-002
  7.4227294e-002 -7.4227294e-002
  7.4230152e-002 -7.4230152e-002
  7.4227758e-002 -7.4227758e-002
  7.4240541e-002 -7.4240541e-002
  7.4254633e-002 -7.4254633e-002
  7.4283178e-002 -7.4283178e-002
  7.4316727e-002 -7.4316727e-002
  7.4351573e-002 -7.4351573e-002
  7.4386681e-002 -7.4386681e-002
  7.4397294e-002 -7.4397294e-002
  7.4405456e-002 -7.4405456e-002
  7.4360474e-002 -7.4360474e-002
  7.4316648e-002 -7.4316648e-002
  7.4290258e-002 -7.4290258e-002
  7.4267013e-002 -7.4267013e-002
  7.4260276e-002 -7.4260276e-002
  7.4243689e-002 -7.4243689e-002
  7.4196512e-002 -7.4196512e-002
  7.4165578e-002 -7.4165578e-002
  7.4168059e-002 -7.4168059e-002
  7.4186335e-002 -7.4186335e-002
  7.4227282e-002 -7.4227282e-002
  7.4265048e-002 -7.4265048e-002
  7.4299558e-002 -7.4299558e-002
  7.4320347e-002 -7.4320347e-002
  7.4331104e-002 -7.4331104e-002
  7.4359542e-002 -7.4359542e-002
  7.4397037e-002 -7.4397037e-002
  7.4387517e-002 -7.4387517e-002
  7.4361889e-002 -7.4361889e-002
  7.4404323e-002 -7.4404323e-002
  7.4460863e-002 -7.4460863e-002
  7.4436699e-002 -7.4436699e-002
  7.4404735e-002 -7.4404735e-002
  7.4361825e-002 -7.4361825e-002
  7.4311281e-002 -7.4311281e-002
  7.4319483e-002 -7.4319483e-002
  7.4320451e-002 -7.4320451e-002
  7.4284067e-002 -7.4284067e-002
  7.4237993e-002 -7.4237993e-002
  7.4162184e-002 -7.4162184e-002
  7.4085265e-002 -7.4085265e-002
  7.4006058e-002 -7.4006058e-002
  7.3933127e-002 -7.3933127e-002
  7.3851170e-002 -7.3851170e-002
  7.3800636e-002 -7.3800636e-002
  7.3781949e-002 -7.3781949e-002
  7.3736967e-002 -7.3736967e-002
  7.3672958e-002 -7.3672958e-002
  7.3617443e-002 -7.3617443e-002
  7.3566231e-002 -7.3566231e-002
  7.3503521e-002 -7.3503521e-002
  7.3441204e-002 -7.3441204e-002
  7.3450607e-002 -7.3450607e-002
  7.3474607e-002 -7.3474607e-002
  7.3405317e-002 -7.3405317e-002
  7.3327296e-002 -7.3327296e-002
  7.3357508e-002 -7.3357508e-002
  7.3380909e-002 -7.3380909e-002
  7.3312374e-002 -7.3312374e-002
  7.3244699e-002 -7.3244699e-002
  7.3181374e-002 -7.3181374e-002
  7.3134954e-002 -7.3134954e-002
  7.3139659e-002 -7.3139659e-002
  7.3117587e-002 -7.3117587e-002
  7.3041649e-002 -7.3041649e-002
  7.3016477e-002 -7.3016477e-002
  7.3075330e-002 -7.3075330e-002
  7.3093027e-002 -7.3093027e-002
  7.3069432e-002 -7.3069432e-002
  7.3025929e-002 -7.3025929e-002
  7.2968158e-002 -7.2968158e-002
  7.2873798e-002 -7.2873798e-002
  7.2761108e-002 -7.2761108e-002
  7.2627993e-002 -7.2627993e-002
  7.2475426e-002 -7.2475426e-002
  7.2333644e-002 -7.2333644e-002
  7.2194021e-002 -7.2194021e-002
  7.2067715e-002 -7.2067715e-002
  7.1942639e-002 -7.1942639e-002
  7.1877010e-002 -7.1877010e-002
  7.1806636e-002 -7.1806636e-002
  7.1684453e-002 -7.1684453e-002
  7.1558335e-002 -7.1558335e-002
  7.1475461e-002 -7.1475461e-002
  7.1399815e-002 -7.1399815e-002
  7.1345730e-002 -7.1345730e-002
  7.1310221e-002 -7.1310221e-002
  7.1311642e-002 -7.1311642e-002
  7.1304102e-002 -7.1304102e-002
  7.1284064e-002 -7.1284064e-002
  7.1245448e-002 -7.1245448e-002
  7.1188353e-002 -7.1188353e-002
  7.1154133e-002 -7.1154133e-002
  7.1136116e-002 -7.1136116e-002
  7.1065013e-002 -7.1065013e-002
  7.0967615e-002 -7.0967615e-002
  7.0937982e-002 -7.0937982e-002
  7.0930662e-002 -7.0930662e-002
  7.0771970e-002 -7.0771970e-002
  7.0586007e-002 -7.0586007e-002
  7.0474360e-002 -7.0474360e-002
  7.0369303e-002 -7.0369303e-002
  7.0286899e-002 -7.0286899e-002
  7.0193532e-002 -7.0193532e-002
  6.9984180e-002 -6.9984180e-002
  6.9783413e-002 -6.9783413e-002
  6.9624595e-002 -6.9624595e-002
  6.9480401e-002 -6.9480401e-002
  6.9379291e-002 -6.9379291e-002
  6.9288229e-002 -6.9288229e-002
  6.9216940e-002 -6.9216940e-002
  6.9146110e-002 -6.9146110e-002
  6.9075913e-002 -6.9075913e-002
  6.8990050e-002 -6.8990050e-002
  6.8876152e-002 -6.8876152e-002
  6.8750241e-002 -6.8750241e-002
  6.8615916e-002 -6.8615916e-002
  6.8450149e-002 -6.8450149e-002
  6.8268989e-002 -6.8268989e-002
  6.8158490e-002 -6.8158490e-002
  6.8070975e-002 -6.8070975e-002
  6.7928058e-002 -6.7928058e-002
  6.7761828e-002 -6.7761828e-002
  6.7632356e-002 -6.7632356e-002
  6.7506120e-002 -6.7506120e-002
  6.7401470e-002 -6.7401470e-002
  6.7286093e-002 -6.7286093e-002
  6.7060660e-002 -6.7060660e-002
  6.6831771e-002 -6.6831771e-002
  6.6586283e-002 -6.6586283e-002
  6.6357400e-002 -6.6357400e-002
  6.6213485e-002 -6.6213485e-002
  6.6061583e-002 -6.6061583e-002
  6.5894107e-002 -6.5894107e-002
  6.5691166e-002 -6.5691166e-002
  6.5439853e-002 -6.5439853e-002
  6.5276607e-002 -6.5276607e-002
  6.5199151e-002 -6.5199151e-002
  6.5080647e-002 -6.5080647e-002
  6.4942393e-002 -6.4942393e-002
  6.4760123e-002 -6.4760123e-002
  6.4556524e-002 -6.4556524e-002
  6.4428795e-002 -6.4428795e-002
  6.4325403e-002 -6.4325403e-002
  6.4013552e-002 -6.4013552e-002
  6.3662192e-002 -6.3662192e-002
  6.3531259e-002 -6.3531259e-002
  6.3417939e-002 -6.3417939e-002
  6.3113989e-002 -6.3113989e-002
  6.2820277e-002 -6.2820277e-002
  6.2628591e-002 -6.2628591e-002
  6.2430395e-002 -6.2430395e-002
  6.2201525e-002 -6.2201525e-002
  6.1962219e-002 -6.1962219e-002
  6.1692993e-002 -6.1692993e-002
  6.1446026e-002 -6.1446026e-002
  6.1241923e-002 -6.1241923e-002
  6.1029877e-002 -6.1029877e-002
  6.0807080e-002 -6.0807080e-002
  6.0587062e-002 -6.0587062e-002
  6.0369713e-002 -6.0369713e-002
  6.0218065e-002 -6.0218065e-002
  6.0073736e-002 -6.0073736e-002
  5.9926001e-002 -5.9926001e-002
  5.9776636e-002 -5.9776636e-002
  5.9673115e-002 -5.9673115e-002
  5.9584104e-002 -5.9584104e-002
  5.9386839e-002 -5.9386839e-002
  5.9169434e-002 -5.9169434e-002
  5.8881120e-002 -5.8881120e-002
  5.8588160e-002 -5.8588160e-002
  5.8388631e-002 -5.8388631e-002
  5.8182859e-002 -5.8182859e-002
  5.7916749e-002 -5.7916749e-002
  5.7656619e-002 -5.7656619e-002
  5.7424235e-002 -5.7424235e-002
  5.7211162e-002 -5.7211162e-002
  5.7052812e-002 -5.7052812e-002
  5.6879818e-002 -5.6879818e-002
  5.6727013e-002 -5.6727013e-002
  5.6572811e-002 -5.6572811e-002
  5.6416741e-002 -5.6416741e-002
  5.6219399e-002 -5.6219399e-002
  5.5982632e-002 -5.5982632e-002
  5.5760967e-002 -5.5760967e-002
  5.5549582e-002 -5.5549582e-002
  5.5363374e-002 -5.5363374e-002
  5.5195064e-002 -5.5195064e-002
  5.4966505e-002 -5.4966505e-002
  5.4719122e-002 -5.4719122e-002
  5.4591741e-002 -5.4591741e-002
  5.4486257e-002 -5.4486257e-002
  5.4372005e-002 -5.4372005e-002
  5.4256117e-002 -5.4256117e-002
  5.4053129e-002 -5.4053129e-002
  5.3851898e-002 -5.3851898e-002
  5.3667161e-002 -5.3667161e-002
  5.3509527e-002 -5.3509527e-002
  5.3475565e-002 -5.3475565e-002
  5.3445269e-002 -5.3445269e-002
  5.3425233e-002 -5.3425233e-002
  5.3326954e-002 -5.3326954e-002
  5.3056077e-002 -5.3056077e-002
  5.2796381e-002 -5.2796381e-002
  5.2551484e-002 -5.2551484e-002
  5.2307957e-002 -5.2307957e-002
  5.2065725e-002 -5.2065725e-002
  5.1944112e-002 -5.1944112e-002
  5.1903768e-002 -5.1903768e-002
  5.1805323e-002 -5.1805323e-002
  5.1667041e-002 -5.1667041e-002
  5.1498649e-002 -5.1498649e-002
  5.1320996e-002 -5.1320996e-002
  5.1238354e-002 -5.1238354e-002
  5.1172745e-002 -5.1172745e-002
  5.1197382e-002 -5.1197382e-002
  5.1227038e-002 -5.1227038e-002
  5.1189158e-002 -5.1189158e-002
  5.1126038e-002 -5.1126038e-002
  5.1062908e-002 -5.1062908e-002
  5.0999788e-002 -5.0999788e-002
  5.0936658e-002 -5.0936658e-002
  5.0873538e-002 -5.0873538e-002
  5.0810408e-002 -5.0810408e-002
  5.0747288e-002 -5.0747288e-002
  5.0684158e-002 -5.0684158e-002
  5.0621038e-002 -5.0621038e-002
  5.0557908e-002 -5.0557908e-002
  5.0494788e-002 -5.0494788e-002
  5.0431658e-002 -5.0431658e-002
  5.0368538e-002 -5.0368538e-002
  5.0305408e-002 -5.0305408e-002
  5.0242288e-002 -5.0242288e-002
  5.0179158e-002 -5.0179158e-002
  5.0103408e-002 -5.0103408e-002
  5.0027658e-002 -5.0027658e-002
  4.9951908e-002 -4.9951908e-002
  4.9876158e-002 -4.9876158e-002
  4.9800408e-002 -4.9800408e-002
  4.9724658e-002 -4.9724658e-002
  4.9648908e-002 -4.9648908e-002
  4.9573158e-002 -4.9573158e-002
  4.9484778e-002 -4.9484778e-002
  4.9396408e-002 -4.9396408e-002
  4.9308028e-002 -4.9308028e-002
  4.9219658e-002 -4.9219658e-002
  4.9131288e-002 -4.9131288e-002
  4.9042908e-002 -4.9042908e-002
  4.8954538e-002 -4.8954538e-002
  4.8936863e-002 -4.8936863e-002
  4.8919188e-002 -4.8919188e-002
  4.8901513e-002 -4.8901513e-002
  4.8883838e-002 -4.8883838e-002
  4.8866163e-002 -4.8866163e-002
  4.8848488e-002 -4.8848488e-002
  4.8830813e-002 -4.8830813e-002
  4.8813138e-002 -4.8813138e-002
  4.8795463e-002 -4.8795463e-002
  4.8777788e-002 -4.8777788e-002
  4.8760113e-002 -4.8760113e-002
  4.8742438e-002 -4.8742438e-002
  4.8724763e-002 -4.8724763e-002
  4.8707088e-002 -4.8707088e-002
  4.8689413e-002 -4.8689413e-002
  4.8671738e-002 -4.8671738e-002
  4.8654063e-002 -4.8654063e-002
  4.8636388e-002 -4.8636388e-002
  4.8618713e-002 -4.8618713e-002
  4.8601038e-002 -4.8601038e-002
  4.8583363e-002 -4.8583363e-002
  4.8565688e-002 -4.8565688e-002
  4.8548013e-002 -4.8548013e-002
  4.8530338e-002 -4.8530338e-002
  4.8512663e-002 -4.8512663e-002
  4.8494988e-002 -4.8494988e-002
  4.8477313e-002 -4.8477313e-002
  4.8459638e-002 -4.8459638e-002
  4.8441963e-002 -4.8441963e-002
  4.8424288e-002 -4.8424288e-002
  4.8406613e-002 -4.8406613e-002
  4.8388938e-002 -4.8388938e-002
  4.8371263e-002 -4.8371263e-002
  4.8353588e-002 -4.8353588e-002
  4.8335913e-002 -4.8335913e-002
  4.8318238e-002 -4.8318238e-002
  4.8300563e-002 -4.8300563e-002
  4.8282888e-002 -4.8282888e-002
  4.8265213e-002 -4.8265213e-002
  4.8247538e-002 -4.8247538e-002
  4.8229863e-002 -4.8229863e-002
  4.8212188e-002 -4.8212188e-002
  4.8194513e-002 -4.8194513e-002
  4.8176838e-002 -4.8176838e-002
  4.8159163e-002 -4.8159163e-002
  4.8141488e-002 -4.8141488e-002
  4.8123813e-002 -4.8123813e-002
  4.8106138e-002 -4.8106138e-002
  4.8088463e-002 -4.8088463e-002
  4.8070788e-002 -4.8070788e-002
  4.8053113e-002 -4.8053113e-002
  4.8035438e-002 -4.8035438e-002
  4.8017763e-002 -4.8017763e-002
  4.8000088e-002 -4.8000088e-002
  4.7982413e-002 -4.7982413e-002
  4.7964738e-002 -4.7964738e-002
  4.7947063e-002 -4.7947063e-002
  4.7929388e-002 -4.7929388e-002
  4.7911713e-002 -4.7911713e-002
  4.7894038e-002 -4.7894038e-002
  4.7876363e-002 -4.7876363e-002
  4.7858688e-002 -4.7858688e-002
  4.7841013e-002 -4.7841013e-002
  4.7823338e-002 -4.7823338e-002
  4.7805663e-002 -4.7805663e-002
  4.7787988e-002 -4.7787988e-002
  4.7770313e-002 -4.7770313e-002
  4.7752638e-002 -4.7752638e-002
  4.7734963e-002 -4.7734963e-002
  4.7717288e-002 -4.7717288e-002
  4.7699613e-002 -4.7699613e-002
  4.7681938e-002 -4.7681938e-002
  4.7664263e-002 -4.7664263e-002
