 -1.0000000e+000  1.0000000e+000
 -1.0000000e+000  1.0000000e+000
 -1.0000000e+000  1.0000000e+000
 -1.0000000e+000  1.0000000e+000
 -1.0000000e+000  1.0000000e+000
 -1.0000000e+000  1.0000000e+000
 -1.0000000e+000  1.0000000e+000
 -1.0000000e+000  1.0000000e+000
 -1.0000000e+000  1.0000000e+000
 -1.0000000e+000  1.0000000e+000
 -1.0000000e+000  1.0000000e+000
 -1.0000000e+000  1.0000000e+000
 -1.0000000e+000  1.0000000e+000
 -1.0000000e+000  1.0000000e+000
 -1.0000000e+000  1.0000000e+000
 -1.0000000e+000  1.0000000e+000
 -1.0000000e+000  1.0000000e+000
 -1.0000000e+000  1.0000000e+000
 -1.0000000e+000  1.0000000e+000
 -1.0000000e+000  1.0000000e+000
 -1.0000000e+000  1.0000000e+000
 -1.0000000e+000  1.0000000e+000
 -1.0000000e+000  1.0000000e+000
 -1.0000000e+000  1.0000000e+000
 -1.0000000e+000  1.0000000e+000
 -1.0000000e+000  1.0000000e+000
 -1.0000000e+000  1.0000000e+000
 -1.0000000e+000  1.0000000e+000
 -1.0000000e+000  1.0000000e+000
 -1.0000000e+000  1.0000000e+000
 -1.0000000e+000  1.0000000e+000
 -1.0000000e+000  1.0000000e+000
 -1.0000000e+000  1.0000000e+000
 -1.0000000e+000  1.0000000e+000
 -1.0000000e+000  1.0000000e+000
 -1.0000000e+000  1.0000000e+000
 -1.0000000e+000  1.0000000e+000
 -1.0000000e+000  1.0000000e+000
 -1.0000000e+000  1.0000000e+000
 -1.0000000e+000  1.0000000e+000
 -1.0000000e+000  1.0000000e+000
 -1.0000000e+000  1.0000000e+000
 -1.0000000e+000  1.0000000e+000
 -1.0000000e+000  1.0000000e+000
 -1.0000000e+000  1.0000000e+000
 -1.0000000e+000  1.0000000e+000
 -1.0000000e+000  1.0000000e+000
 -1.0000000e+000  1.0000000e+000
 -1.0000000e+000  1.0000000e+000
 -1.0000000e+000  1.0000000e+000
 -1.0000000e+000  1.0000000e+000
 -1.0000000e+000  1.0000000e+000
 -1.0000000e+000  1.0000000e+000
 -1.0000000e+000  1.0000000e+000
 -1.0000000e+000  1.0000000e+000
 -1.0000000e+000  1.0000000e+000
 -1.0000000e+000  1.0000000e+000
 -1.0000000e+000  1.0000000e+000
 -1.0000000e+000  1.0000000e+000
 -1.0000000e+000  1.0000000e+000
 -1.0000000e+000  1.0000000e+000
 -1.0000000e+000  1.0000000e+000
 -1.0000000e+000  1.0000000e+000
 -1.0000000e+000  1.0000000e+000
 -1.0000000e+000  1.0000000e+000
 -1.0000000e+000  1.0000000e+000
 -1.0000000e+000  1.0000000e+000
 -1.0000000e+000  1.0000000e+000
 -1.0000000e+000  1.0000000e+000
 -1.0000000e+000  1.0000000e+000
 -1.0000000e+000  1.0000000e+000
 -1.0000000e+000  1.0000000e+000
 -1.0000000e+000  1.0000000e+000
 -1.0000000e+000  1.0000000e+000
 -1.0000000e+000  1.0000000e+000
 -1.0000000e+000  1.0000000e+000
 -1.0000000e+000  1.0000000e+000
 -1.0000000e+000  1.0000000e+000
 -1.0000000e+000  1.0000000e+000
 -1.0000000e+000  1.0000000e+000
 -1.0000000e+000  1.0000000e+000
 -1.0000000e+000  1.0000000e+000
 -1.0000000e+000  1.0000000e+000
 -1.0000000e+000  1.0000000e+000
 -1.0000000e+000  1.0000000e+000
 -1.0000000e+000  1.0000000e+000
 -1.0000000e+000  1.0000000e+000
 -1.0000000e+000  1.0000000e+000
 -1.0000000e+000  1.0000000e+000
 -1.0000000e+000  1.0000000e+000
 -1.0000000e+000  1.0000000e+000
 -1.0000000e+000  1.0000000e+000
 -1.0000000e+000  1.0000000e+000
 -1.0000000e+000  1.0000000e+000
 -1.0000000e+000  1.0000000e+000
 -1.0000000e+000  1.0000000e+000
 -1.0000000e+000  1.0000000e+000
 -1.0000000e+000  1.0000000e+000
 -1.0000000e+000  1.0000000e+000
 -1.0000000e+000  1.0000000e+000
 -1.0000000e+000  1.0000000e+000
 -1.0000000e+000  1.0000000e+000
 -1.0000000e+000  1.0000000e+000
 -1.0000000e+000  1.0000000e+000
 -1.0000000e+000  1.0000000e+000
 -1.0000000e+000  1.0000000e+000
 -1.0000000e+000  1.0000000e+000
 -1.0000000e+000  1.0000000e+000
 -1.0000000e+000  1.0000000e+000
 -1.0000000e+000  1.0000000e+000
 -1.0000000e+000  1.0000000e+000
 -1.0000000e+000  1.0000000e+000
 -1.0000000e+000  1.0000000e+000
 -1.0000000e+000  1.0000000e+000
 -1.0000000e+000  1.0000000e+000
 -1.0000000e+000  1.0000000e+000
 -1.0000000e+000  1.0000000e+000
 -1.0000000e+000  1.0000000e+000
 -1.0000000e+000  1.0000000e+000
 -1.0000000e+000  1.0000000e+000
 -1.0000000e+000  1.0000000e+000
 -1.0000000e+000  1.0000000e+000
 -1.0000000e+000  1.0000000e+000
 -1.0000000e+000  1.0000000e+000
 -1.0000000e+000  1.0000000e+000
 -1.0000000e+000  1.0000000e+000
 -1.0000000e+000  1.0000000e+000
 -1.0000000e+000  1.0000000e+000
 -1.0000000e+000  1.0000000e+000
 -1.0000000e+000  1.0000000e+000
 -1.0000000e+000  1.0000000e+000
 -1.0000000e+000  1.0000000e+000
 -1.0000000e+000  1.0000000e+000
 -1.0000000e+000  1.0000000e+000
 -1.0000000e+000  1.0000000e+000
 -1.0000000e+000  1.0000000e+000
 -1.0000000e+000  1.0000000e+000
 -1.0000000e+000  1.0000000e+000
 -1.0000000e+000  1.0000000e+000
 -1.0000000e+000  1.0000000e+000
 -1.0000000e+000  1.0000000e+000
 -1.0000000e+000  1.0000000e+000
 -1.0000000e+000  1.0000000e+000
 -1.0000000e+000  1.0000000e+000
 -1.0000000e+000  1.0000000e+000
 -1.0000000e+000  1.0000000e+000
 -1.0000000e+000  1.0000000e+000
 -1.0000000e+000  1.0000000e+000
 -1.0000871e+000  1.0000871e+000
 -1.0002886e+000  1.0002886e+000
 -1.0003848e+000  1.0003848e+000
 -1.0003823e+000  1.0003823e+000
 -1.0006154e+000  1.0006154e+000
 -1.0010061e+000  1.0010061e+000
 -1.0011250e+000  1.0011250e+000
 -1.0011178e+000  1.0011178e+000
 -1.0014049e+000  1.0014049e+000
 -1.0017818e+000  1.0017818e+000
 -1.0021511e+000  1.0021511e+000
 -1.0025192e+000  1.0025192e+000
 -1.0032278e+000  1.0032278e+000
 -1.0039640e+000  1.0039640e+000
 -1.0048687e+000  1.0048687e+000
 -1.0057164e+000  1.0057164e+000
 -1.0060498e+000  1.0060498e+000
 -1.0063148e+000  1.0063148e+000
 -1.0062770e+000  1.0062770e+000
 -1.0063834e+000  1.0063834e+000
 -1.0068840e+000  1.0068840e+000
 -1.0073191e+000  1.0073191e+000
 -1.0076329e+000  1.0076329e+000
 -1.0078673e+000  1.0078673e+000
 -1.0079982e+000  1.0079982e+000
 -1.0082180e+000  1.0082180e+000
 -1.0085204e+000  1.0085204e+000
 -1.0091282e+000  1.0091282e+000
 -1.0099384e+000  1.0099384e+000
 -1.0103884e+000  1.0103884e+000
 -1.0106731e+000  1.0106731e+000
 -1.0112107e+000  1.0112107e+000
 -1.0118246e+000  1.0118246e+000
 -1.0121436e+000  1.0121436e+000
 -1.0124117e+000  1.0124117e+000
 -1.0120566e+000  1.0120566e+000
 -1.0116723e+000  1.0116723e+000
 -1.0119344e+000  1.0119344e+000
 -1.0121625e+000  1.0121625e+000
 -1.0120945e+000  1.0120945e+000
 -1.0120869e+000  1.0120869e+000
 -1.0123420e+000  1.0123420e+000
 -1.0124680e+000  1.0124680e+000
 -1.0122450e+000  1.0122450e+000
 -1.0121894e+000  1.0121894e+000
 -1.0124393e+000  1.0124393e+000
 -1.0126878e+000  1.0126878e+000
 -1.0129345e+000  1.0129345e+000
 -1.0134184e+000  1.0134184e+000
 -1.0141208e+000  1.0141208e+000
 -1.0143551e+000  1.0143551e+000
 -1.0142829e+000  1.0142829e+000
 -1.0148316e+000  1.0148316e+000
 -1.0156624e+000  1.0156624e+000
 -1.0154453e+000  1.0154453e+000
 -1.0149180e+000  1.0149180e+000
 -1.0157897e+000  1.0157897e+000
 -1.0168996e+000  1.0168996e+000
 -1.0166190e+000  1.0166190e+000
 -1.0162606e+000  1.0162606e+000
 -1.0164724e+000  1.0164724e+000
 -1.0166686e+000  1.0166686e+000
 -1.0167325e+000  1.0167325e+000
 -1.0167965e+000  1.0167965e+000
 -1.0168606e+000  1.0168606e+000
 -1.0170397e+000  1.0170397e+000
 -1.0175254e+000  1.0175254e+000
 -1.0178589e+000  1.0178589e+000
 -1.0179172e+000  1.0179172e+000
 -1.0179745e+000  1.0179745e+000
 -1.0180305e+000  1.0180305e+000
 -1.0184441e+000  1.0184441e+000
 -1.0191837e+000  1.0191837e+000
 -1.0196698e+000  1.0196698e+000
 -1.0199916e+000  1.0199916e+000
 -1.0204024e+000  1.0204024e+000
 -1.0208531e+000  1.0208531e+000
 -1.0211927e+000  1.0211927e+000
 -1.0214999e+000  1.0214999e+000
 -1.0220330e+000  1.0220330e+000
 -1.0226038e+000  1.0226038e+000
 -1.0224207e+000  1.0224207e+000
 -1.0222034e+000  1.0222034e+000
 -1.0224983e+000  1.0224983e+000
 -1.0227930e+000  1.0227930e+000
 -1.0230844e+000  1.0230844e+000
 -1.0233492e+000  1.0233492e+000
 -1.0235011e+000  1.0235011e+000
 -1.0237234e+000  1.0237234e+000
 -1.0241311e+000  1.0241311e+000
 -1.0245370e+000  1.0245370e+000
 -1.0249398e+000  1.0249398e+000
 -1.0253961e+000  1.0253961e+000
 -1.0259202e+000  1.0259202e+000
 -1.0262420e+000  1.0262420e+000
 -1.0263815e+000  1.0263815e+000
 -1.0262957e+000  1.0262957e+000
 -1.0260657e+000  1.0260657e+000
 -1.0263442e+000  1.0263442e+000
 -1.0268480e+000  1.0268480e+000
 -1.0272554e+000  1.0272554e+000
 -1.0276351e+000  1.0276351e+000
 -1.0277975e+000  1.0277975e+000
 -1.0279246e+000  1.0279246e+000
 -1.0281657e+000  1.0281657e+000
 -1.0284071e+000  1.0284071e+000
 -1.0284133e+000  1.0284133e+000
 -1.0284455e+000  1.0284455e+000
 -1.0286864e+000  1.0286864e+000
 -1.0289715e+000  1.0289715e+000
 -1.0294393e+000  1.0294393e+000
 -1.0297771e+000  1.0297771e+000
 -1.0297765e+000  1.0297765e+000
 -1.0298600e+000  1.0298600e+000
 -1.0300922e+000  1.0300922e+000
 -1.0301671e+000  1.0301671e+000
 -1.0300458e+000  1.0300458e+000
 -1.0301688e+000  1.0301688e+000
 -1.0305099e+000  1.0305099e+000
 -1.0309192e+000  1.0309192e+000
 -1.0313720e+000  1.0313720e+000
 -1.0315845e+000  1.0315845e+000
 -1.0316917e+000  1.0316917e+000
 -1.0320587e+000  1.0320587e+000
 -1.0324996e+000  1.0324996e+000
 -1.0325522e+000  1.0325522e+000
 -1.0325429e+000  1.0325429e+000
 -1.0326302e+000  1.0326302e+000
 -1.0327200e+000  1.0327200e+000
 -1.0327133e+000  1.0327133e+000
 -1.0327183e+000  1.0327183e+000
 -1.0328145e+000  1.0328145e+000
 -1.0329315e+000  1.0329315e+000
 -1.0331336e+000  1.0331336e+000
 -1.0332752e+000  1.0332752e+000
 -1.0332613e+000  1.0332613e+000
 -1.0333661e+000  1.0333661e+000
 -1.0336787e+000  1.0336787e+000
 -1.0342209e+000  1.0342209e+000
 -1.0350471e+000  1.0350471e+000
 -1.0352573e+000  1.0352573e+000
 -1.0349227e+000  1.0349227e+000
 -1.0348482e+000  1.0348482e+000
 -1.0349370e+000  1.0349370e+000
 -1.0350255e+000  1.0350255e+000
 -1.0351139e+000  1.0351139e+000
 -1.0351202e+000  1.0351202e+000
 -1.0351035e+000  1.0351035e+000
 -1.0351709e+000  1.0351709e+000
 -1.0352514e+000  1.0352514e+000
 -1.0355288e+000  1.0355288e+000
 -1.0358135e+000  1.0358135e+000
 -1.0359942e+000  1.0359942e+000
 -1.0361753e+000  1.0361753e+000
 -1.0363589e+000  1.0363589e+000
 -1.0365810e+000  1.0365810e+000
 -1.0369583e+000  1.0369583e+000
 -1.0371365e+000  1.0371365e+000
 -1.0368096e+000  1.0368096e+000
 -1.0367023e+000  1.0367023e+000
 -1.0369749e+000  1.0369749e+000
 -1.0372495e+000  1.0372495e+000
 -1.0375264e+000  1.0375264e+000
 -1.0376434e+000  1.0376434e+000
 -1.0376207e+000  1.0376207e+000
 -1.0377140e+000  1.0377140e+000
 -1.0378795e+000  1.0378795e+000
 -1.0379790e+000  1.0379790e+000
 -1.0380504e+000  1.0380504e+000
 -1.0381160e+000  1.0381160e+000
 -1.0381800e+000  1.0381800e+000
 -1.0382491e+000  1.0382491e+000
 -1.0383189e+000  1.0383189e+000
 -1.0382075e+000  1.0382075e+000
 -1.0381029e+000  1.0381029e+000
 -1.0384488e+000  1.0384488e+000
 -1.0387831e+000  1.0387831e+000
 -1.0390307e+000  1.0390307e+000
 -1.0393156e+000  1.0393156e+000
 -1.0397482e+000  1.0397482e+000
 -1.0400221e+000  1.0400221e+000
 -1.0398990e+000  1.0398990e+000
 -1.0398111e+000  1.0398111e+000
 -1.0397836e+000  1.0397836e+000
 -1.0397952e+000  1.0397952e+000
 -1.0398541e+000  1.0398541e+000
 -1.0400586e+000  1.0400586e+000
 -1.0403892e+000  1.0403892e+000
 -1.0404388e+000  1.0404388e+000
 -1.0403177e+000  1.0403177e+000
 -1.0405093e+000  1.0405093e+000
 -1.0408333e+000  1.0408333e+000
 -1.0412233e+000  1.0412233e+000
 -1.0416314e+000  1.0416314e+000
 -1.0416582e+000  1.0416582e+000
 -1.0416280e+000  1.0416280e+000
 -1.0417598e+000  1.0417598e+000
 -1.0419058e+000  1.0419058e+000
 -1.0422140e+000  1.0422140e+000
 -1.0425013e+000  1.0425013e+000
 -1.0426352e+000  1.0426352e+000
 -1.0428402e+000  1.0428402e+000
 -1.0433225e+000  1.0433225e+000
 -1.0436547e+000  1.0436547e+000
 -1.0436198e+000  1.0436198e+000
 -1.0436453e+000  1.0436453e+000
 -1.0437732e+000  1.0437732e+000
 -1.0439013e+000  1.0439013e+000
 -1.0440296e+000  1.0440296e+000
 -1.0441116e+000  1.0441116e+000
 -1.0441539e+000  1.0441539e+000
 -1.0444037e+000  1.0444037e+000
 -1.0447809e+000  1.0447809e+000
 -1.0451525e+000  1.0451525e+000
 -1.0455219e+000  1.0455219e+000
 -1.0456965e+000  1.0456965e+000
 -1.0458190e+000  1.0458190e+000
 -1.0459383e+000  1.0459383e+000
 -1.0460573e+000  1.0460573e+000
 -1.0462475e+000  1.0462475e+000
 -1.0464421e+000  1.0464421e+000
 -1.0465658e+000  1.0465658e+000
 -1.0466782e+000  1.0466782e+000
 -1.0467114e+000  1.0467114e+000
 -1.0468292e+000  1.0468292e+000
 -1.0472725e+000  1.0472725e+000
 -1.0476416e+000  1.0476416e+000
 -1.0478286e+000  1.0478286e+000
 -1.0480526e+000  1.0480526e+000
 -1.0483293e+000  1.0483293e+000
 -1.0484568e+000  1.0484568e+000
 -1.0484070e+000  1.0484070e+000
 -1.0486108e+000  1.0486108e+000
 -1.0490301e+000  1.0490301e+000
 -1.0492034e+000  1.0492034e+000
 -1.0492287e+000  1.0492287e+000
 -1.0494220e+000  1.0494220e+000
 -1.0496809e+000  1.0496809e+000
 -1.0498164e+000  1.0498164e+000
 -1.0499196e+000  1.0499196e+000
 -1.0503547e+000  1.0503547e+000
 -1.0508376e+000  1.0508376e+000
 -1.0510309e+000  1.0510309e+000
 -1.0512049e+000  1.0512049e+000
 -1.0512259e+000  1.0512259e+000
 -1.0513225e+000  1.0513225e+000
 -1.0519462e+000  1.0519462e+000
 -1.0524444e+000  1.0524444e+000
 -1.0524659e+000  1.0524659e+000
 -1.0525089e+000  1.0525089e+000
 -1.0526036e+000  1.0526036e+000
 -1.0528880e+000  1.0528880e+000
 -1.0535029e+000  1.0535029e+000
 -1.0538775e+000  1.0538775e+000
 -1.0539691e+000  1.0539691e+000
 -1.0542582e+000  1.0542582e+000
 -1.0547134e+000  1.0547134e+000
 -1.0550272e+000  1.0550272e+000
 -1.0552568e+000  1.0552568e+000
 -1.0554833e+000  1.0554833e+000
 -1.0557309e+000  1.0557309e+000
 -1.0559032e+000  1.0559032e+000
 -1.0560559e+000  1.0560559e+000
 -1.0565265e+000  1.0565265e+000
 -1.0570417e+000  1.0570417e+000
 -1.0574166e+000  1.0574166e+000
 -1.0577790e+000  1.0577790e+000
 -1.0579964e+000  1.0579964e+000
 -1.0582023e+000  1.0582023e+000
 -1.0582724e+000  1.0582724e+000
 -1.0583574e+000  1.0583574e+000
 -1.0584979e+000  1.0584979e+000
 -1.0587653e+000  1.0587653e+000
 -1.0593368e+000  1.0593368e+000
 -1.0596641e+000  1.0596641e+000
 -1.0595902e+000  1.0595902e+000
 -1.0597891e+000  1.0597891e+000
 -1.0602767e+000  1.0602767e+000
 -1.0608443e+000  1.0608443e+000
 -1.0614788e+000  1.0614788e+000
 -1.0618444e+000  1.0618444e+000
 -1.0620514e+000  1.0620514e+000
 -1.0622066e+000  1.0622066e+000
 -1.0623411e+000  1.0623411e+000
 -1.0626292e+000  1.0626292e+000
 -1.0629543e+000  1.0629543e+000
 -1.0629873e+000  1.0629873e+000
 -1.0629805e+000  1.0629805e+000
 -1.0634322e+000  1.0634322e+000
 -1.0638889e+000  1.0638889e+000
 -1.0640879e+000  1.0640879e+000
 -1.0642818e+000  1.0642818e+000
 -1.0644706e+000  1.0644706e+000
 -1.0647333e+000  1.0647333e+000
 -1.0652680e+000  1.0652680e+000
 -1.0657207e+000  1.0657207e+000
 -1.0659791e+000  1.0659791e+000
 -1.0661834e+000  1.0661834e+000
 -1.0662999e+000  1.0662999e+000
 -1.0665690e+000  1.0665690e+000
 -1.0670258e+000  1.0670258e+000
 -1.0673314e+000  1.0673314e+000
 -1.0675121e+000  1.0675121e+000
 -1.0678668e+000  1.0678668e+000
 -1.0683231e+000  1.0683231e+000
 -1.0685790e+000  1.0685790e+000
 -1.0687549e+000  1.0687549e+000
 -1.0690325e+000  1.0690325e+000
 -1.0693441e+000  1.0693441e+000
 -1.0697099e+000  1.0697099e+000
 -1.0700831e+000  1.0700831e+000
 -1.0702551e+000  1.0702551e+000
 -1.0704300e+000  1.0704300e+000
 -1.0707996e+000  1.0707996e+000
 -1.0711415e+000  1.0711415e+000
 -1.0713001e+000  1.0713001e+000
 -1.0715524e+000  1.0715524e+000
 -1.0720380e+000  1.0720380e+000
 -1.0724664e+000  1.0724664e+000
 -1.0727610e+000  1.0727610e+000
 -1.0730274e+000  1.0730274e+000
 -1.0732486e+000  1.0732486e+000
 -1.0735281e+000  1.0735281e+000
 -1.0738741e+000  1.0738741e+000
 -1.0743743e+000  1.0743743e+000
 -1.0749795e+000  1.0749795e+000
 -1.0754566e+000  1.0754566e+000
 -1.0758598e+000  1.0758598e+000
 -1.0762187e+000  1.0762187e+000
 -1.0765602e+000  1.0765602e+000
 -1.0769496e+000  1.0769496e+000
 -1.0773511e+000  1.0773511e+000
 -1.0778055e+000  1.0778055e+000
 -1.0782682e+000  1.0782682e+000
 -1.0784825e+000  1.0784825e+000
 -1.0787044e+000  1.0787044e+000
 -1.0792173e+000  1.0792173e+000
 -1.0796889e+000  1.0796889e+000
 -1.0798943e+000  1.0798943e+000
 -1.0801866e+000  1.0801866e+000
 -1.0808253e+000  1.0808253e+000
 -1.0813514e+000  1.0813514e+000
 -1.0816174e+000  1.0816174e+000
 -1.0819010e+000  1.0819010e+000
 -1.0822124e+000  1.0822124e+000
 -1.0824716e+000  1.0824716e+000
 -1.0826718e+000  1.0826718e+000
 -1.0829937e+000  1.0829937e+000
 -1.0834320e+000  1.0834320e+000
 -1.0839047e+000  1.0839047e+000
 -1.0843969e+000  1.0843969e+000
 -1.0847185e+000  1.0847185e+000
 -1.0849739e+000  1.0849739e+000
 -1.0855009e+000  1.0855009e+000
 -1.0860944e+000  1.0860944e+000
 -1.0864356e+000  1.0864356e+000
 -1.0867574e+000  1.0867574e+000
 -1.0870983e+000  1.0870983e+000
 -1.0874347e+000  1.0874347e+000
 -1.0876785e+000  1.0876785e+000
 -1.0879687e+000  1.0879687e+000
 -1.0885486e+000  1.0885486e+000
 -1.0890903e+000  1.0890903e+000
 -1.0894969e+000  1.0894969e+000
 -1.0898668e+000  1.0898668e+000
 -1.0901025e+000  1.0901025e+000
 -1.0904505e+000  1.0904505e+000
 -1.0909754e+000  1.0909754e+000
 -1.0914383e+000  1.0914383e+000
 -1.0918316e+000  1.0918316e+000
 -1.0920968e+000  1.0920968e+000
 -1.0922595e+000  1.0922595e+000
 -1.0925338e+000  1.0925338e+000
 -1.0928733e+000  1.0928733e+000
 -1.0933396e+000  1.0933396e+000
 -1.0938548e+000  1.0938548e+000
 -1.0940816e+000  1.0940816e+000
 -1.0942390e+000  1.0942390e+000
 -1.0947090e+000  1.0947090e+000
 -1.0952178e+000  1.0952178e+000
 -1.0957163e+000  1.0957163e+000
 -1.0962002e+000  1.0962002e+000
 -1.0964632e+000  1.0964632e+000
 -1.0967186e+000  1.0967186e+000
 -1.0969277e+000  1.0969277e+000
 -1.0971587e+000  1.0971587e+000
 -1.0974660e+000  1.0974660e+000
 -1.0978602e+000  1.0978602e+000
 -1.0984567e+000  1.0984567e+000
 -1.0989490e+000  1.0989490e+000
 -1.0992786e+000  1.0992786e+000
 -1.0997016e+000  1.0997016e+000
 -1.1002281e+000  1.1002281e+000
 -1.1006696e+000  1.1006696e+000
 -1.1010436e+000  1.1010436e+000
 -1.1015009e+000  1.1015009e+000
 -1.1020273e+000  1.1020273e+000
 -1.1024694e+000  1.1024694e+000
 -1.1028795e+000  1.1028795e+000
 -1.1033349e+000  1.1033349e+000
 -1.1038011e+000  1.1038011e+000
 -1.1042138e+000  1.1042138e+000
 -1.1046199e+000  1.1046199e+000
 -1.1051355e+000  1.1051355e+000
 -1.1056700e+000  1.1056700e+000
 -1.1062754e+000  1.1062754e+000
 -1.1068508e+000  1.1068508e+000
 -1.1072443e+000  1.1072443e+000
 -1.1076271e+000  1.1076271e+000
 -1.1079729e+000  1.1079729e+000
 -1.1083934e+000  1.1083934e+000
 -1.1089802e+000  1.1089802e+000
 -1.1095845e+000  1.1095845e+000
 -1.1101857e+000  1.1101857e+000
 -1.1107822e+000  1.1107822e+000
 -1.1113737e+000  1.1113737e+000
 -1.1118988e+000  1.1118988e+000
 -1.1123720e+000  1.1123720e+000
 -1.1129235e+000  1.1129235e+000
 -1.1135185e+000  1.1135185e+000
 -1.1139947e+000  1.1139947e+000
 -1.1144164e+000  1.1144164e+000
 -1.1150088e+000  1.1150088e+000
 -1.1156410e+000  1.1156410e+000
 -1.1163183e+000  1.1163183e+000
 -1.1170011e+000  1.1170011e+000
 -1.1173180e+000  1.1173180e+000
 -1.1176450e+000  1.1176450e+000
 -1.1182657e+000  1.1182657e+000
 -1.1189010e+000  1.1189010e+000
 -1.1196218e+000  1.1196218e+000
 -1.1203280e+000  1.1203280e+000
 -1.1209845e+000  1.1209845e+000
 -1.1215287e+000  1.1215287e+000
 -1.1218256e+000  1.1218256e+000
 -1.1222799e+000  1.1222799e+000
 -1.1229984e+000  1.1229984e+000
 -1.1237102e+000  1.1237102e+000
 -1.1244143e+000  1.1244143e+000
 -1.1249117e+000  1.1249117e+000
 -1.1252482e+000  1.1252482e+000
 -1.1256587e+000  1.1256587e+000
 -1.1261095e+000  1.1261095e+000
 -1.1267284e+000  1.1267284e+000
 -1.1274141e+000  1.1274141e+000
 -1.1280338e+000  1.1280338e+000
 -1.1286383e+000  1.1286383e+000
 -1.1292697e+000  1.1292697e+000
 -1.1299041e+000  1.1299041e+000
 -1.1304679e+000  1.1304679e+000
 -1.1310245e+000  1.1310245e+000
 -1.1314994e+000  1.1314994e+000
 -1.1320332e+000  1.1320332e+000
 -1.1326515e+000  1.1326515e+000
 -1.1333042e+000  1.1333042e+000
 -1.1340713e+000  1.1340713e+000
 -1.1347567e+000  1.1347567e+000
 -1.1352642e+000  1.1352642e+000
 -1.1357970e+000  1.1357970e+000
 -1.1363684e+000  1.1363684e+000
 -1.1370268e+000  1.1370268e+000
 -1.1377840e+000  1.1377840e+000
 -1.1383929e+000  1.1383929e+000
 -1.1388876e+000  1.1388876e+000
 -1.1394847e+000  1.1394847e+000
 -1.1401372e+000  1.1401372e+000
 -1.1408862e+000  1.1408862e+000
 -1.1416706e+000  1.1416706e+000
 -1.1422669e+000  1.1422669e+000
 -1.1428120e+000  1.1428120e+000
 -1.1435630e+000  1.1435630e+000
 -1.1443371e+000  1.1443371e+000
 -1.1448718e+000  1.1448718e+000
 -1.1454291e+000  1.1454291e+000
 -1.1463629e+000  1.1463629e+000
 -1.1472470e+000  1.1472470e+000
 -1.1478556e+000  1.1478556e+000
 -1.1485103e+000  1.1485103e+000
 -1.1493159e+000  1.1493159e+000
 -1.1500778e+000  1.1500778e+000
 -1.1507449e+000  1.1507449e+000
 -1.1514464e+000  1.1514464e+000
 -1.1521991e+000  1.1521991e+000
 -1.1529573e+000  1.1529573e+000
 -1.1537509e+000  1.1537509e+000
 -1.1544871e+000  1.1544871e+000
 -1.1551795e+000  1.1551795e+000
 -1.1558706e+000  1.1558706e+000
 -1.1565610e+000  1.1565610e+000
 -1.1571782e+000  1.1571782e+000
 -1.1577689e+000  1.1577689e+000
 -1.1586202e+000  1.1586202e+000
 -1.1595489e+000  1.1595489e+000
 -1.1601608e+000  1.1601608e+000
 -1.1607383e+000  1.1607383e+000
 -1.1616861e+000  1.1616861e+000
 -1.1626232e+000  1.1626232e+000
 -1.1633353e+000  1.1633353e+000
 -1.1640600e+000  1.1640600e+000
 -1.1648529e+000  1.1648529e+000
 -1.1656557e+000  1.1656557e+000
 -1.1663980e+000  1.1663980e+000
 -1.1670976e+000  1.1670976e+000
 -1.1677056e+000  1.1677056e+000
 -1.1684806e+000  1.1684806e+000
 -1.1695032e+000  1.1695032e+000
 -1.1703324e+000  1.1703324e+000
 -1.1709572e+000  1.1709572e+000
 -1.1717293e+000  1.1717293e+000
 -1.1726014e+000  1.1726014e+000
 -1.1733877e+000  1.1733877e+000
 -1.1741286e+000  1.1741286e+000
 -1.1749546e+000  1.1749546e+000
 -1.1758111e+000  1.1758111e+000
 -1.1764714e+000  1.1764714e+000
 -1.1770889e+000  1.1770889e+000
 -1.1777210e+000  1.1777210e+000
 -1.1783504e+000  1.1783504e+000
 -1.1793241e+000  1.1793241e+000
 -1.1802926e+000  1.1802926e+000
 -1.1811327e+000  1.1811327e+000
 -1.1819643e+000  1.1819643e+000
 -1.1827487e+000  1.1827487e+000
 -1.1834969e+000  1.1834969e+000
 -1.1841409e+000  1.1841409e+000
 -1.1849150e+000  1.1849150e+000
 -1.1859636e+000  1.1859636e+000
 -1.1868646e+000  1.1868646e+000
 -1.1875488e+000  1.1875488e+000
 -1.1882985e+000  1.1882985e+000
 -1.1891168e+000  1.1891168e+000
 -1.1899528e+000  1.1899528e+000
 -1.1908457e+000  1.1908457e+000
 -1.1916810e+000  1.1916810e+000
 -1.1924862e+000  1.1924862e+000
 -1.1933472e+000  1.1933472e+000
 -1.1942279e+000  1.1942279e+000
 -1.1950019e+000  1.1950019e+000
 -1.1957531e+000  1.1957531e+000
 -1.1965704e+000  1.1965704e+000
 -1.1974095e+000  1.1974095e+000
 -1.1983690e+000  1.1983690e+000
 -1.1993406e+000  1.1993406e+000
 -1.2004445e+000  1.2004445e+000
 -1.2015057e+000  1.2015057e+000
 -1.2023355e+000  1.2023355e+000
 -1.2031923e+000  1.2031923e+000
 -1.2041332e+000  1.2041332e+000
 -1.2051342e+000  1.2051342e+000
 -1.2061972e+000  1.2061972e+000
 -1.2071531e+000  1.2071531e+000
 -1.2079532e+000  1.2079532e+000
 -1.2087496e+000  1.2087496e+000
 -1.2095420e+000  1.2095420e+000
 -1.2104261e+000  1.2104261e+000
 -1.2113782e+000  1.2113782e+000
 -1.2123423e+000  1.2123423e+000
 -1.2133001e+000  1.2133001e+000
 -1.2142781e+000  1.2142781e+000
 -1.2152633e+000  1.2152633e+000
 -1.2161085e+000  1.2161085e+000
 -1.2169241e+000  1.2169241e+000
 -1.2179682e+000  1.2179682e+000
 -1.2190353e+000  1.2190353e+000
 -1.2201059e+000  1.2201059e+000
 -1.2211598e+000  1.2211598e+000
 -1.2220124e+000  1.2220124e+000
 -1.2228829e+000  1.2228829e+000
 -1.2238487e+000  1.2238487e+000
 -1.2248543e+000  1.2248543e+000
 -1.2259836e+000  1.2259836e+000
 -1.2270312e+000  1.2270312e+000
 -1.2279461e+000  1.2279461e+000
 -1.2289508e+000  1.2289508e+000
 -1.2300844e+000  1.2300844e+000
 -1.2311973e+000  1.2311973e+000
 -1.2322892e+000  1.2322892e+000
 -1.2334386e+000  1.2334386e+000
 -1.2346305e+000  1.2346305e+000
 -1.2357655e+000  1.2357655e+000
 -1.2369107e+000  1.2369107e+000
 -1.2379850e+000  1.2379850e+000
 -1.2390349e+000  1.2390349e+000
 -1.2401301e+000  1.2401301e+000
 -1.2412349e+000  1.2412349e+000
 -1.2423908e+000  1.2423908e+000
 -1.2435521e+000  1.2435521e+000
 -1.2446320e+000  1.2446320e+000
 -1.2457380e+000  1.2457380e+000
 -1.2467999e+000  1.2467999e+000
 -1.2478552e+000  1.2478552e+000
 -1.2488769e+000  1.2488769e+000
 -1.2499487e+000  1.2499487e+000
 -1.2511746e+000  1.2511746e+000
 -1.2524046e+000  1.2524046e+000
 -1.2536423e+000  1.2536423e+000
 -1.2549628e+000  1.2549628e+000
 -1.2563514e+000  1.2563514e+000
 -1.2576403e+000  1.2576403e+000
 -1.2588281e+000  1.2588281e+000
 -1.2601701e+000  1.2601701e+000
 -1.2616245e+000  1.2616245e+000
 -1.2627920e+000  1.2627920e+000
 -1.2638139e+000  1.2638139e+000
 -1.2648613e+000  1.2648613e+000
 -1.2659024e+000  1.2659024e+000
 -1.2673242e+000  1.2673242e+000
 -1.2688244e+000  1.2688244e+000
 -1.2700108e+000  1.2700108e+000
 -1.2711680e+000  1.2711680e+000
 -1.2724622e+000  1.2724622e+000
 -1.2737617e+000  1.2737617e+000
 -1.2751541e+000  1.2751541e+000
 -1.2765510e+000  1.2765510e+000
 -1.2779673e+000  1.2779673e+000
 -1.2793329e+000  1.2793329e+000
 -1.2805432e+000  1.2805432e+000
 -1.2817880e+000  1.2817880e+000
 -1.2831024e+000  1.2831024e+000
 -1.2843225e+000  1.2843225e+000
 -1.2854628e+000  1.2854628e+000
 -1.2868420e+000  1.2868420e+000
 -1.2884619e+000  1.2884619e+000
 -1.2898801e+000  1.2898801e+000
 -1.2911533e+000  1.2911533e+000
 -1.2926006e+000  1.2926006e+000
 -1.2941359e+000  1.2941359e+000
 -1.2955545e+000  1.2955545e+000
 -1.2969921e+000  1.2969921e+000
 -1.2985018e+000  1.2985018e+000
 -1.3000263e+000  1.3000263e+000
 -1.3013234e+000  1.3013234e+000
 -1.3026000e+000  1.3026000e+000
 -1.3039244e+000  1.3039244e+000
 -1.3052689e+000  1.3052689e+000
 -1.3068312e+000  1.3068312e+000
 -1.3084251e+000  1.3084251e+000
 -1.3099245e+000  1.3099245e+000
 -1.3114591e+000  1.3114591e+000
 -1.3130982e+000  1.3130982e+000
 -1.3146620e+000  1.3146620e+000
 -1.3160747e+000  1.3160747e+000
 -1.3174964e+000  1.3174964e+000
 -1.3189307e+000  1.3189307e+000
 -1.3204605e+000  1.3204605e+000
 -1.3220222e+000  1.3220222e+000
 -1.3235107e+000  1.3235107e+000
 -1.3249474e+000  1.3249474e+000
 -1.3267225e+000  1.3267225e+000
 -1.3286663e+000  1.3286663e+000
 -1.3304506e+000  1.3304506e+000
 -1.3321826e+000  1.3321826e+000
 -1.3338545e+000  1.3338545e+000
 -1.3355052e+000  1.3355052e+000
 -1.3370233e+000  1.3370233e+000
 -1.3385304e+000  1.3385304e+000
 -1.3401855e+000  1.3401855e+000
 -1.3418531e+000  1.3418531e+000
 -1.3436463e+000  1.3436463e+000
 -1.3454160e+000  1.3454160e+000
 -1.3471524e+000  1.3471524e+000
 -1.3487973e+000  1.3487973e+000
 -1.3501708e+000  1.3501708e+000
 -1.3515891e+000  1.3515891e+000
 -1.3530959e+000  1.3530959e+000
 -1.3547642e+000  1.3547642e+000
 -1.3566559e+000  1.3566559e+000
 -1.3583421e+000  1.3583421e+000
 -1.3598923e+000  1.3598923e+000
 -1.3615995e+000  1.3615995e+000
 -1.3634177e+000  1.3634177e+000
 -1.3650781e+000  1.3650781e+000
 -1.3666612e+000  1.3666612e+000
 -1.3682970e+000  1.3682970e+000
 -1.3699501e+000  1.3699501e+000
 -1.3718194e+000  1.3718194e+000
 -1.3738140e+000  1.3738140e+000
 -1.3756256e+000  1.3756256e+000
 -1.3774229e+000  1.3774229e+000
 -1.3793689e+000  1.3793689e+000
 -1.3813328e+000  1.3813328e+000
 -1.3834738e+000  1.3834738e+000
 -1.3855868e+000  1.3855868e+000
 -1.3875595e+000  1.3875595e+000
 -1.3895351e+000  1.3895351e+000
 -1.3912579e+000  1.3912579e+000
 -1.3931264e+000  1.3931264e+000
 -1.3952789e+000  1.3952789e+000
 -1.3972660e+000  1.3972660e+000
 -1.3990261e+000  1.3990261e+000
 -1.4009665e+000  1.4009665e+000
 -1.4030833e+000  1.4030833e+000
 -1.4050370e+000  1.4050370e+000
 -1.4068109e+000  1.4068109e+000
 -1.4090480e+000  1.4090480e+000
 -1.4115115e+000  1.4115115e+000
 -1.4135048e+000  1.4135048e+000
 -1.4153469e+000  1.4153469e+000
 -1.4176450e+000  1.4176450e+000
 -1.4200310e+000  1.4200310e+000
 -1.4220149e+000  1.4220149e+000
 -1.4239610e+000  1.4239610e+000
 -1.4263462e+000  1.4263462e+000
 -1.4287282e+000  1.4287282e+000
 -1.4310652e+000  1.4310652e+000
 -1.4334487e+000  1.4334487e+000
 -1.4360475e+000  1.4360475e+000
 -1.4383791e+000  1.4383791e+000
 -1.4400627e+000  1.4400627e+000
 -1.4419452e+000  1.4419452e+000
 -1.4442130e+000  1.4442130e+000
 -1.4462136e+000  1.4462136e+000
 -1.4478518e+000  1.4478518e+000
 -1.4498224e+000  1.4498224e+000
 -1.4521148e+000  1.4521148e+000
 -1.4544412e+000  1.4544412e+000
 -1.4569237e+000  1.4569237e+000
 -1.4593968e+000  1.4593968e+000
 -1.4618661e+000  1.4618661e+000
 -1.4646998e+000  1.4646998e+000
 -1.4676510e+000  1.4676510e+000
 -1.4699952e+000  1.4699952e+000
 -1.4722262e+000  1.4722262e+000
 -1.4745546e+000  1.4745546e+000
 -1.4770296e+000  1.4770296e+000
 -1.4794458e+000  1.4794458e+000
 -1.4818544e+000  1.4818544e+000
 -1.4841867e+000  1.4841867e+000
 -1.4865265e+000  1.4865265e+000
 -1.4889012e+000  1.4889012e+000
 -1.4914193e+000  1.4914193e+000
 -1.4943447e+000  1.4943447e+000
 -1.4974049e+000  1.4974049e+000
 -1.5003928e+000  1.5003928e+000
 -1.5035312e+000  1.5035312e+000
 -1.5068711e+000  1.5068711e+000
 -1.5101612e+000  1.5101612e+000
 -1.5134033e+000  1.5134033e+000
 -1.5167061e+000  1.5167061e+000
 -1.5200515e+000  1.5200515e+000
 -1.5239736e+000  1.5239736e+000
 -1.5280836e+000  1.5280836e+000
 -1.5316645e+000  1.5316645e+000
 -1.5350813e+000  1.5350813e+000
 -1.5377095e+000  1.5377095e+000
 -1.5401926e+000  1.5401926e+000
 -1.5432527e+000  1.5432527e+000
 -1.5463670e+000  1.5463670e+000
 -1.5503806e+000  1.5503806e+000
 -1.5542959e+000  1.5542959e+000
 -1.5572425e+000  1.5572425e+000
 -1.5602222e+000  1.5602222e+000
 -1.5633526e+000  1.5633526e+000
 -1.5662989e+000  1.5662989e+000
 -1.5687268e+000  1.5687268e+000
 -1.5710797e+000  1.5710797e+000
 -1.5735353e+000  1.5735353e+000
 -1.5759270e+000  1.5759270e+000
 -1.5782344e+000  1.5782344e+000
 -1.5805167e+000  1.5805167e+000
 -1.5827749e+000  1.5827749e+000
 -1.5846335e+000  1.5846335e+000
 -1.5862204e+000  1.5862204e+000
 -1.5878534e+000  1.5878534e+000
 -1.5897857e+000  1.5897857e+000
 -1.5911593e+000  1.5911593e+000
 -1.5923562e+000  1.5923562e+000
 -1.5936474e+000  1.5936474e+000
 -1.5949506e+000  1.5949506e+000
 -1.5966435e+000  1.5966435e+000
 -1.5983572e+000  1.5983572e+000
 -1.5998824e+000  1.5998824e+000
 -1.6016366e+000  1.6016366e+000
 -1.6024773e+000  1.6024773e+000
 -1.6032754e+000  1.6032754e+000
 -1.6039101e+000  1.6039101e+000
 -1.6045128e+000  1.6045128e+000
 -1.6050416e+000  1.6050416e+000
 -1.6057373e+000  1.6057373e+000
 -1.6067519e+000  1.6067519e+000
 -1.6079720e+000  1.6079720e+000
 -1.6089618e+000  1.6089618e+000
 -1.6096050e+000  1.6096050e+000
 -1.6099225e+000  1.6099225e+000
 -1.6100746e+000  1.6100746e+000
 -1.6101129e+000  1.6101129e+000
 -1.6103150e+000  1.6103150e+000
 -1.6105876e+000  1.6105876e+000
 -1.6109341e+000  1.6109341e+000
 -1.6111585e+000  1.6111585e+000
 -1.6114235e+000  1.6114235e+000
 -1.6116858e+000  1.6116858e+000
 -1.6119923e+000  1.6119923e+000
 -1.6122941e+000  1.6122941e+000
 -1.6127575e+000  1.6127575e+000
 -1.6131737e+000  1.6131737e+000
 -1.6137423e+000  1.6137423e+000
 -1.6141633e+000  1.6141633e+000
 -1.6139806e+000  1.6139806e+000
 -1.6139026e+000  1.6139026e+000
 -1.6141343e+000  1.6141343e+000
 -1.6142536e+000  1.6142536e+000
 -1.6141772e+000  1.6141772e+000
 -1.6138134e+000  1.6138134e+000
 -1.6136184e+000  1.6136184e+000
 -1.6132948e+000  1.6132948e+000
 -1.6128508e+000  1.6128508e+000
 -1.6124427e+000  1.6124427e+000
 -1.6120529e+000  1.6120529e+000
 -1.6115811e+000  1.6115811e+000
 -1.5936003e+000  1.5936003e+000
 -1.5986703e+000  1.5986703e+000
 -1.6042747e+000  1.6042747e+000
 -1.6098791e+000  1.6098791e+000
 -1.6154835e+000  1.6154835e+000
 -1.6210879e+000  1.6210879e+000
 -1.6266923e+000  1.6266923e+000
 -1.6322967e+000  1.6322967e+000
 -1.6379011e+000  1.6379011e+000
 -1.6435055e+000  1.6435055e+000
 -1.6494986e+000  1.6494986e+000
 -1.6554918e+000  1.6554918e+000
 -1.6614849e+000  1.6614849e+000
 -1.6674780e+000  1.6674780e+000
 -1.6734712e+000  1.6734712e+000
 -1.6794643e+000  1.6794643e+000
 -1.6854574e+000  1.6854574e+000
 -1.6914505e+000  1.6914505e+000
 -1.6980330e+000  1.6980330e+000
 -1.7046154e+000  1.7046154e+000
 -1.7111978e+000  1.7111978e+000
 -1.7177802e+000  1.7177802e+000
 -1.7243626e+000  1.7243626e+000
 -1.7309451e+000  1.7309451e+000
 -1.7375275e+000  1.7375275e+000
 -1.7441099e+000  1.7441099e+000
 -1.7508036e+000  1.7508036e+000
 -1.7574973e+000  1.7574973e+000
 -1.7641909e+000  1.7641909e+000
 -1.7708846e+000  1.7708846e+000
 -1.7775783e+000  1.7775783e+000
 -1.7842720e+000  1.7842720e+000
 -1.7909657e+000  1.7909657e+000
 -1.7976593e+000  1.7976593e+000
 -1.8046401e+000  1.8046401e+000
 -1.8116209e+000  1.8116209e+000
 -1.8186016e+000  1.8186016e+000
 -1.8255824e+000  1.8255824e+000
 -1.8325632e+000  1.8325632e+000
 -1.8395440e+000  1.8395440e+000
 -1.8465247e+000  1.8465247e+000
 -1.8535055e+000  1.8535055e+000
 -1.8608159e+000  1.8608159e+000
 -1.8681264e+000  1.8681264e+000
 -1.8754368e+000  1.8754368e+000
 -1.8827473e+000  1.8827473e+000
 -1.8900577e+000  1.8900577e+000
 -1.8973681e+000  1.8973681e+000
 -1.9046786e+000  1.9046786e+000
 -1.9119890e+000  1.9119890e+000
 -1.9190604e+000  1.9190604e+000
 -1.9261319e+000  1.9261319e+000
 -1.9332033e+000  1.9332033e+000
 -1.9402747e+000  1.9402747e+000
 -1.9473462e+000  1.9473462e+000
 -1.9544176e+000  1.9544176e+000
 -1.9614890e+000  1.9614890e+000
 -1.9685604e+000  1.9685604e+000
 -1.9838558e+000  1.9838558e+000
 -1.9991511e+000  1.9991511e+000
 -2.0000000e+000  2.0000000e+000
 -2.0000000e+000  2.0000000e+000
 -2.0000000e+000  2.0000000e+000
 -2.0000000e+000  2.0000000e+000
 -2.0000000e+000  2.0000000e+000
 -2.0000000e+000  2.0000000e+000
